249
222
147
147
89
387
385
250
109
48
325
396
278
384
178
225
325
203
197
95
176
101
54
145
398
218
185
119
242
184
387
264
318
298
85
392
214
210
35
145
199
267
96
93
255
269
355
380
346
101
214
259
280
175
204
355
348
348
2
151
150
125
32
226
33
39
277
266
134
37
356
252
358
300
279
294
111
340
305
327
341
200
161
398
60
275
26
40
347
241
334
82
34
23
156
116
248
366
348
132
139
391
251
340
291
73
120
226
241
56
239
204
192
333
154
198
224
9
309
252
227
82
300
76
387
234
307
271
338
4
49
148
272
183
274
360
190
125
353
207
200
145
301
224
166
140
169
45
122
275
323
289
137
242
132
53
121
26
44
338
251
202
161
37
306
52
6
106
318
48
397
57
372
324
25
138
289
48
298
248
298
345
10
226
388
118
379
324
29
27
174
243
347
313
264
374
113
100
50
238
5
356
256
352
350
210
363
84
39
134
101
338
131
280
317
46
298
112
337
111
72
133
236
53
232
314
294
258
3
174
42
320
289
154
186
54
164
71
357
238
253
151
269
242
152
251
17
208
80
286
190
128
115
153
181
195
52
371
274
124
120
387
279
343
242
199
29
122
385
30
64
181
150
285
305
236
350
32
389
164
259
213
350
153
131
175
24
285
286
392
57
72
301
253
392
50
296
43
335
385
105
34
256
59
257
79
52
339
183
94
172
9
388
267
209
319
336
236
333
216
55
51
2
132
366
325
106
396
291
245
11
55
233
313
296
75
110
285
184
172
266
310
38
149
271
299
227
146
222
122
168
172
22
105
138
44
83
251
169
327
130
140
235
150
344
373
137
171
343
77
383
218
60
201
282
313
287
387
42
98
141
227
343
163
264
298
300
136
260
163
362
139
23
200
163
290
73
219
184
354
181
353
389
364
139
368
51
7
79
384
310
86
164
169
37
288
248
83
2
240
285
194
85
291
269
184
35
159
44
125
217
45
192
265
254
185
388
0
213
376
283
73
222
59
265
284
152
238
10
63
237
259
240
60
256
84
22
24
394
330
134
340
194
122
61
102
281
293
320
16
107
195
239
313
233
334
256
193
95
96
163
107
337
320
35
11
137
30
152
155
101
381
388
176
369
121
307
255
19
222
368
358
143
243
355
225
146
131
272
15
157
351
319
124
162
29
1
198
23
181
336
93
256
321
298
141
171
342
100
371
296
383
155
319
201
137
120
294
43
221
205
105
222
194
184
199
117
115
185
100
185
145
44
310
301
94
142
374
227
298
374
93
211
8
45
270
389
4
197
322
323
13
67
298
207
200
272
103
196
273
2
303
96
185
361
220
255
293
13
312
234
49
177
82
87
207
207
397
238
384
154
295
185
164
379
294
139
256
233
52
299
263
365
70
47
80
371
137
65
238
80
332
321
135
100
355
238
217
302
173
102
250
47
343
99
313
32
33
272
310
257
175
66
282
374
201
204
72
310
358
233
112
148
343
234
262
50
394
304
216
101
359
54
23
239
363
336
104
79
333
35
325
349
198
378
293
391
111
66
256
270
112
180
83
8
327
160
134
110
229
184
150
196
274
298
218
257
307
284
74
393
119
318
31
301
127
307
185
13
183
144
173
179
247
132
128
0
35
88
101
16
165
250
168
277
223
320
277
360
250
8
40
104
219
118
233
8
188
380
319
227
62
255
320
51
259
174
42
267
259
142
343
321
84
232
342
53
234
226
60
195
5
379
8
364
111
110
235
152
294
210
132
33
180
332
18
325
78
227
131
255
34
85
373
243
111
127
144
28
330
346
320
70
91
117
79
72
265
167
53
172
218
22
250
43
162
225
271
73
266
94
360
111
45
116
96
52
305
392
89
338
13
168
226
261
204
58
328
381
327
334
326
138
285
210
175
80
338
268
70
299
308
181
127
115
290
293
177
233
340
394
104
233
186
374
160
244
49
365
137
240
150
352
322
232
390
215
314
128
261
32
2
152
123
130
63
152
213
33
31
191
50
290
371
376
314
17
269
140
378
66
52
331
118
224
292
175
24
140
341
235
3
169
148
71
190
381
105
20
193
18
383
281
298
396
91
360
188
47
159
196
112
117
254
189
234
22
330
246
78
75
2
48
161
243
47
20
382
149
319
396
64
284
397
214
224
110
274
314
182
66
353
168
314
195
80
287
279
6
16
288
343
71
90
316
295
103
163
357
195
287
14
376
241
167
66
366
36
154
146
252
312
394
84
208
125
215
118
273
379
122
228
107
79
16
317
287
28
209
334
51
203
328
378
299
171
31
202
373
10
145
156
83
317
242
132
253
71
398
76
157
83
69
214
7
386
127
384
112
251
140
60
211
159
79
353
139
10
35
58
249
111
163
208
191
1
361
146
229
217
218
362
50
252
278
246
125
232
267
121
283
87
78
326
369
235
360
40
92
54
225
97
364
212
126
166
329
289
275
125
305
48
68
147
171
64
175
350
225
202
264
169
139
145
193
22
290
215
361
92
325
67
94
57
68
84
129
205
84
91
157
130
337
378
268
384
200
388
293
236
42
385
345
357
264
312
312
161
54
206
152
322
219
278
6
213
290
342
340
158
265
94
221
101
290
333
361
206
27
198
143
280
352
120
316
85
20
92
306
101
173
378
184
381
305
245
222
53
245
281
201
68
85
31
361
58
131
19
362
277
79
173
221
295
384
76
256
68
385
110
329
98
300
391
35
264
240
321
57
228
328
170
5
347
143
345
178
372
316
220
230
53
103
338
374
26
42
361
251
147
89
235
390
38
353
316
288
186
246
361
229
218
331
237
278
348
75
282
208
198
264
366
228
127
320
364
354
318
216
20
100
52
363
129
110
41
21
139
69
182
104
372
244
120
13
195
361
390
1
302
67
119
375
387
18
349
34
47
35
26
15
371
59
375
245
208
279
343
120
171
241
352
119
245
140
167
22
366
307
253
87
135
387
212
20
53
182
250
393
8
96
299
216
153
40
286
341
249
371
296
19
150
47
153
109
81
305
36
371
360
163
115
168
196
213
9
54
372
387
305
88
226
153
220
203
164
244
375
187
189
98
179
372
105
71
316
365
236
73
234
394
126
245
394
24
69
347
348
78
398
322
348
185
211
297
88
41
70
199
389
208
29
167
78
50
28
138
310
249
80
366
9
337
257
70
191
11
303
279
260
17
144
208
190
194
53
337
371
133
179
210
323
132
69
226
186
199
108
269
168
281
228
198
273
19
311
144
69
254
194
110
37
8
303
40
79
250
234
180
294
274
371
226
40
86
190
343
41
382
202
5
242
173
143
74
177
245
333
279
178
10
209
6
360
330
211
224
276
54
320
216
318
187
243
134
155
293
16
101
388
206
235
378
329
354
19
9
341
359
211
241
115
69
338
173
24
98
389
197
26
16
298
209
320
240
278
304
49
80
296
118
197
73
356
272
128
297
93
279
32
157
36
152
55
173
159
42
78
169
63
214
116
166
118
226
382
340
246
68
299
151
125
354
46
253
225
60
276
230
243
217
211
174
68
27
213
182
201
103
208
379
352
197
186
342
18
344
367
235
106
322
112
123
112
108
387
311
147
77
283
129
378
197
195
42
266
272
319
122
363
287
120
310
15
78
323
293
182
145
53
288
14
103
264
47
232
85
377
303
54
391
388
398
112
281
156
123
179
367
89
30
320
386
314
73
285
151
2
233
263
68
117
108
256
384
136
245
363
341
327
280
105
22
224
218
50
103
153
215
295
154
261
200
203
257
59
122
249
77
256
304
279
374
270
138
59
98
312
27
217
37
254
188
376
207
95
315
62
226
243
324
356
282
241
166
114
311
184
65
237
8
25
354
224
142
39
280
369
172
199
240
386
197
206
216
180
101
293
204
290
374
269
379
57
123
174
331
355
346
356
207
80
319
290
97
85
20
150
373
172
64
172
233
340
235
106
54
161
110
52
282
229
115
362
111
290
93
272
290
122
341
388
68
158
151
167
133
37
211
210
266
108
209
166
105
189
243
7
16
94
182
90
359
147
398
35
337
130
257
268
247
390
292
195
237
55
216
72
212
264
347
140
158
159
83
292
10
180
255
253
111
295
73
35
158
199
46
336
143
345
90
349
292
140
332
97
129
163
145
388
169
44
157
277
111
208
286
312
249
108
22
297
299
48
313
65
399
113
157
365
367
335
237
206
205
255
265
236
192
86
151
247
206
246
214
65
260
88
27
17
42
387
35
334
256
200
163
159
386
330
257
368
343
261
202
338
330
61
390
311
352
291
167
343
154
12
141
268
114
235
169
383
349
31
395
198
362
157
275
397
106
9
285
136
382
6
39
386
99
149
311
247
312
146
77
388
359
265
148
1
127
244
311
229
308
393
120
4
77
285
167
165
212
190
317
80
37
141
298
92
355
185
82
382
204
348
175
209
313
29
188
47
374
253
272
310
129
390
188
84
286
286
328
15
225
304
271
134
94
38
281
269
191
389
102
55
4
323
206
102
236
87
187
272
4
338
119
61
281
246
361
302
140
183
137
110
18
208
371
350
382
183
130
111
230
277
195
198
181
57
323
111
246
132
51
73
138
249
56
311
307
79
150
242
96
138
111
364
353
169
9
244
111
51
149
262
266
85
2
55
336
116
51
93
239
365
365
378
326
73
185
393
154
41
35
128
276
251
141
304
15
382
258
348
157
132
383
21
133
115
266
341
391
330
150
261
95
131
397
65
275
205
57
278
132
97
239
164
255
76
143
22
321
30
54
91
28
374
97
297
193
230
248
174
212
281
389
142
93
48
94
358
399
282
15
225
4
179
62
396
300
344
24
229
347
298
60
5
22
382
93
380
323
330
341
289
246
279
317
315
50
178
29
76
254
19
67
7
238
59
120
213
350
222
246
365
37
397
214
365
306
161
65
168
168
215
309
99
53
18
48
246
390
134
342
238
220
202
47
186
39
180
367
182
101
125
206
176
186
34
233
162
297
314
218
366
386
239
27
211
189
298
14
28
47
0
227
129
38
165
142
196
58
278
223
105
81
148
329
180
294
205
55
73
357
365
152
202
140
296
386
387
50
356
256
375
352
7
175
197
269
54
61
53
329
259
340
363
288
119
288
197
24
97
347
280
316
97
172
222
247
132
76
140
244
339
85
180
7
45
31
380
72
239
82
291
247
251
364
379
359
42
160
311
390
106
135
144
393
350
179
21
62
348
43
265
249
96
22
20
235
371
14
329
57
110
181
294
360
286
151
219
189
150
2
258
36
354
318
328
324
69
70
378
134
136
12
359
46
306
329
209
120
25
390
105
203
295
256
104
32
392
62
66
103
132
131
80
170
118
166
347
341
325
389
245
134
242
128
74
39
10
381
71
378
227
322
101
314
355
109
277
155
181
96
99
138
205
27
251
298
345
63
139
122
297
156
39
325
130
203
356
206
140
142
366
271
252
384
91
71
291
388
330
46
244
260
138
241
28
233
40
248
282
262
27
29
35
5
69
152
265
380
223
173
201
165
245
252
262
4
102
329
145
18
98
380
251
365
390
57
38
370
241
205
118
245
23
90
179
167
2
337
251
383
142
105
134
68
346
274
274
82
177
227
273
108
327
76
209
322
85
106
399
284
183
156
277
275
368
385
141
0
231
141
28
125
195
199
98
256
364
234
237
157
266
174
342
220
347
234
161
65
203
51
92
347
292
47
202
16
2
153
143
325
316
140
153
63
75
15
379
270
2
129
12
128
171
234
368
51
40
44
248
207
101
80
335
77
281
242
192
165
60
205
215
361
250
360
135
51
86
180
342
380
265
91
299
112
188
385
208
235
16
187
262
147
377
260
373
85
247
316
236
26
107
293
2
306
66
20
379
47
81
317
217
181
219
118
23
355
285
178
320
44
186
258
357
30
59
150
111
146
207
321
214
152
37
134
154
144
234
59
234
0
343
282
249
25
18
368
331
101
193
62
302
263
177
81
324
131
106
145
234
312
287
36
173
335
164
26
300
233
115
161
259
100
180
190
266
68
352
239
25
302
135
134
366
391
316
288
18
180
158
108
367
200
13
285
231
370
122
2
279
322
76
0
355
235
280
388
364
214
314
82
380
385
392
42
326
363
175
368
383
291
105
306
192
93
199
24
75
340
176
105
56
131
299
204
74
223
211
313
296
389
115
87
295
372
343
88
144
130
187
210
101
237
395
180
328
107
328
375
374
58
110
270
11
364
269
223
195
391
148
164
207
167
309
249
65
36
174
202
130
213
198
384
19
384
394
103
348
278
305
25
270
50
148
224
82
215
185
112
106
196
255
254
106
35
133
161
122
26
254
145
268
17
299
366
32
366
233
158
291
198
246
146
195
279
137
84
150
131
4
339
246
115
191
360
183
106
46
181
178
192
384
320
349
15
331
347
238
119
96
77
385
189
181
15
69
258
102
348
341
258
68
8
200
378
298
12
117
345
344
135
352
252
104
252
285
194
228
208
126
387
257
133
316
276
229
218
70
15
84
195
397
116
238
41
337
98
207
240
157
293
211
28
221
111
104
158
125
351
196
381
140
88
193
235
106
4
74
275
309
333
93
84
26
297
205
78
53
7
31
372
380
377
380
155
210
122
352
28
121
41
193
327
72
67
382
166
95
387
396
46
251
15
157
160
273
48
87
322
344
279
47
15
217
212
262
348
373
109
56
301
281
141
226
251
80
69
187
50
320
343
112
301
50
163
237
215
222
372
344
187
246
6
98
91
321
239
332
366
219
27
202
228
191
239
168
149
305
122
340
212
23
54
249
152
20
79
213
47
298
23
122
149
364
190
203
173
16
118
179
98
309
295
227
90
328
100
147
360
254
38
21
325
0
110
208
254
234
378
266
294
66
62
258
231
228
39
197
40
220
215
288
204
391
273
373
309
14
9
287
386
20
274
304
84
298
53
363
204
285
180
253
325
239
365
198
239
283
301
278
193
323
146
272
207
230
76
338
304
79
317
374
86
322
318
98
380
303
145
13
214
146
238
231
71
387
123
261
76
281
280
150
78
322
302
33
268
81
28
280
367
286
32
314
27
271
271
99
287
68
5
218
204
136
195
74
360
382
230
198
360
36
185
99
306
360
244
171
290
78
244
0
63
246
236
321
217
79
351
170
27
184
118
9
226
86
228
45
389
379
86
85
315
175
30
21
388
218
232
252
345
70
138
314
356
349
93
231
106
241
233
41
178
229
293
66
354
93
246
228
146
213
350
113
356
217
340
150
15
31
328
44
353
105
71
360
178
333
99
130
70
55
75
49
232
5
199
323
388
99
132
344
267
116
355
249
20
117
121
139
365
364
317
156
186
57
332
282
311
323
160
210
324
117
351
161
212
10
344
226
338
178
193
217
108
52
391
356
194
285
314
135
44
121
153
365
25
21
91
270
304
300
94
132
18
159
16
158
152
67
395
34
311
96
204
37
22
78
83
149
366
171
240
18
225
134
174
83
302
172
262
10
376
368
351
120
120
255
327
152
77
253
162
66
25
188
284
230
376
9
75
275
105
293
261
108
56
18
254
385
83
16
384
311
44
27
282
179
147
399
316
56
386
300
368
35
55
52
59
55
345
213
301
321
89
318
284
200
254
96
9
41
108
173
184
238
153
62
257
249
219
307
0
341
304
112
247
249
386
230
23
137
287
83
34
297
55
64
203
296
374
108
264
125
141
156
304
13
122
310
371
253
243
71
198
342
171
309
25
222
275
51
33
210
64
222
103
56
88
368
350
184
233
27
97
202
41
106
157
302
91
23
253
318
80
161
339
378
98
7
114
227
394
398
57
123
46
262
362
247
35
195
282
200
360
49
337
91
396
12
327
290
14
17
133
242
268
395
28
156
26
216
180
363
240
317
372
196
223
284
115
398
138
170
63
31
305
69
246
182
83
19
73
349
200
238
160
197
357
128
152
40
183
361
103
129
38
365
206
266
8
304
178
6
240
278
128
330
33
376
301
201
63
372
58
397
16
117
148
246
324
199
300
132
356
385
302
220
74
165
344
60
22
133
291
81
61
88
340
327
235
378
341
3
376
369
285
218
212
349
341
365
314
301
15
64
134
356
140
324
249
132
269
190
20
257
190
12
269
95
49
349
203
374
25
311
5
301
235
279
340
331
115
260
132
124
150
96
385
262
177
363
19
169
269
60
262
393
229
141
106
160
21
214
355
359
79
287
90
98
264
210
155
310
123
386
142
99
302
293
57
229
67
206
178
10
203
194
321
44
118
374
129
45
85
48
279
309
180
172
331
379
69
172
232
223
221
218
349
7
107
64
293
191
371
87
393
236
99
163
189
277
224
283
334
177
333
189
240
244
135
129
49
226
131
131
167
67
7
142
171
108
359
97
213
17
134
297
193
178
228
242
248
252
190
302
236
260
44
320
281
97
11
43
203
314
332
385
164
138
126
203
64
24
16
110
247
113
343
332
158
364
305
215
208
42
97
55
127
177
94
225
93
210
190
11
5
283
323
79
229
282
334
208
269
283
334
273
376
282
296
56
185
273
321
237
269
118
351
115
10
325
247
346
85
260
362
75
94
101
232
254
138
127
230
273
392
319
45
33
92
19
182
243
44
324
61
144
60
170
270
386
381
356
23
247
62
108
211
240
255
358
200
166
25
308
89
351
357
117
207
56
327
244
319
296
144
155
56
134
388
171
121
373
276
302
135
80
377
24
392
157
358
95
176
384
79
84
234
342
78
113
332
60
390
328
116
5
15
19
237
19
326
302
32
76
207
327
41
185
168
248
225
318
213
392
369
64
148
302
48
390
29
377
117
151
294
39
155
334
313
91
133
29
244
155
392
321
309
115
329
149
341
50
150
361
114
216
40
344
302
58
234
159
273
105
15
235
380
63
244
15
59
396
81
17
139
215
227
381
49
12
234
135
107
370
305
229
203
108
320
250
303
91
366
199
228
302
263
291
145
347
230
111
85
241
346
325
273
152
188
345
22
110
339
339
2
254
99
180
128
197
322
223
1
318
138
170
170
363
202
35
91
331
383
177
147
139
191
123
156
112
307
107
74
55
78
49
299
66
119
117
352
267
147
5
235
183
254
261
205
167
66
36
47
371
283
72
158
374
68
316
332
113
225
70
199
177
246
82
11
48
108
207
40
181
295
296
216
132
18
116
374
264
8
365
14
389
186
325
170
330
320
303
60
40
84
190
91
164
333
76
7
84
398
89
154
370
340
22
179
65
117
151
384
50
312
302
354
278
70
375
329
7
246
143
127
40
156
300
383
200
312
373
62
343
317
173
342
36
65
214
94
92
90
73
240
183
195
69
304
381
7
7
310
228
144
41
193
59
356
3
106
148
388
161
362
359
319
396
202
317
77
303
29
296
358
102
107
34
72
160
251
54
290
284
148
42
249
326
316
375
277
283
79
396
301
232
7
248
300
16
89
40
280
214
136
45
114
331
173
316
191
241
385
280
307
123
327
148
239
133
314
108
15
81
297
383
251
157
309
303
35
122
38
241
213
17
299
286
206
336
115
164
136
107
68
38
47
172
379
278
184
115
81
82
155
328
262
69
264
341
58
319
154
224
127
3
63
278
354
268
309
40
275
20
199
292
122
188
183
121
172
242
387
17
367
112
286
232
180
110
369
252
154
175
1
34
294
99
250
41
227
376
201
386
9
346
276
49
261
98
43
367
192
39
193
397
386
390
283
80
375
176
394
14
94
14
113
194
198
17
69
5
183
341
203
230
177
28
133
189
211
226
47
44
58
27
284
312
353
309
356
305
69
73
27
334
395
175
129
152
311
256
220
253
328
85
102
293
332
176
391
89
308
166
50
315
59
221
353
19
43
20
63
177
202
38
42
397
386
98
326
257
290
192
370
333
12
154
292
30
345
278
164
151
203
49
342
320
97
228
139
122
357
3
79
176
266
171
354
64
224
338
398
107
299
73
395
351
167
274
355
318
5
362
317
387
371
95
321
346
131
142
215
114
105
208
134
176
52
259
228
244
84
82
33
268
166
146
81
288
55
369
52
300
346
77
29
270
260
187
87
304
373
342
313
397
31
221
218
204
345
292
159
83
14
267
209
369
249
51
202
376
334
102
284
381
91
61
305
172
339
143
370
298
313
102
238
141
154
143
354
391
360
35
365
340
155
162
291
88
42
360
79
150
394
182
80
201
186
48
336
399
179
362
283
47
204
136
385
297
379
357
40
48
255
345
360
364
37
99
261
165
249
168
224
233
324
166
211
75
114
80
8
58
284
159
359
231
110
238
128
388
3
272
230
197
22
277
50
275
124
146
10
10
178
346
137
143
386
5
390
189
304
335
89
70
346
219
248
341
72
62
300
395
104
178
147
139
390
297
266
377
158
268
250
254
157
274
25
375
64
382
270
92
241
133
146
56
272
66
263
124
72
179
228
104
18
138
63
307
90
319
139
83
237
30
366
23
209
204
208
247
268
68
214
42
28
143
364
357
248
14
179
165
300
197
188
38
355
364
180
357
277
287
111
154
171
1
158
111
246
66
389
340
141
235
230
133
69
180
121
204
339
80
141
211
48
326
279
154
44
136
259
279
180
134
317
28
136
245
119
379
100
386
305
362
340
285
313
352
336
25
251
174
60
41
257
45
108
260
215
370
353
229
62
156
36
148
53
65
336
252
366
178
398
242
80
51
337
77
3
90
379
365
200
206
235
209
339
316
267
393
296
356
170
307
350
132
192
153
5
99
32
63
291
159
210
302
44
320
50
46
57
150
79
221
163
164
149
245
337
215
205
61
52
20
198
330
324
183
355
329
268
204
17
234
155
315
248
79
221
231
315
20
26
34
284
339
294
121
73
224
41
317
252
65
206
290
108
79
379
378
234
274
9
244
233
254
33
269
181
61
17
198
393
378
42
235
344
370
293
337
127
77
195
185
61
216
155
232
72
143
11
219
144
48
199
333
381
383
263
101
25
65
169
168
315
242
44
298
181
192
108
97
14
329
83
305
218
17
5
72
126
154
26
306
307
377
266
276
373
270
45
350
63
334
179
282
218
28
315
194
274
91
192
60
230
265
394
381
262
124
135
158
146
358
296
154
171
177
95
27
307
50
346
61
352
126
193
235
143
72
240
246
322
34
120
178
341
336
253
381
129
92
398
116
24
156
370
201
333
237
245
239
122
211
367
243
178
144
86
286
196
12
262
337
392
249
66
184
39
15
169
354
295
331
262
378
282
175
310
48
33
205
209
140
290
267
199
158
327
201
92
81
280
212
102
317
176
116
191
350
396
36
318
372
387
95
366
47
52
365
173
140
166
43
84
341
45
377
282
32
66
53
315
250
284
292
103
301
167
382
357
369
71
246
305
210
151
378
330
369
339
209
231
347
153
85
78
117
156
24
252
111
331
265
42
21
127
28
289
347
57
149
16
3
223
360
81
344
198
268
151
196
259
282
226
115
394
117
103
209
64
161
271
254
45
276
308
186
84
167
258
398
366
29
114
356
369
186
297
134
125
196
245
273
323
237
282
57
176
23
68
331
396
202
131
188
154
54
188
157
262
289
299
24
228
33
279
318
164
173
146
310
288
46
82
246
94
279
194
321
16
398
310
139
10
376
32
224
292
110
239
65
182
279
352
285
114
387
274
74
374
257
64
251
146
337
178
136
154
334
256
244
247
147
199
43
321
305
203
142
139
141
380
100
54
350
60
32
102
269
338
205
43
280
59
150
98
335
117
99
59
44
396
22
293
356
76
229
373
317
216
54
74
324
161
22
384
393
157
265
119
243
53
165
350
287
296
159
211
269
328
322
32
204
66
125
54
156
361
106
107
224
306
129
217
386
283
317
385
207
238
245
399
241
344
215
326
6
143
368
136
68
267
261
283
247
84
6
188
8
348
369
61
395
139
63
56
261
349
377
92
243
157
222
352
324
303
359
363
281
286
393
94
354
223
372
213
176
130
74
264
192
272
33
107
46
317
30
4
368
270
353
132
168
45
151
321
54
234
201
94
327
56
163
337
74
396
71
304
292
239
396
190
332
121
30
219
190
227
284
161
217
94
83
332
37
149
268
320
49
391
312
9
48
16
333
355
101
87
26
308
388
50
140
388
342
243
185
202
314
391
25
243
79
67
228
226
75
346
176
243
192
374
212
102
267
152
137
360
324
82
314
373
292
219
82
155
74
300
127
121
227
112
199
169
195
238
301
335
311
79
0
269
389
215
191
391
113
17
188
92
335
35
237
279
228
198
100
241
139
243
213
190
320
172
255
323
324
369
392
324
54
310
87
126
219
11
49
210
14
212
192
161
388
331
137
105
24
239
4
78
146
24
150
112
113
22
19
213
133
241
339
375
195
199
304
94
51
125
289
272
153
171
336
83
352
39
16
293
276
23
201
105
90
197
382
291
276
30
97
211
198
18
196
17
122
285
374
45
101
210
280
312
207
125
29
44
35
359
119
90
307
365
311
203
373
362
12
283
322
372
298
370
282
361
318
39
287
321
36
32
76
147
118
309
127
260
168
398
370
4
298
272
338
0
231
85
17
167
166
179
176
170
55
371
40
107
358
125
89
98
132
14
325
340
159
307
125
331
233
347
121
242
71
327
36
79
228
394
182
76
221
296
5
265
383
348
355
306
290
91
174
328
79
274
338
101
365
246
198
182
344
213
125
25
219
298
174
41
26
238
18
227
264
47
280
165
140
55
398
47
95
399
299
103
351
59
369
265
361
25
159
294
47
81
48
45
378
364
96
297
211
50
74
27
141
212
286
80
212
11
297
13
382
355
336
270
53
343
107
271
357
141
135
329
378
120
364
243
71
104
195
297
340
156
338
170
230
189
220
374
177
60
69
145
339
377
68
89
372
59
132
380
300
98
323
207
326
27
167
130
367
211
7
262
303
107
105
346
328
133
137
113
74
98
317
99
197
9
346
377
21
258
175
39
89
103
67
209
391
340
312
335
112
370
27
134
67
356
121
159
262
94
201
359
82
12
280
304
214
304
0
371
308
115
30
325
376
75
138
258
194
100
397
354
42
346
30
218
228
81
16
252
152
252
156
48
156
128
84
188
308
41
138
392
316
82
308
255
122
370
157
280
361
379
17
231
273
88
53
292
348
162
219
180
118
58
66
185
330
394
236
131
171
204
104
278
190
97
145
379
337
184
293
338
369
104
178
316
178
328
66
53
325
376
337
122
322
151
348
172
299
153
237
1
360
283
248
212
292
90
102
77
125
13
182
248
286
74
191
96
186
169
158
179
359
232
60
374
118
154
341
250
79
323
10
236
106
46
230
358
377
338
219
129
229
123
387
124
353
325
91
389
95
37
319
60
81
15
17
380
6
275
194
93
372
382
369
153
114
85
360
342
315
207
6
346
398
61
289
63
223
16
236
238
89
367
291
174
164
232
250
283
47
206
1
244
62
92
133
26
165
279
12
61
298
95
393
100
158
261
160
216
276
41
206
1
242
296
114
11
29
166
57
128
192
244
191
248
153
134
210
34
234
232
330
365
42
381
322
332
281
63
386
121
14
66
341
188
294
240
306
322
271
292
332
162
233
21
100
88
367
3
340
59
251
277
1
18
141
158
372
15
362
177
397
199
343
63
100
375
93
273
111
149
103
282
323
285
120
247
184
349
371
275
164
291
222
308
270
335
205
44
392
276
225
290
259
332
326
312
297
203
223
294
174
305
232
73
242
40
286
352
30
203
397
27
54
270
31
113
367
113
214
371
330
368
164
307
393
299
120
58
245
112
276
187
179
184
377
364
305
202
92
85
41
22
254
386
99
358
219
338
196
191
307
139
236
225
280
196
57
148
87
162
195
148
361
141
350
391
40
29
45
214
198
80
230
117
299
352
288
259
376
381
367
138
35
394
329
349
394
254
361
249
71
168
392
254
326
318
308
244
287
172
278
317
361
279
113
67
19
124
141
255
343
395
289
113
362
61
3
104
123
169
241
309
222
399
241
214
62
64
373
143
304
337
242
311
173
55
350
171
340
361
4
222
389
192
173
224
58
124
37
138
61
300
20
64
327
254
98
160
85
67
252
223
16
335
373
396
125
10
66
347
288
278
79
290
152
338
378
225
177
323
102
334
165
294
195
83
296
242
119
294
326
256
64
217
21
88
133
60
310
79
230
91
26
42
183
265
33
391
94
187
339
156
113
304
63
353
139
259
380
119
271
358
103
196
75
96
393
126
182
126
68
303
82
278
377
19
250
358
191
45
232
300
27
348
190
12
231
113
243
170
88
190
207
129
68
80
367
313
270
7
193
102
0
341
2
145
270
381
307
35
347
86
208
308
278
95
220
251
174
395
322
272
383
398
18
193
75
204
172
385
65
219
178
371
383
57
226
236
227
187
83
266
361
51
256
127
62
254
123
191
11
36
24
242
110
104
236
43
112
151
262
95
352
358
292
248
212
399
103
321
72
383
391
74
39
296
180
40
239
106
49
338
141
55
109
225
252
24
265
11
119
207
84
259
283
255
275
233
13
310
364
320
331
255
343
45
227
12
347
312
265
390
275
109
65
372
286
136
150
396
100
187
43
243
399
16
149
196
116
322
316
192
26
332
360
35
335
173
288
232
4
393
216
331
330
153
317
120
44
81
356
105
77
89
147
40
243
182
124
57
14
94
288
288
28
271
112
306
190
28
200
13
110
118
35
218
246
8
131
116
160
167
90
372
205
182
301
381
358
230
86
132
398
27
11
46
335
28
391
285
208
281
294
94
389
208
123
9
194
181
145
261
214
54
292
195
309
312
286
278
73
156
349
6
257
210
323
223
139
300
12
306
279
175
68
117
288
213
5
115
350
137
210
23
179
92
96
149
58
3
296
375
399
201
97
254
392
359
301
223
255
126
317
6
150
377
149
224
288
71
109
37
295
169
315
85
211
177
33
357
147
142
126
205
13
281
395
283
281
391
228
233
319
276
38
292
176
398
166
283
11
190
3
399
397
212
336
260
50
376
30
130
29
107
281
124
162
240
153
165
134
147
8
160
287
157
287
49
245
8
334
255
216
398
121
33
43
236
260
273
174
30
286
145
91
348
357
235
18
60
208
32
144
395
88
362
135
97
118
374
74
163
184
208
225
93
256
70
207
213
301
380
283
183
143
7
325
119
111
329
214
118
113
51
50
330
341
392
193
113
6
364
65
233
226
165
90
364
185
158
12
365
65
131
201
126
331
93
113
189
64
116
8
253
180
39
361
313
189
379
158
371
42
264
242
371
284
378
100
395
149
101
325
104
367
256
351
255
227
28
29
17
247
102
294
72
271
104
362
359
191
305
366
155
171
223
74
231
109
9
250
32
121
52
329
328
384
370
51
128
6
137
382
89
222
54
377
160
220
97
254
69
80
293
249
131
88
266
48
64
281
136
246
159
239
346
231
277
307
155
312
323
145
295
295
67
360
324
222
141
202
260
323
1
12
328
219
235
308
386
253
394
269
273
198
214
254
14
163
109
49
109
89
293
258
161
221
200
116
337
140
274
177
218
150
364
110
157
374
7
64
61
386
24
167
120
99
279
45
381
202
317
233
70
123
399
110
169
293
220
90
51
139
55
275
296
187
266
212
18
56
71
141
121
57
65
137
242
206
259
148
75
321
309
26
79
238
55
146
273
259
101
90
375
163
104
353
179
48
95
28
355
127
255
114
297
137
66
257
318
361
377
247
300
399
182
325
49
67
207
266
326
389
52
331
215
394
236
56
262
280
118
207
274
107
315
317
158
293
162
292
156
108
263
275
112
375
20
384
159
50
175
364
381
151
219
79
146
181
171
57
329
46
86
243
152
261
135
72
214
190
179
300
341
337
188
50
286
340
360
264
54
239
386
327
337
281
251
251
251
158
372
276
334
106
108
41
137
265
10
211
334
251
36
227
295
91
145
175
133
382
363
167
200
190
183
21
317
172
62
9
395
325
70
52
273
117
319
223
123
23
105
271
169
250
380
314
301
118
223
242
187
33
333
124
187
399
220
36
385
277
202
271
187
126
251
66
179
8
253
164
103
62
332
61
57
342
323
18
217
357
105
271
187
47
329
70
74
79
359
206
310
226
308
187
18
353
84
13
247
9
348
167
272
154
310
382
311
265
195
398
303
37
57
17
250
344
279
103
42
229
112
226
180
307
187
384
37
260
215
374
393
376
208
56
345
322
91
26
267
295
155
61
390
26
391
61
144
345
79
367
181
3
117
30
176
23
350
142
242
241
98
261
360
321
241
95
205
67
393
375
348
21
398
273
342
66
211
344
24
255
74
241
246
40
95
329
54
152
287
7
59
388
275
247
151
150
23
3
58
216
254
255
10
188
97
89
300
5
167
163
67
155
124
119
322
169
75
7
399
90
185
358
248
247
73
72
103
224
31
38
228
186
257
251
3
171
20
180
163
224
386
32
27
218
131
102
291
43
202
330
215
56
196
32
11
256
108
106
192
24
299
278
320
182
151
286
331
287
255
307
187
299
374
178
314
121
127
153
229
19
225
85
294
383
193
88
114
398
215
141
39
341
146
76
196
335
153
185
236
111
325
128
265
393
90
217
270
319
156
23
394
46
284
82
170
101
345
83
288
221
193
126
272
367
179
151
221
280
249
85
239
215
228
310
166
283
349
222
340
376
51
328
279
56
179
175
228
212
41
205
23
144
168
228
144
124
76
367
339
354
93
346
149
259
146
321
359
368
93
76
20
344
165
382
313
199
34
126
378
4
243
245
71
152
129
309
174
366
139
163
296
300
349
309
21
42
92
120
157
328
304
241
203
322
304
389
281
132
192
120
302
107
380
381
187
272
3
367
174
397
175
194
301
45
10
256
237
184
4
363
130
44
286
54
270
231
106
69
225
16
84
246
312
317
264
316
365
388
267
233
293
334
186
314
81
309
64
45
175
259
276
377
92
335
208
110
288
243
344
96
166
344
277
314
158
393
23
311
391
217
48
161
188
223
306
64
78
118
26
142
361
23
289
55
51
303
364
201
334
179
182
183
388
63
393
123
346
163
397
140
222
41
304
162
182
250
98
51
399
138
387
283
297
118
235
294
221
390
308
383
380
202
231
126
315
344
100
123
234
235
362
21
263
72
391
332
358
80
215
24
277
198
151
243
354
385
365
145
107
168
218
118
68
275
63
46
291
338
113
190
72
324
249
181
129
378
24
229
208
25
291
91
159
349
302
347
297
279
137
291
6
264
111
14
360
70
377
211
275
280
299
184
294
387
185
368
162
29
95
296
35
380
87
380
374
145
143
313
12
135
307
9
218
388
115
7
246
333
160
262
41
358
222
325
350
68
194
17
181
73
353
352
295
253
232
74
348
375
9
127
375
298
168
56
192
159
225
32
189
234
349
70
336
295
384
99
147
345
335
39
304
33
330
358
7
37
177
293
135
362
222
202
53
302
114
218
385
169
370
3
224
166
114
361
194
232
320
393
170
196
134
69
97
220
4
53
145
34
366
172
66
209
44
137
123
240
125
246
284
307
392
56
324
345
100
160
58
335
275
93
373
232
53
136
140
383
394
94
343
353
259
384
7
180
113
98
299
258
93
298
84
59
285
31
98
318
228
328
111
188
26
315
8
230
214
324
216
206
178
86
183
294
153
35
123
89
333
157
113
179
27
258
29
146
223
118
114
221
272
242
99
141
139
150
242
243
90
390
154
349
117
398
348
162
238
300
115
77
69
141
269
173
130
1
69
176
1
355
363
29
258
257
298
75
208
64
325
160
383
56
286
72
127
269
290
340
332
102
126
296
71
265
32
395
94
21
372
226
112
79
25
212
160
21
389
22
310
174
123
112
78
120
351
353
88
81
264
162
99
213
110
281
237
134
312
16
335
2
296
303
224
267
102
298
361
124
110
222
369
240
21
70
25
321
261
306
130
321
4
253
40
317
127
211
62
335
204
222
50
62
137
138
235
191
248
21
392
345
152
309
101
75
200
188
353
17
68
392
136
358
199
80
398
175
106
177
11
201
26
77
220
29
318
331
235
281
295
204
147
266
212
1
179
324
200
167
34
357
137
122
31
154
122
297
258
110
216
193
265
229
302
357
186
89
224
289
81
259
287
240
49
390
80
90
202
33
322
312
363
377
351
234
292
116
207
289
396
375
227
164
162
83
376
389
9
139
70
268
26
164
329
95
299
355
375
321
285
192
306
319
256
196
320
74
379
385
170
31
225
334
369
304
140
257
229
209
222
62
129
264
148
121
170
133
379
304
158
26
75
52
349
32
275
13
269
67
121
132
270
179
259
329
10
243
340
311
267
394
329
257
166
276
87
20
17
270
148
58
382
145
239
157
87
20
66
281
303
126
110
90
291
358
384
192
303
294
139
26
218
182
350
381
142
101
10
264
314
72
253
163
129
13
384
382
211
334
159
245
237
86
225
9
199
95
272
0
229
350
71
179
17
128
119
25
247
214
133
29
237
87
277
156
92
350
259
227
120
392
14
78
192
230
86
12
136
350
139
394
51
391
371
168
287
264
37
257
386
217
12
44
307
129
4
116
309
159
323
115
309
164
219
43
130
241
6
165
253
35
396
70
148
252
172
17
202
294
243
337
389
115
294
21
20
103
197
322
228
191
164
268
102
10
36
277
293
156
372
66
3
280
179
113
145
321
269
144
92
223
373
8
259
147
82
144
211
24
272
19
2
83
358
45
103
199
308
185
14
112
308
89
335
10
344
295
117
159
250
5
183
254
107
285
366
229
71
240
76
324
284
369
31
169
185
29
89
350
153
275
76
3
360
353
269
346
100
293
375
199
354
340
264
165
296
356
185
10
5
391
312
188
220
140
57
229
266
59
380
395
142
199
207
181
67
94
191
292
293
175
13
154
155
331
207
386
176
185
132
376
301
232
150
94
80
167
286
208
134
216
159
256
1
34
10
308
297
261
190
379
192
371
232
125
323
301
389
297
360
118
129
319
152
237
115
94
9
237
349
132
214
281
367
59
339
314
61
243
312
260
138
135
177
137
178
4
300
198
353
302
223
30
65
110
295
129
105
95
215
71
216
153
23
87
213
348
363
177
256
360
127
355
257
201
258
374
8
271
297
312
304
332
234
168
387
313
325
76
330
354
150
151
322
392
356
278
305
211
130
324
278
107
96
268
277
398
292
322
165
183
193
337
77
42
127
281
254
303
33
40
282
35
381
119
58
172
247
374
75
383
335
253
206
331
28
59
11
78
306
181
312
154
54
313
325
20
123
230
46
138
298
105
74
242
136
181
144
239
216
135
227
181
365
201
347
103
33
373
95
269
99
314
40
58
43
145
111
15
67
143
45
72
386
89
156
158
124
239
8
327
362
267
47
238
241
193
268
9
365
208
246
372
364
337
228
290
380
181
364
368
204
265
93
50
216
152
265
260
393
217
100
176
93
128
19
244
188
244
346
272
135
106
25
300
3
34
397
339
351
360
177
314
83
109
153
84
122
245
9
228
218
274
161
39
372
218
319
119
379
150
324
237
179
11
162
354
61
84
332
89
238
69
191
294
5
124
109
39
64
185
147
364
61
30
331
192
211
156
59
362
48
312
378
388
162
369
113
389
226
27
30
272
24
144
170
389
24
162
65
128
318
218
187
93
399
373
310
390
248
298
144
3
308
167
165
56
249
377
375
399
378
399
156
195
162
255
245
295
159
165
210
168
393
322
8
298
84
127
287
193
370
109
72
240
238
272
185
64
22
15
231
83
219
391
219
80
373
323
251
32
91
138
253
227
240
115
346
26
58
164
163
210
118
84
313
163
379
76
292
121
209
160
216
2
164
77
319
315
222
307
211
172
318
44
343
374
241
328
11
294
32
122
88
374
117
227
357
324
310
371
9
342
377
110
362
146
319
375
39
127
226
213
196
116
266
387
399
260
261
187
178
226
130
206
153
383
124
304
353
31
277
4
370
303
338
2
372
307
140
349
136
363
356
253
140
80
111
394
359
86
166
268
29
14
332
137
46
80
129
276
318
370
346
342
155
121
251
130
82
352
188
45
31
157
103
275
184
131
395
126
340
184
308
113
270
334
265
96
151
197
399
289
183
250
219
3
99
129
19
298
135
131
82
211
16
77
378
249
157
66
297
322
229
102
45
37
102
344
156
383
125
6
209
172
248
165
260
75
4
114
112
33
309
118
282
318
342
158
310
176
170
52
288
133
271
14
3
222
42
38
111
107
364
16
22
249
100
104
8
261
57
7
176
24
129
271
367
350
168
248
121
188
284
392
283
170
377
263
332
128
143
136
379
141
278
378
355
293
88
233
395
89
78
191
69
310
49
224
327
256
131
322
232
261
388
118
0
25
236
92
384
264
178
101
262
288
300
293
253
386
176
267
216
156
295
54
117
27
105
233
3
184
310
367
294
74
72
242
164
172
381
259
324
85
92
353
382
320
186
194
290
220
224
170
369
307
30
397
286
363
95
21
362
257
174
258
201
370
305
121
269
129
319
184
366
49
214
367
124
379
212
385
97
197
394
349
292
263
339
360
236
34
52
227
55
327
204
185
382
187
162
223
376
28
357
241
208
126
49
392
228
297
353
390
314
195
162
217
135
383
362
378
30
338
284
141
399
289
183
38
283
169
353
305
364
131
348
267
156
174
180
142
320
397
205
97
239
141
264
77
216
74
280
39
217
206
100
191
316
144
92
24
72
167
344
168
313
176
33
349
15
360
182
235
371
192
272
389
20
218
300
263
23
55
146
96
214
292
46
331
289
374
94
1
154
124
8
190
106
339
340
363
119
168
53
83
176
183
44
251
327
24
165
31
359
18
320
107
281
113
93
235
37
6
106
344
86
263
328
32
229
22
141
107
45
46
32
73
137
277
244
372
170
66
17
106
316
60
170
252
24
130
259
167
215
169
266
140
285
50
160
255
388
57
263
300
187
155
17
61
46
326
373
22
35
22
262
56
353
277
217
53
125
332
121
324
316
260
323
148
94
241
371
18
2
336
235
166
165
239
19
142
244
113
318
226
174
148
352
277
7
191
137
130
309
35
117
217
248
12
304
42
360
209
276
189
271
309
289
36
209
377
397
285
289
216
120
338
6
258
32
300
242
38
207
234
248
283
272
122
116
145
2
30
182
181
208
148
298
73
296
250
165
326
312
17
244
396
280
267
23
5
177
139
115
75
347
6
120
181
248
210
391
189
32
22
368
319
246
315
175
73
211
240
142
280
315
239
159
104
12
98
377
127
75
397
46
350
241
65
53
347
255
259
301
221
28
147
140
91
316
6
23
140
46
217
12
184
167
263
91
173
376
380
208
319
375
10
266
360
140
95
100
72
189
73
38
397
381
304
292
345
4
167
227
301
383
3
301
248
255
188
174
338
116
131
277
326
255
143
213
285
347
311
298
315
283
57
308
187
131
225
139
333
53
285
360
314
319
109
202
386
15
88
109
135
14
181
297
333
256
71
203
351
249
249
242
311
201
232
138
345
213
53
24
260
18
5
123
95
193
60
142
287
104
238
73
382
385
210
5
2
113
283
349
256
240
304
312
141
263
211
296
262
284
357
58
162
64
75
120
357
268
358
397
167
11
363
139
126
1
143
0
361
5
220
291
221
62
254
137
229
153
307
83
384
214
43
124
193
28
164
290
170
317
276
341
157
203
143
328
28
141
19
62
328
275
309
51
18
123
88
321
189
288
76
9
34
141
125
59
215
147
334
151
23
26
235
165
56
323
53
216
142
194
239
20
53
380
354
194
19
55
247
219
244
66
54
388
114
312
393
123
113
331
156
282
311
166
188
267
220
169
90
314
27
44
338
160
180
196
376
263
352
196
206
115
264
318
139
78
29
138
267
106
101
245
102
112
352
171
337
350
298
186
396
361
294
344
315
249
123
256
267
224
72
98
290
44
336
346
149
197
69
211
14
220
150
164
354
23
271
347
217
177
105
328
104
247
316
319
107
333
221
383
27
11
6
110
91
333
77
204
300
313
312
96
124
9
180
211
333
74
57
196
217
323
198
91
282
354
393
114
326
281
380
214
109
352
88
23
287
108
207
251
301
188
351
56
155
209
177
100
243
189
165
70
148
190
44
76
255
354
320
368
105
202
97
130
184
124
83
207
48
91
335
201
202
399
71
142
132
4
1
5
199
76
48
310
140
213
124
17
130
176
308
15
75
228
14
71
309
341
381
259
271
140
276
393
55
205
292
228
176
25
196
85
223
289
148
195
288
54
244
83
386
396
124
353
367
19
373
47
264
41
58
95
397
56
34
315
12
45
327
90
311
186
236
153
81
3
357
68
232
194
189
300
329
88
142
162
182
342
191
125
221
361
261
226
277
211
126
166
174
183
204
211
4
314
99
192
0
222
100
330
5
115
276
94
119
70
333
360
33
275
373
74
209
95
201
128
299
225
175
307
133
5
216
210
395
345
316
138
300
171
48
343
265
348
102
0
23
134
90
172
359
69
338
46
25
285
65
229
161
106
95
317
76
136
133
271
1
254
305
117
277
311
344
37
137
25
128
193
293
156
55
343
174
282
327
204
72
335
88
362
362
266
269
270
357
154
61
222
115
67
66
301
212
256
329
80
131
129
43
237
256
188
61
266
397
313
46
154
40
197
228
269
97
95
343
40
83
167
199
219
287
393
392
301
315
134
146
308
212
190
334
78
128
290
384
49
165
26
213
57
171
246
93
140
69
132
183
321
58
135
49
313
171
200
26
226
193
258
245
357
322
381
1
131
226
184
335
293
288
63
40
300
210
313
138
194
168
20
201
31
165
372
177
311
267
102
393
21
337
286
112
128
67
129
32
56
280
97
54
274
175
120
348
200
306
239
158
248
39
106
5
157
172
268
70
397
328
195
385
131
376
13
29
211
203
14
258
391
195
375
54
74
215
350
160
349
32
135
291
351
109
233
109
89
385
184
26
152
114
345
116
174
185
260
174
185
394
282
153
53
395
32
19
95
313
311
215
92
233
307
237
29
115
107
126
244
213
12
215
307
196
179
135
170
394
272
34
158
94
183
355
327
219
98
190
17
130
271
18
88
286
389
58
68
382
82
189
348
119
264
58
290
350
391
36
49
33
338
223
269
119
257
134
343
152
373
52
26
149
359
150
64
222
305
350
355
112
106
213
149
62
349
315
295
81
102
286
212
7
155
151
51
356
263
268
125
126
186
282
273
208
397
258
79
87
358
207
176
30
321
293
197
287
356
374
125
144
167
148
219
212
208
367
322
115
265
196
237
264
367
157
323
216
200
320
275
38
143
180
100
234
180
368
324
374
119
359
282
255
88
291
165
301
388
375
324
248
144
193
120
45
308
134
293
361
131
217
252
356
257
230
58
104
106
260
260
396
80
274
380
177
136
131
173
344
286
235
104
68
298
278
361
129
9
182
236
259
226
326
73
38
158
87
336
389
385
245
344
69
189
22
71
172
91
135
389
292
264
333
148
297
10
32
342
304
131
274
273
28
93
216
211
259
44
257
378
102
27
319
290
167
115
92
167
108
113
358
266
267
147
272
162
240
3
57
149
29
232
269
161
319
35
208
11
28
11
324
238
52
181
275
56
227
70
171
360
81
279
51
170
365
248
66
204
62
258
159
374
123
112
144
86
10
201
37
268
13
188
306
325
295
185
355
262
38
231
258
127
0
1
208
337
81
240
63
238
273
41
91
261
77
133
317
273
196
200
298
205
47
287
115
330
345
74
297
348
230
352
232
64
302
179
299
49
326
142
143
43
51
139
389
215
127
149
40
21
118
43
34
223
282
260
18
336
232
187
258
108
197
4
92
86
178
122
291
391
124
389
384
228
334
299
92
345
198
87
116
390
315
191
285
175
168
33
249
233
376
216
332
226
151
327
250
199
349
111
138
188
31
360
185
7
234
299
276
366
333
169
276
108
178
308
17
282
11
17
201
207
140
109
31
28
229
295
227
357
394
392
284
369
229
281
241
373
359
114
101
248
158
31
125
46
214
74
64
248
326
229
243
367
387
392
114
203
136
282
112
6
340
52
234
388
100
327
104
63
85
253
285
91
283
275
365
288
357
30
254
356
173
270
284
161
7
132
339
279
318
278
23
215
384
123
204
52
209
49
67
296
204
280
212
252
300
138
16
332
11
255
48
323
352
240
115
275
99
238
381
33
343
314
82
98
315
207
123
47
183
271
261
72
24
216
135
16
21
266
149
62
256
270
252
267
114
361
37
315
133
306
11
173
106
318
136
280
305
399
19
303
144
154
378
123
241
354
98
11
93
41
164
177
39
10
159
206
39
23
102
227
263
321
227
317
274
201
85
331
241
348
1
291
252
368
130
205
43
68
3
34
13
124
29
379
66
216
77
364
310
345
228
190
241
136
372
116
47
122
8
48
380
93
323
247
7
113
26
59
236
164
124
57
320
336
24
31
16
399
186
298
218
229
231
284
214
63
27
177
124
359
341
293
155
116
46
348
22
252
196
73
17
50
114
212
123
151
195
244
354
167
102
207
356
0
191
74
253
61
143
379
64
54
85
273
117
32
192
240
214
23
266
367
224
213
130
141
289
296
150
147
393
283
2
14
235
41
42
57
395
41
59
205
284
82
20
311
368
19
306
349
238
75
1
371
13
202
44
61
346
383
318
18
340
322
36
80
136
20
99
71
123
146
394
383
359
391
210
7
366
334
334
236
363
159
140
200
141
123
379
26
12
247
270
87
287
87
256
368
297
151
359
190
340
10
309
21
299
84
56
276
184
25
30
162
247
286
240
30
373
84
351
287
210
186
367
73
48
0
333
316
55
303
56
335
229
54
349
324
361
264
363
72
264
18
186
296
314
30
232
219
288
53
82
156
339
302
186
253
266
158
197
381
108
109
59
90
120
95
41
245
287
368
339
209
37
35
196
32
332
17
111
54
125
292
272
359
253
212
270
109
116
117
324
18
387
343
396
270
180
49
394
2
155
17
79
363
145
117
367
24
307
29
261
59
305
153
85
276
151
352
65
263
191
80
233
158
144
356
67
146
130
116
45
265
373
185
208
263
49
232
215
305
187
92
78
67
357
33
237
111
126
160
84
81
236
362
55
241
332
149
97
345
26
92
11
200
191
331
176
43
386
143
42
387
289
281
270
219
249
300
238
32
233
199
387
386
249
390
125
394
354
13
388
397
94
200
118
145
159
350
128
336
232
382
209
105
237
8
375
175
30
2
118
331
76
338
147
311
219
23
385
103
248
44
197
55
387
277
15
252
111
30
205
49
64
39
128
85
113
50
60
23
214
379
370
336
396
76
327
383
109
142
124
160
245
161
234
43
386
20
138
328
279
110
271
114
33
307
366
275
268
262
274
325
210
114
186
1
205
202
265
102
230
142
42
398
57
28
251
28
185
263
395
69
239
36
326
93
47
286
231
305
137
79
103
180
368
356
304
398
34
143
396
398
92
225
105
282
119
219
309
53
293
377
345
54
285
86
265
313
279
384
68
119
41
52
294
343
336
270
59
39
306
119
232
13
123
373
333
126
39
3
46
271
2
110
367
282
135
138
314
17
247
67
103
93
223
68
257
28
121
322
231
198
289
376
263
287
277
376
248
295
274
65
64
377
65
110
357
375
137
153
303
198
62
100
114
119
384
202
146
392
20
266
139
303
151
287
92
349
173
201
68
9
248
52
89
109
48
362
206
212
194
39
200
145
28
320
41
339
322
328
319
109
348
140
257
392
196
170
1
30
397
53
361
187
11
334
250
78
338
225
191
326
77
295
295
54
221
135
302
122
53
185
376
368
154
286
388
240
313
64
329
333
155
66
212
214
59
46
310
98
25
355
377
103
157
36
352
65
181
340
221
253
2
122
55
162
323
51
319
120
72
60
52
109
65
184
163
287
308
142
354
203
293
326
116
397
347
154
155
353
350
302
35
325
375
193
286
76
252
302
243
342
198
16
242
286
215
37
20
30
238
362
208
55
134
139
29
143
6
222
266
278
180
191
258
361
379
260
236
394
13
154
303
254
100
50
371
294
91
224
330
83
314
343
389
128
301
225
209
261
274
79
45
155
305
177
160
7
291
208
111
91
224
373
252
209
30
314
281
161
271
6
288
292
30
235
91
239
49
52
229
134
391
372
23
20
209
104
158
12
353
78
37
272
24
164
325
303
277
38
346
251
169
396
135
190
267
257
381
393
275
168
159
88
351
308
73
5
75
247
3
284
222
375
172
171
301
132
237
321
255
357
55
313
86
262
118
175
221
27
226
313
363
359
199
395
399
329
142
246
78
45
111
41
247
265
331
19
342
86
337
258
71
166
215
233
187
71
372
363
8
77
300
393
52
157
396
237
288
236
336
116
309
182
164
167
76
324
368
160
60
352
275
203
69
380
364
166
11
119
40
341
183
246
10
240
82
102
334
267
306
292
70
377
39
306
112
112
151
271
262
200
332
252
63
98
183
236
306
116
171
399
174
173
227
374
6
94
259
105
369
96
264
226
173
58
52
113
96
246
154
133
250
376
75
77
280
223
218
84
18
257
363
369
33
251
361
71
202
265
197
285
82
310
179
319
106
14
45
244
309
240
226
40
22
46
225
325
126
311
276
89
382
59
15
4
226
311
345
175
233
133
270
19
200
330
217
181
47
346
10
326
97
353
160
369
116
112
357
147
176
27
353
195
259
38
369
233
160
353
22
13
83
264
392
239
218
25
218
255
49
82
177
111
0
49
224
79
295
134
296
176
160
320
393
267
130
259
331
126
321
157
354
214
95
221
379
161
373
34
221
63
272
176
280
319
230
190
134
55
192
39
335
342
62
378
175
342
355
94
276
51
136
74
115
14
354
269
262
310
336
209
345
33
57
51
215
277
93
133
390
161
356
84
330
165
265
364
347
138
368
100
384
237
228
187
314
359
263
117
25
108
224
100
201
42
98
137
313
267
198
206
67
200
184
198
62
62
121
78
389
373
316
374
293
219
6
171
48
318
99
43
321
217
149
15
85
255
80
378
266
385
273
50
357
95
274
75
299
31
349
211
317
127
371
184
12
211
337
313
57
316
334
256
102
399
174
1
100
259
47
15
368
161
191
358
89
351
51
178
370
142
175
318
229
165
383
145
278
49
39
2
226
294
217
31
245
33
81
262
150
130
13
383
130
92
109
159
352
364
130
301
178
306
87
78
258
71
316
83
29
342
210
325
190
367
303
156
264
113
167
234
298
35
147
329
367
311
80
3
384
377
160
318
24
253
143
286
322
190
98
34
364
33
341
2
134
263
128
4
43
105
106
219
34
23
96
56
199
283
86
222
98
194
235
289
3
62
204
62
81
63
333
223
172
132
212
153
363
288
49
312
375
201
97
128
60
96
97
198
118
127
215
10
104
367
390
8
232
160
246
239
128
36
337
50
45
50
397
3
80
89
303
287
234
207
356
200
362
144
283
306
176
348
249
64
183
238
26
334
227
93
168
147
80
349
114
96
120
370
381
321
195
30
229
45
187
121
332
266
145
336
340
263
109
200
114
239
273
183
336
49
229
132
293
54
386
24
317
207
313
38
366
314
105
307
371
346
143
213
221
66
23
337
322
184
26
122
170
73
168
152
176
121
249
369
396
56
40
324
397
50
343
200
346
272
284
275
86
174
382
178
213
184
258
258
387
161
192
85
96
45
121
204
277
97
110
333
32
26
182
361
230
325
157
311
261
141
79
73
166
342
310
149
268
267
280
377
187
349
3
296
375
329
215
30
262
284
222
265
206
5
117
342
151
132
97
31
397
163
159
277
125
209
365
205
317
34
175
271
219
123
219
155
29
326
294
164
162
231
103
146
116
358
227
300
259
299
33
325
316
58
319
199
265
69
359
289
162
114
151
88
7
235
308
230
312
92
76
150
374
129
42
176
22
336
212
276
308
205
367
119
112
154
290
214
80
287
129
322
67
367
6
71
58
142
348
131
135
384
389
145
377
372
80
87
163
363
27
372
270
104
102
333
309
230
152
342
221
389
292
201
258
139
173
333
334
183
38
270
39
18
279
365
112
104
116
4
35
212
81
15
103
332
248
217
47
253
332
308
248
194
200
225
50
172
258
230
59
348
168
236
261
384
364
89
194
353
41
319
159
266
87
158
155
84
71
287
213
111
84
124
34
226
395
243
223
237
359
326
308
24
281
353
87
144
283
261
208
35
166
229
284
214
108
166
154
15
167
177
290
213
335
190
247
281
237
131
327
92
210
275
328
258
79
139
173
51
247
303
29
123
287
306
274
18
159
93
322
395
25
385
168
341
354
307
338
230
347
362
0
130
335
146
199
344
81
134
279
220
239
338
289
54
390
376
139
370
285
273
177
260
197
157
191
16
261
267
43
159
380
133
87
351
173
147
370
201
150
86
40
263
242
371
142
36
184
266
395
136
158
245
303
64
335
315
194
325
30
164
164
355
106
238
187
317
73
58
314
273
117
268
283
364
78
306
126
241
398
308
119
188
103
169
311
251
394
6
54
192
149
280
139
86
377
284
267
69
91
376
295
282
330
38
267
362
378
296
30
62
100
166
284
305
119
250
395
22
178
128
350
9
33
198
86
217
269
41
300
34
356
63
260
133
321
75
130
320
89
338
182
58
369
346
154
336
324
82
182
178
288
329
274
274
273
304
345
75
88
292
243
335
27
311
165
15
357
329
49
171
198
107
389
329
11
35
294
89
72
389
168
177
152
263
49
137
112
274
397
185
31
288
310
309
269
80
155
30
233
116
22
286
74
263
221
349
142
33
39
289
224
333
229
91
278
271
199
213
279
300
243
164
381
263
154
26
218
21
220
267
151
390
293
292
175
51
71
224
372
46
373
63
29
73
129
13
288
234
289
68
192
284
107
236
240
309
342
136
384
0
398
201
319
190
276
67
35
366
350
197
238
172
68
235
52
99
245
156
328
37
214
14
306
103
312
254
186
328
343
166
231
351
146
143
307
134
241
62
131
334
102
78
281
18
264
8
8
84
354
361
185
49
199
344
263
75
383
71
272
183
224
65
161
385
102
320
126
30
278
98
385
190
214
171
385
359
264
221
192
278
360
69
199
234
34
109
206
229
337
139
162
58
186
384
99
87
375
112
222
349
51
380
94
151
195
148
8
177
129
289
129
390
362
248
218
224
394
157
321
277
65
90
128
347
161
310
109
392
87
385
314
267
286
289
5
33
194
10
269
243
225
257
95
3
160
306
98
64
233
166
46
82
376
53
124
376
160
229
383
105
28
84
240
103
21
83
396
4
133
204
220
240
358
176
228
2
71
200
291
242
52
222
334
279
342
298
370
347
325
268
367
111
232
339
19
369
141
231
216
153
13
46
199
354
113
23
282
230
121
19
272
221
344
122
177
80
80
238
337
61
252
224
377
191
291
195
54
220
166
103
86
67
288
271
65
241
8
121
258
165
170
42
170
363
148
13
230
222
129
8
30
42
56
66
316
21
327
172
359
149
93
326
348
24
306
51
247
206
291
1
1
86
223
279
119
190
19
34
251
18
34
34
141
124
201
371
153
64
397
88
233
175
0
275
195
329
207
193
378
275
26
9
165
136
23
282
279
86
171
285
284
333
100
10
84
125
148
162
74
381
191
253
270
184
300
224
87
115
276
40
151
122
58
268
384
340
130
52
105
348
234
306
184
231
290
69
84
182
118
349
278
121
33
380
135
273
371
294
27
144
83
59
310
303
53
254
280
14
18
241
92
13
382
313
268
398
28
99
262
176
184
71
303
4
352
11
121
93
226
295
231
116
116
247
58
315
168
6
282
286
2
361
366
315
106
273
369
73
37
312
362
372
181
56
25
160
9
0
308
97
74
85
309
269
391
110
132
150
60
113
24
71
76
261
335
43
351
268
10
315
161
65
314
119
142
321
204
181
301
231
279
217
61
209
240
151
289
148
83
350
1
92
41
261
123
245
252
261
129
68
309
307
302
160
74
310
246
85
131
4
270
84
81
223
31
72
37
210
385
184
213
250
33
386
386
150
299
12
89
257
48
222
26
367
117
2
280
31
156
278
67
241
385
174
300
224
78
65
299
260
277
193
247
349
238
48
201
92
263
40
7
305
75
56
78
249
276
172
333
204
64
214
23
283
12
295
210
267
118
83
4
188
88
0
347
240
115
271
354
275
54
224
351
384
38
276
17
130
302
167
312
12
378
278
283
166
25
83
237
236
22
124
274
38
324
1
396
160
321
210
374
1
267
44
101
215
192
165
124
7
398
281
380
189
390
334
323
255
170
372
391
72
350
133
315
64
325
213
158
372
278
43
131
127
357
10
273
328
134
207
28
69
341
155
0
249
213
352
235
183
37
274
326
189
124
373
364
58
208
363
146
313
80
92
328
44
62
189
376
230
61
92
125
33
36
185
291
303
216
383
39
313
258
224
269
272
368
106
56
43
331
73
188
397
109
151
225
59
307
175
372
337
333
315
364
207
355
373
397
105
368
132
2
312
342
138
19
272
308
289
135
148
178
109
347
247
323
248
113
61
298
73
75
376
349
137
304
309
124
340
25
143
131
190
382
162
369
381
15
25
130
216
355
294
339
278
164
256
223
28
133
35
38
108
200
166
334
166
351
203
370
124
123
262
322
88
368
121
397
40
299
2
56
334
368
196
7
97
43
31
374
37
35
313
33
166
268
108
257
203
216
131
237
4
186
205
16
49
357
196
247
16
81
315
251
254
332
88
2
211
203
52
269
212
251
229
266
223
381
5
155
19
232
299
117
181
20
330
336
136
41
274
229
37
97
127
123
190
181
184
309
13
299
150
270
343
204
49
258
204
268
88
179
276
104
363
174
99
371
40
181
385
49
290
103
275
269
166
82
189
328
366
241
148
372
382
302
308
88
135
197
258
322
14
169
330
120
107
93
96
44
268
99
164
4
84
370
290
225
194
297
167
94
305
328
216
354
76
226
0
44
266
109
75
19
243
57
392
104
146
226
367
44
78
285
253
380
334
271
259
25
46
74
328
348
268
14
257
166
323
308
393
74
313
90
42
253
285
205
191
211
210
267
127
58
85
283
251
62
254
251
66
159
322
57
120
175
188
239
259
236
62
108
150
346
372
141
21
213
20
44
19
283
379
217
280
395
260
68
351
69
132
377
334
397
63
23
35
237
255
270
125
61
27
134
59
110
209
233
97
237
260
203
163
22
55
302
235
327
133
266
359
202
243
28
218
152
73
141
199
206
358
252
336
70
192
77
390
136
390
144
26
372
268
10
294
76
122
238
162
339
351
72
70
262
15
319
252
172
140
21
90
348
356
209
304
79
323
31
92
387
304
293
151
91
332
64
274
152
203
291
226
217
323
171
9
335
263
9
390
387
351
317
168
366
365
319
22
353
166
266
267
268
29
59
262
232
182
2
182
335
115
91
268
186
281
165
110
5
0
187
189
268
294
290
347
117
66
153
100
210
265
119
234
27
332
361
370
270
108
284
141
117
133
263
169
182
8
86
231
65
149
111
225
268
205
181
90
62
158
66
82
321
1
7
54
350
227
24
106
196
225
240
113
81
310
129
203
253
379
288
333
384
303
161
398
256
204
75
36
10
53
393
187
316
345
247
135
359
83
103
57
5
253
217
51
292
32
314
142
117
128
128
277
165
335
386
238
58
91
67
221
172
100
99
344
229
390
70
33
286
175
264
0
206
393
248
205
103
199
140
335
30
11
6
34
189
21
386
40
351
334
284
169
345
355
108
252
326
326
109
392
173
196
82
60
109
101
36
4
246
294
357
149
172
205
103
170
261
52
114
230
110
351
188
0
335
338
142
155
240
40
93
364
253
87
289
109
272
285
196
188
347
366
19
178
348
305
195
22
305
208
257
377
98
306
376
303
357
107
25
236
262
338
8
258
159
333
45
241
233
274
40
185
245
86
142
330
355
197
239
122
393
183
347
3
224
398
182
344
147
137
352
77
221
195
247
39
45
351
355
208
126
11
215
299
200
120
194
264
228
53
181
200
60
271
332
133
15
128
322
147
274
112
169
90
8
369
397
194
153
372
130
21
253
111
161
254
66
117
3
146
237
73
61
344
211
222
274
281
155
253
127
63
185
154
294
192
86
317
105
311
92
217
90
81
359
242
335
375
12
143
317
147
189
213
251
227
42
257
259
318
142
314
158
201
335
269
304
4
256
329
269
81
162
273
358
146
330
60
315
337
83
166
321
351
15
145
70
333
184
126
232
350
250
318
178
44
375
327
310
355
315
320
83
223
147
282
212
171
350
362
331
355
120
172
307
336
106
355
310
40
396
354
209
44
321
282
171
187
153
341
266
136
201
376
271
289
236
154
151
256
163
195
249
231
194
338
388
67
78
281
276
391
36
3
124
289
96
351
314
79
50
123
368
288
94
343
250
243
133
349
192
142
152
187
48
283
328
276
144
275
366
34
339
107
356
263
239
57
131
365
260
82
378
123
200
291
138
70
47
296
311
7
315
52
128
321
154
277
230
390
397
170
293
49
387
165
119
366
189
230
134
215
381
225
306
55
244
228
52
242
22
111
333
394
228
148
261
237
244
62
317
4
8
339
179
47
36
143
141
190
362
345
309
210
215
63
14
197
232
164
189
171
289
46
289
136
103
338
284
211
219
11
101
206
114
11
361
242
368
39
383
200
85
95
72
235
228
138
395
233
262
203
317
58
217
90
282
215
336
382
135
17
0
221
181
6
361
102
199
81
84
112
232
4
50
23
234
339
274
370
272
250
370
378
264
310
142
149
3
393
143
41
381
183
325
103
138
284
76
182
311
62
329
288
139
267
340
162
290
5
195
93
78
299
345
223
21
270
58
105
341
116
375
126
136
253
14
173
330
10
296
327
352
358
10
270
124
270
263
46
60
25
271
78
50
331
147
191
205
132
231
358
94
369
330
69
188
180
184
35
167
127
252
382
331
323
244
106
162
238
254
96
208
108
177
304
77
197
343
305
279
36
262
370
203
2
278
51
231
249
5
173
193
103
372
180
192
56
14
51
344
270
63
22
385
358
18
279
200
36
193
6
180
264
111
274
198
72
32
207
178
332
118
106
271
296
85
231
338
375
351
245
249
114
336
173
389
103
253
274
14
330
327
376
221
248
308
2
292
195
319
321
389
383
201
12
146
198
164
53
216
179
21
281
0
52
307
363
104
381
254
16
246
347
62
0
332
213
262
329
66
297
268
204
270
104
44
256
356
169
173
341
286
172
371
196
143
114
339
136
177
172
212
240
258
219
181
346
18
324
382
293
114
46
311
171
148
305
137
182
159
12
6
137
379
170
252
61
166
127
340
308
104
2
164
119
68
174
228
260
108
267
120
325
352
108
72
214
41
52
62
325
338
152
139
204
337
380
158
168
260
63
107
301
308
250
338
41
147
38
367
178
381
74
250
303
117
8
389
354
75
352
177
89
372
326
135
339
330
319
313
296
8
63
175
273
20
4
347
229
33
290
211
52
277
77
347
36
371
142
175
216
51
158
223
169
243
383
314
31
95
196
83
346
354
225
276
13
81
163
126
372
346
47
196
0
76
290
39
248
321
218
18
70
353
186
150
158
52
36
329
225
262
264
110
44
24
149
377
200
221
37
197
193
122
18
193
277
42
69
252
250
336
336
155
86
206
155
177
144
283
63
342
133
127
117
291
135
70
148
72
242
336
333
324
384
388
334
25
96
256
209
399
1
179
173
225
332
341
70
191
143
341
209
245
297
169
108
94
330
290
143
15
297
144
15
73
62
335
259
331
275
120
132
172
219
287
114
98
333
93
270
282
45
9
123
54
321
206
379
165
305
110
213
281
304
164
229
111
212
153
195
298
378
72
289
199
4
35
393
81
60
294
328
156
368
159
27
161
68
280
136
378
1
76
59
302
34
224
9
240
126
182
153
40
53
93
43
41
357
230
321
367
17
281
99
281
298
13
78
133
252
244
227
29
277
339
60
385
391
32
183
312
209
313
245
98
124
268
108
285
52
301
77
81
171
386
261
339
234
369
209
280
105
196
144
239
5
354
96
360
157
257
5
372
69
171
261
120
188
335
338
248
201
14
356
52
50
334
323
88
393
151
209
104
346
168
147
234
177
258
12
61
80
359
86
114
37
122
82
155
65
265
366
48
92
48
333
144
99
346
243
189
115
362
93
157
245
231
330
50
42
112
162
101
59
232
247
361
193
345
134
248
327
339
330
269
6
331
107
359
91
32
128
211
234
278
384
41
238
38
61
388
77
86
193
30
296
347
261
347
371
59
172
352
314
51
384
278
379
362
94
64
42
9
56
43
173
222
279
295
198
8
327
105
381
355
143
301
181
234
182
355
286
1
303
106
79
347
368
36
92
194
343
340
36
36
196
19
93
330
87
255
250
249
110
325
180
377
193
253
12
135
12
130
268
376
232
20
249
191
19
109
203
156
169
135
101
359
316
15
131
197
118
83
148
253
168
118
175
337
96
340
89
173
260
386
78
230
6
118
6
220
151
24
166
110
125
169
236
169
103
297
365
48
359
212
220
148
156
384
220
225
362
208
22
351
198
357
97
282
12
191
313
192
310
45
180
81
253
61
86
224
34
65
202
200
255
159
366
47
398
101
324
323
45
55
173
342
305
61
66
289
395
137
197
247
309
345
367
273
174
174
112
387
369
99
23
271
318
96
98
278
356
165
210
350
289
7
370
219
334
63
332
229
163
69
130
0
373
152
358
152
29
64
294
218
40
311
316
14
249
172
199
245
215
299
338
26
390
92
5
165
217
202
115
250
267
345
11
358
31
155
355
393
371
313
16
253
273
224
364
102
114
154
71
394
396
36
213
361
251
243
125
312
341
385
396
340
110
263
376
374
152
108
201
398
167
164
176
99
350
335
359
160
356
151
20
160
280
347
96
183
54
248
348
152
97
387
323
358
2
212
365
227
152
293
170
137
313
67
58
26
396
162
114
254
339
389
51
68
114
58
330
217
65
368
370
111
46
299
107
398
74
182
223
186
2
187
288
203
168
267
7
36
164
194
174
166
154
349
189
256
227
190
270
101
78
363
177
33
318
91
71
155
381
87
197
205
330
294
369
51
62
176
76
368
203
189
320
215
316
399
52
391
135
117
160
383
391
77
198
340
348
170
153
297
372
112
189
47
82
240
311
362
183
85
207
66
260
136
217
43
31
287
206
264
73
38
343
143
77
393
309
318
261
328
31
390
5
203
93
22
170
232
302
273
109
273
136
389
50
293
297
275
167
248
119
25
305
131
128
360
194
234
380
163
101
282
75
292
311
197
277
87
279
29
320
204
137
69
213
348
31
296
246
227
67
295
223
238
369
368
370
174
55
0
189
107
359
3
239
131
175
204
254
230
295
319
223
280
257
310
52
371
233
60
157
368
122
10
383
119
218
144
282
149
90
370
266
161
70
128
317
206
339
104
21
230
278
160
261
224
282
98
77
369
201
372
41
15
147
97
386
274
322
308
75
383
75
136
260
399
170
90
2
290
189
136
300
68
228
329
43
380
261
385
205
190
47
76
309
94
166
31
388
146
237
3
127
72
175
276
365
253
4
395
240
358
72
141
392
163
86
222
263
21
48
36
121
111
156
273
78
175
121
122
143
40
132
329
296
370
24
156
114
279
319
238
298
28
13
164
388
133
1
214
106
10
399
57
313
259
72
11
184
290
38
370
292
159
276
134
319
19
92
263
218
212
147
237
246
256
227
337
382
238
295
174
100
196
301
18
122
98
68
179
357
303
223
22
215
28
312
52
340
83
53
398
337
163
123
295
188
69
146
275
363
299
140
221
39
188
80
302
138
80
399
315
301
318
186
315
333
365
130
119
273
104
365
90
161
106
151
256
310
236
289
225
81
393
272
259
382
78
227
222
97
370
363
87
97
4
87
130
226
59
244
331
366
57
29
305
204
281
115
289
378
223
113
200
9
305
150
185
234
257
302
75
167
183
58
161
307
265
37
225
202
247
88
145
219
226
391
267
247
389
191
49
307
248
128
169
142
326
46
258
395
344
83
113
258
16
161
192
396
386
146
252
280
201
53
393
346
151
127
1
87
86
231
196
387
259
349
110
173
328
161
249
149
331
294
369
61
239
20
51
210
361
130
327
234
19
31
376
343
201
91
90
283
28
126
247
188
388
152
116
92
30
32
232
120
189
285
384
63
274
14
254
285
254
213
98
336
212
111
235
218
328
350
142
368
71
129
398
13
37
237
25
320
133
159
276
300
326
271
368
200
357
305
212
134
90
261
298
392
399
287
170
209
330
359
338
353
276
27
356
66
91
321
281
302
131
139
168
312
32
293
326
11
67
2
244
376
295
65
74
150
119
312
153
279
48
203
342
31
355
292
137
304
166
398
2
77
86
119
239
153
194
382
181
337
55
373
283
388
261
397
71
192
312
30
284
347
76
371
190
163
103
205
195
260
189
142
206
206
194
6
267
357
251
147
308
309
308
158
263
235
179
87
239
297
115
17
388
272
184
8
367
379
218
155
154
287
220
122
229
13
219
233
172
355
42
235
291
121
24
359
145
317
354
74
143
375
171
69
247
371
223
202
19
57
157
263
43
85
62
163
143
108
175
224
312
187
179
56
378
268
305
281
94
13
249
29
48
170
243
288
48
102
366
90
13
345
224
165
88
236
316
357
176
251
42
44
61
266
284
206
107
117
82
336
347
14
264
179
257
24
104
148
45
186
262
120
74
21
68
156
334
326
276
352
348
221
229
118
262
221
67
123
83
260
290
117
391
146
21
100
252
162
33
216
116
147
209
116
323
377
126
189
109
148
28
342
135
253
190
162
266
1
68
102
0
275
55
165
365
176
7
373
179
184
281
11
239
304
77
41
347
330
42
114
234
289
39
230
395
189
76
389
347
189
323
140
26
390
244
352
82
356
284
268
64
1
107
174
67
42
77
394
237
192
104
178
288
108
186
262
283
76
369
370
79
252
284
332
86
126
245
195
186
11
63
99
343
71
100
99
20
311
147
234
89
127
277
100
125
90
176
134
186
223
263
238
29
13
324
161
169
117
331
239
357
381
4
101
335
356
295
97
182
109
231
162
24
152
218
349
170
204
393
135
110
384
284
370
346
304
19
279
127
386
171
341
263
299
141
387
49
392
210
31
394
128
258
63
143
204
346
373
123
340
22
365
366
45
263
326
148
255
330
13
107
368
239
153
243
359
362
76
264
244
21
155
242
27
104
16
227
397
216
350
144
131
55
67
187
47
162
287
89
117
104
339
150
249
391
27
188
169
9
387
344
171
25
249
34
300
38
350
50
278
380
160
8
94
64
252
170
251
370
318
374
77
365
214
336
323
117
213
323
8
333
241
38
305
399
388
111
230
95
209
251
339
173
122
178
368
145
97
362
248
116
276
373
211
198
23
203
163
354
17
246
96
361
109
355
265
206
76
50
122
181
99
126
129
186
319
226
313
286
149
34
345
361
140
18
245
255
355
115
377
364
279
233
87
238
385
260
390
194
157
309
11
115
220
310
198
41
267
174
220
126
152
279
360
12
214
250
156
129
28
330
172
155
34
296
324
333
280
260
231
391
345
358
278
321
34
338
341
356
61
318
255
41
183
54
180
280
91
61
125
325
195
256
57
127
358
218
394
148
49
344
288
151
101
250
268
300
381
175
235
35
314
123
53
299
326
291
156
135
242
220
393
67
138
153
174
333
318
395
145
399
148
37
272
123
128
205
38
70
138
381
231
108
99
307
316
223
208
149
382
242
135
36
69
226
45
300
145
220
261
306
245
1
263
299
331
140
398
377
291
161
151
239
332
273
100
65
272
326
142
254
304
23
142
387
13
295
288
76
312
86
185
120
125
70
37
388
354
118
118
138
217
390
231
361
213
7
352
182
103
192
31
265
0
179
244
341
337
365
121
210
302
180
129
198
195
96
168
79
158
398
255
292
150
16
144
142
342
224
363
32
334
362
287
38
168
220
360
41
131
32
10
125
4
268
88
289
259
122
288
314
215
109
178
227
75
396
177
52
310
194
344
41
379
39
301
95
331
85
248
31
339
306
97
384
40
91
94
173
351
320
144
147
268
26
363
252
137
237
141
223
218
117
120
76
303
149
79
394
78
19
41
38
248
396
95
205
203
213
194
301
259
133
307
225
365
104
396
339
72
215
395
13
48
271
192
156
24
121
199
29
108
324
114
144
256
381
344
100
47
332
189
300
81
279
172
269
115
381
375
2
136
277
218
366
193
249
149
141
64
161
340
320
217
375
227
277
240
261
12
228
383
384
3
373
222
241
223
99
390
100
380
15
302
38
58
317
278
106
203
191
109
84
377
67
332
42
242
12
325
227
284
180
39
301
34
81
242
259
241
136
272
34
258
236
391
78
57
385
88
339
194
255
137
178
223
222
20
313
124
111
290
221
145
106
385
260
312
135
85
167
291
314
188
191
7
207
160
172
82
137
314
263
73
53
63
97
288
55
175
354
150
266
274
46
266
86
55
306
132
60
44
321
10
37
187
363
205
121
256
371
0
4
364
122
191
216
184
78
247
237
149
372
395
386
71
262
66
288
51
386
118
329
381
262
316
148
185
101
64
107
291
101
250
68
356
186
122
115
53
136
133
85
102
370
104
284
360
394
116
248
216
254
70
159
301
214
87
315
70
43
183
221
392
62
343
358
350
107
193
329
105
25
131
289
78
371
51
333
221
42
246
339
170
43
340
252
85
15
44
73
361
102
377
294
154
55
348
205
132
178
157
262
310
342
146
31
265
231
160
154
142
37
131
318
122
358
181
394
67
312
145
392
36
343
193
5
286
42
382
209
146
30
304
311
199
210
170
394
242
140
332
382
77
3
385
149
240
290
202
366
202
222
339
184
314
254
296
78
299
77
342
196
217
394
301
339
29
59
87
159
234
319
395
335
56
343
334
244
100
260
359
193
87
201
116
358
51
290
205
216
46
285
45
125
191
71
40
269
382
133
15
309
143
21
235
44
354
27
130
288
46
114
63
383
32
205
1
81
227
171
216
39
318
103
161
7
155
251
245
367
65
65
20
82
168
362
43
257
33
382
121
374
80
310
377
324
8
178
357
334
234
268
186
226
351
363
62
265
67
170
163
306
211
357
351
334
36
342
169
334
339
222
376
220
382
95
175
259
281
307
18
12
116
68
338
362
189
74
390
390
302
149
96
227
365
242
64
206
375
149
291
296
329
61
116
192
246
47
107
32
341
124
125
196
205
365
57
198
6
137
306
29
303
97
292
269
50
379
83
75
197
221
292
257
379
39
58
290
241
343
174
220
116
182
17
67
388
58
119
183
370
382
158
324
78
159
332
172
391
82
2
369
4
3
345
168
335
132
228
31
56
221
146
133
41
379
178
196
395
140
327
53
48
200
294
255
220
343
25
302
160
149
94
92
35
352
174
65
19
102
373
297
369
337
167
215
161
385
220
277
98
269
282
82
205
260
190
374
280
154
241
327
81
169
5
171
230
87
22
79
45
36
116
82
114
338
228
340
104
231
267
204
289
298
281
193
389
75
105
315
36
237
113
272
126
51
153
99
242
7
71
318
197
180
253
209
199
283
194
221
199
352
389
256
157
176
373
271
189
197
231
301
1
317
192
96
40
168
143
7
376
197
37
326
186
244
295
198
260
351
349
183
203
297
193
257
382
186
152
202
395
112
211
137
65
209
220
238
185
105
119
399
350
152
96
147
44
343
93
75
176
173
358
148
157
113
295
329
395
390
46
383
134
184
285
301
378
222
136
116
184
342
231
70
47
364
87
337
296
159
96
255
29
1
203
196
363
339
209
356
363
196
348
275
267
275
345
73
118
177
112
139
301
185
374
47
285
170
128
186
387
153
316
289
160
205
391
201
26
156
261
82
126
271
332
336
387
288
370
180
7
34
109
160
46
192
378
377
15
86
382
374
156
346
221
333
276
41
363
209
151
240
130
134
308
60
30
139
193
322
99
179
397
228
245
161
149
320
128
126
129
102
374
14
9
43
38
24
81
350
379
123
202
324
320
21
261
17
145
99
353
138
250
290
219
152
390
110
368
393
250
373
283
169
185
335
306
354
13
60
137
110
265
283
111
357
293
273
110
355
356
349
287
278
114
89
182
292
95
17
174
275
364
144
60
167
236
265
392
336
56
6
75
177
22
66
262
220
375
201
185
167
248
377
37
337
151
104
157
378
11
243
381
387
324
232
60
183
320
140
40
88
243
327
23
189
58
8
212
104
74
331
61
290
101
345
372
116
269
86
392
70
175
395
109
323
301
363
228
37
157
67
388
6
132
244
369
53
13
16
217
40
225
389
114
259
214
380
236
54
39
97
0
102
6
309
207
336
85
2
210
164
373
337
16
10
47
216
379
315
376
325
306
224
294
371
96
69
296
54
246
170
268
365
141
146
255
245
295
201
73
67
68
109
338
365
289
67
97
364
329
286
13
113
273
309
28
315
387
219
12
17
174
210
138
341
330
299
372
283
376
295
303
362
36
296
252
253
296
265
236
103
73
208
286
344
392
254
130
91
101
303
288
183
104
200
118
16
369
121
16
163
201
177
351
345
380
308
138
265
22
91
275
49
145
81
101
369
16
194
63
145
342
56
308
294
180
297
90
309
155
132
66
9
85
59
108
114
384
250
218
221
326
77
197
390
26
43
28
389
246
357
380
127
171
29
124
91
239
373
393
166
375
94
337
349
383
233
399
38
21
329
386
282
204
37
23
163
349
364
341
57
11
28
178
302
396
246
307
56
315
257
165
16
285
351
128
81
77
120
242
151
37
353
266
350
238
353
376
13
289
124
101
318
385
129
344
19
328
347
376
118
316
360
221
352
207
125
78
249
331
171
124
142
27
295
302
50
247
293
45
297
42
237
210
295
87
245
107
21
13
244
33
134
225
107
205
234
12
362
14
140
302
17
206
242
339
132
0
236
303
133
308
111
164
129
53
18
395
285
106
161
331
307
354
9
189
394
352
30
133
260
12
326
29
306
224
385
144
369
14
326
390
60
279
369
285
191
77
328
220
1
269
317
45
155
175
289
43
390
75
95
39
252
16
195
144
213
71
250
379
306
173
354
285
12
200
85
179
52
187
127
208
270
380
312
253
31
386
14
61
299
379
355
109
70
19
61
202
60
37
232
217
298
352
169
59
43
277
220
6
20
25
297
218
295
359
37
112
109
257
233
303
153
327
363
34
3
257
115
395
394
55
59
165
82
51
272
325
230
352
60
113
254
388
169
245
187
264
387
70
265
255
271
157
276
47
246
16
274
192
256
74
258
354
291
353
111
250
121
207
270
92
103
358
306
113
47
387
140
394
129
156
42
193
108
178
206
348
130
234
139
210
220
141
287
138
25
161
371
330
380
61
165
290
55
270
152
125
336
329
127
141
165
96
209
306
324
286
15
278
164
284
62
202
139
95
272
353
26
168
344
238
280
287
391
48
46
136
355
379
87
153
174
277
100
198
327
283
105
287
29
11
98
193
173
254
366
244
112
346
70
174
181
117
118
10
155
341
353
225
356
26
149
73
336
43
39
290
315
144
65
86
206
291
135
74
331
193
9
269
250
316
241
36
391
280
90
96
259
70
43
188
208
128
88
327
117
87
22
27
344
49
169
79
211
396
280
345
136
86
240
314
207
120
307
167
241
277
27
281
120
226
149
218
371
241
113
163
170
260
287
146
92
95
291
382
316
396
292
161
95
287
351
303
342
277
230
318
257
378
138
68
197
206
126
105
8
38
377
397
121
311
143
333
239
369
162
262
311
62
316
388
319
200
371
145
21
230
199
72
315
398
370
84
313
320
259
274
120
27
272
127
76
258
137
203
131
29
291
194
299
223
249
72
387
227
39
76
336
160
27
214
149
63
353
36
197
363
392
81
350
353
197
58
63
309
313
264
271
158
347
27
51
274
42
73
188
316
51
198
129
14
24
87
180
141
385
68
38
106
343
70
48
344
216
7
269
49
31
202
39
8
284
182
53
363
56
36
73
273
358
162
221
303
102
100
195
65
220
163
124
378
308
280
0
191
360
207
119
153
220
257
244
127
283
82
121
347
152
343
96
61
33
258
231
199
263
181
317
276
110
185
292
144
316
55
381
186
16
301
99
391
181
383
140
292
323
24
370
39
342
13
43
132
366
370
126
5
166
33
180
323
68
335
306
313
37
232
168
265
160
356
396
97
292
84
216
54
354
75
366
9
173
380
326
266
252
135
66
4
205
114
144
297
4
199
164
77
340
19
154
107
7
47
261
115
396
387
88
89
43
319
262
96
226
165
89
354
237
243
1
331
154
363
107
219
174
320
76
273
189
87
166
166
363
138
116
353
230
173
395
398
368
98
389
311
195
351
355
9
328
67
358
210
373
351
139
93
303
341
104
220
311
365
37
256
157
349
90
144
34
244
322
96
173
147
274
392
338
89
50
87
38
225
318
220
5
22
45
338
362
273
227
327
265
325
120
233
372
256
281
88
153
384
233
258
164
233
390
59
306
171
254
100
98
317
178
83
195
60
158
380
306
133
194
398
137
307
183
158
371
60
203
170
356
399
136
43
386
288
30
346
106
397
273
359
181
315
212
159
225
303
169
92
387
250
161
20
244
168
184
32
233
185
284
20
17
86
119
380
95
291
73
190
222
160
58
1
206
245
176
276
379
102
261
343
219
267
300
146
189
398
67
274
84
127
286
388
280
339
77
236
151
89
171
210
341
363
89
397
120
392
137
27
393
138
55
28
10
298
73
148
194
5
255
64
397
346
293
34
21
158
263
46
302
198
263
162
188
3
171
328
64
382
282
72
56
41
392
325
299
392
231
28
134
391
364
232
287
16
335
14
201
302
57
134
295
317
358
243
276
173
21
343
0
101
352
286
101
396
237
83
325
202
81
176
6
399
68
229
90
340
65
336
126
169
339
315
373
87
321
242
192
387
230
182
353
88
263
58
38
278
231
68
84
178
346
288
242
131
115
38
328
141
386
351
315
320
72
222
120
190
80
398
75
298
336
133
20
348
156
195
70
152
31
347
94
46
127
252
123
207
241
341
69
274
6
219
6
145
298
362
392
243
388
79
55
374
185
31
301
48
324
212
38
272
291
399
59
53
60
385
90
323
245
144
384
163
368
171
219
60
70
144
47
390
238
316
22
376
190
82
395
365
8
148
202
55
237
0
286
330
20
75
231
299
183
13
94
113
205
18
105
90
251
14
153
128
0
230
158
188
236
304
192
344
174
162
113
206
366
186
77
291
309
357
285
266
89
258
18
226
51
136
46
150
226
383
266
187
99
123
66
320
146
399
196
157
342
0
342
184
121
396
399
382
279
342
3
306
172
130
250
235
125
219
311
173
126
214
346
149
292
86
370
300
65
189
14
217
84
304
233
162
80
297
1
351
373
180
137
139
250
186
375
191
352
166
4
88
109
148
383
386
381
128
167
197
130
57
95
398
315
90
295
304
15
138
77
206
310
339
90
23
78
164
25
239
221
351
235
99
331
291
367
359
334
197
391
266
0
302
42
360
145
7
379
70
305
82
396
328
331
394
176
143
78
311
236
193
180
124
126
147
173
180
377
182
79
244
69
77
370
32
121
326
97
367
5
379
89
368
278
371
186
196
394
179
21
305
366
117
44
378
221
327
63
291
191
90
392
275
212
346
57
36
42
396
25
383
318
235
215
150
170
138
72
187
330
232
12
102
38
64
250
160
10
335
332
355
220
6
327
260
351
285
235
222
345
91
20
221
121
101
280
18
318
30
341
231
289
93
38
35
352
271
202
128
181
310
375
364
9
119
82
241
110
45
132
168
194
272
247
346
169
378
210
366
332
275
183
99
304
50
9
104
150
231
15
330
302
294
293
304
125
148
182
225
74
367
323
355
337
312
183
220
182
187
268
155
217
101
207
8
50
336
322
369
16
197
206
356
177
313
326
302
204
162
74
181
119
139
127
60
88
345
345
287
337
147
17
250
319
383
387
290
214
59
179
28
277
178
319
205
231
342
375
394
135
271
32
108
25
346
122
76
14
52
174
204
284
140
82
154
301
181
112
394
12
70
271
318
147
58
278
21
389
93
245
229
249
321
245
284
392
142
23
215
325
104
95
71
225
307
60
90
313
86
392
296
119
301
62
332
25
270
96
393
311
244
93
33
368
89
395
225
134
220
312
124
85
62
84
61
146
81
326
292
360
168
48
176
244
212
202
136
152
21
98
219
94
283
258
393
376
319
187
198
101
11
145
353
155
126
147
2
27
351
83
205
19
312
206
344
34
125
351
259
155
344
218
130
358
264
224
77
49
100
231
243
83
6
50
193
119
83
84
276
374
260
43
5
290
210
54
367
10
156
90
364
349
50
316
145
370
378
346
262
12
109
204
194
282
127
395
187
21
322
15
342
112
198
107
286
35
198
331
365
129
328
375
117
377
69
396
395
358
315
217
71
112
92
305
262
115
269
319
387
263
274
71
125
54
148
171
125
150
341
60
388
28
65
194
320
59
154
297
252
348
179
169
135
44
11
107
208
350
17
145
1
46
162
265
66
236
345
188
276
327
170
67
118
318
128
326
257
327
179
94
286
395
297
140
340
123
208
388
38
3
399
191
219
132
165
116
104
149
158
366
43
101
324
203
130
353
342
366
261
56
36
146
222
231
362
85
343
351
9
197
194
228
274
250
366
202
204
102
303
65
203
335
384
176
362
364
116
252
317
389
100
244
186
308
98
216
182
374
240
11
385
347
251
114
297
113
302
38
395
63
223
271
47
291
2
291
159
168
15
159
84
369
89
297
316
240
44
295
55
380
148
175
377
18
142
237
150
32
186
56
284
96
333
297
129
348
52
65
34
251
197
232
20
335
278
228
280
118
188
212
323
305
255
326
353
240
357
299
157
336
99
110
218
134
160
203
215
35
315
161
245
213
264
107
344
361
48
162
285
285
354
129
257
172
48
273
177
214
238
383
308
210
251
88
399
258
310
177
358
88
246
186
0
249
222
147
345
89
247
328
43
109
48
325
95
150
75
162
209
325
203
197
296
133
220
63
398
218
185
119
156
19
157
217
382
318
298
85
