249
222
147
43
89
387
385
250
109
183
325
264
240
51
369
225
147
203
197
95
377
101
54
145
398
251
185
343
242
184
387
396
48
209
85
392
214
210
35
197
103
275
382
93
255
176
209
380
87
316
214
259
280
175
204
373
348
348
2
151
150
212
126
226
70
39
270
150
134
37
356
373
358
300
279
189
125
341
305
60
172
204
161
398
34
199
123
0
213
241
334
82
349
176
156
116
142
366
348
132
139
257
251
340
291
73
120
226
236
56
236
27
192
370
280
198
224
9
309
252
227
82
300
76
387
234
307
271
338
4
49
148
272
183
263
28
190
125
112
255
38
373
301
224
166
140
169
45
308
275
323
289
137
242
132
215
61
77
41
338
251
140
161
37
306
139
6
106
59
48
397
3
240
324
25
37
289
48
166
248
346
345
10
226
388
118
379
324
29
27
174
243
347
313
264
275
109
114
45
238
5
356
149
352
24
362
363
84
39
302
101
338
179
280
16
46
298
256
337
353
73
382
236
53
233
213
294
258
303
174
42
320
289
164
186
53
164
33
48
238
253
151
269
242
152
251
17
209
36
286
190
388
115
153
181
195
52
301
261
155
120
387
279
302
242
199
394
105
215
325
64
181
319
285
105
252
350
32
389
164
259
213
350
153
112
175
327
391
286
233
69
72
301
182
392
50
107
43
335
385
105
283
283
59
257
79
52
339
183
94
172
185
388
267
296
26
336
236
333
11
55
51
266
132
366
149
106
98
291
245
11
55
150
344
220
75
27
285
70
172
373
308
11
373
346
299
227
146
222
122
62
172
324
34
138
333
188
94
169
327
390
242
235
227
156
373
137
256
343
77
383
218
60
123
282
313
356
387
42
98
141
227
302
163
264
298
300
68
260
163
362
317
23
200
163
190
83
219
14
354
181
353
301
364
139
6
342
7
292
383
310
86
360
169
37
6
248
83
137
240
33
186
85
291
269
11
97
159
44
125
16
105
192
265
254
33
388
0
212
253
283
70
301
59
91
65
302
238
10
63
237
258
240
284
256
84
22
24
379
330
134
340
389
122
0
336
281
293
109
16
107
195
239
313
303
333
288
193
95
96
163
107
337
317
35
132
16
30
152
155
101
381
388
114
369
105
307
255
19
222
368
358
143
243
355
225
123
131
273
15
157
351
112
124
364
29
41
338
23
181
336
93
1
321
298
141
171
283
100
371
258
40
155
252
201
149
120
294
255
221
45
356
222
127
185
199
117
115
382
113
317
145
180
310
301
30
142
374
265
298
374
93
210
352
356
270
389
4
197
322
163
13
67
298
325
347
272
103
196
273
202
303
96
185
261
220
169
389
145
205
234
209
177
82
87
207
147
397
238
172
164
295
285
164
379
294
139
332
139
52
61
150
365
70
47
80
222
4
65
238
80
332
321
135
180
203
238
217
302
173
137
250
332
343
99
313
32
190
272
310
257
358
66
282
374
104
133
72
310
358
233
27
148
358
234
262
105
89
304
216
100
359
54
23
239
378
336
104
200
193
187
325
349
338
378
389
391
351
66
235
270
57
239
83
8
327
160
134
27
229
101
48
196
274
298
218
257
322
284
369
393
119
318
31
301
277
307
242
13
183
144
173
105
225
132
128
0
35
88
101
16
165
250
168
277
270
256
277
105
250
8
65
109
275
118
264
8
184
380
77
50
62
255
320
170
347
174
42
78
259
142
334
321
84
149
283
53
234
226
60
195
5
379
8
364
111
110
235
45
294
210
287
33
79
332
18
325
78
227
131
258
179
87
217
243
111
127
144
28
59
346
115
14
91
117
79
100
264
167
53
172
84
322
250
152
67
225
267
185
20
94
189
111
45
116
379
391
305
392
89
338
13
316
226
103
11
58
328
97
5
334
170
115
285
210
175
80
198
268
71
299
308
181
127
11
290
293
177
233
329
131
104
233
186
374
160
244
49
365
264
240
377
112
322
232
390
215
101
36
212
108
1
87
123
130
63
34
213
33
96
191
50
71
371
376
16
25
269
140
17
364
52
331
118
224
292
175
24
9
341
235
3
169
148
285
190
381
105
334
193
18
167
281
220
396
113
360
188
124
159
196
112
117
202
189
234
22
330
246
78
75
140
51
161
243
42
179
382
149
289
396
64
284
331
214
224
91
274
101
182
66
2
168
16
196
80
287
179
6
68
288
343
285
90
90
2
103
163
12
195
15
14
376
241
167
66
366
204
235
69
252
312
394
84
94
125
215
118
273
203
308
228
220
79
16
317
202
28
325
334
336
186
328
378
47
171
31
202
373
139
145
156
83
317
203
132
253
71
398
16
157
83
69
68
369
387
127
384
242
251
242
198
390
159
79
353
139
10
14
58
249
109
163
208
379
145
211
146
229
217
218
135
130
252
31
246
125
221
267
121
346
51
78
148
155
235
360
40
92
53
225
97
364
79
126
166
325
77
164
125
395
152
68
147
171
64
77
350
84
372
10
169
387
294
193
2
290
215
361
92
45
67
94
57
68
84
129
205
84
135
157
130
337
378
268
384
394
388
293
241
83
385
345
325
264
312
312
161
54
206
45
322
219
336
6
213
290
342
329
158
116
151
221
180
56
333
127
206
27
60
143
280
352
260
316
85
20
92
306
101
173
378
27
381
305
245
301
257
245
363
201
0
84
31
361
58
390
19
362
277
180
92
221
295
105
388
289
68
385
110
329
98
300
391
7
264
328
321
57
228
216
170
5
347
141
345
178
372
392
94
230
201
103
198
374
365
42
250
251
147
89
154
125
38
353
316
288
394
246
361
229
218
289
237
278
84
75
282
208
198
264
214
228
127
386
364
354
318
216
119
101
52
262
129
36
219
290
248
69
160
104
372
244
120
133
389
6
93
1
302
67
119
378
387
140
209
34
47
35
202
15
200
59
375
245
208
57
183
105
175
241
352
119
245
140
167
22
366
307
253
348
135
387
125
20
53
182
247
393
8
96
69
216
153
40
286
340
249
371
220
19
256
215
153
109
81
305
79
371
360
163
233
168
196
213
19
54
372
387
179
88
14
153
220
203
164
244
375
187
189
98
179
245
179
71
103
365
241
70
234
394
126
245
394
24
69
318
348
78
398
322
348
390
211
297
88
41
70
267
389
208
29
167
78
94
360
138
310
249
80
366
51
337
257
71
191
11
303
76
260
181
144
208
190
194
46
337
371
133
277
210
323
287
69
371
186
271
108
269
168
281
228
20
272
19
311
144
69
254
97
27
37
8
398
40
344
250
234
338
294
160
371
226
40
87
190
343
233
12
243
94
222
173
143
74
177
245
334
389
61
44
49
6
28
330
211
224
276
53
387
328
318
187
243
134
256
386
16
101
388
206
235
378
325
354
19
252
339
359
211
236
115
69
338
173
24
98
293
197
140
41
156
209
233
356
278
304
166
108
107
118
197
71
356
273
36
297
93
200
32
157
36
302
55
179
159
42
78
169
295
240
116
166
118
226
347
172
246
68
104
151
125
354
98
49
225
64
12
230
243
217
211
174
68
150
213
367
201
1
208
379
352
197
186
342
18
68
182
235
351
322
125
123
112
108
387
311
147
289
283
129
363
197
194
42
316
272
79
306
363
287
120
310
15
78
323
387
182
145
53
87
70
103
264
124
335
85
113
1
54
24
388
20
203
281
156
123
179
253
89
149
37
264
36
73
285
151
354
233
263
378
115
108
224
93
136
245
363
341
356
280
105
325
79
218
153
130
202
215
295
164
60
207
203
257
59
122
249
233
157
241
279
240
270
138
318
98
312
27
217
37
346
29
376
212
95
315
62
241
243
324
356
393
241
166
27
311
71
65
237
8
25
354
224
142
5
280
0
172
199
240
386
197
206
216
260
102
389
204
267
374
262
382
57
123
174
331
202
346
356
5
80
319
21
97
399
325
150
373
172
64
156
290
172
235
106
53
218
115
52
282
229
316
362
111
290
93
268
290
105
341
388
68
77
151
167
29
303
211
211
53
128
209
5
105
189
243
7
16
357
182
61
10
147
398
216
337
130
52
268
247
390
292
334
237
55
216
124
212
264
45
380
140
159
83
292
10
180
255
253
111
13
73
35
366
199
110
336
143
311
139
349
292
140
332
97
152
163
145
388
69
10
322
87
145
174
286
312
249
108
105
280
299
105
313
65
399
113
157
365
182
335
237
206
205
255
265
180
192
55
151
247
2
246
214
30
260
88
27
17
42
386
327
334
51
200
163
159
193
330
257
382
183
261
136
338
330
61
390
311
352
301
172
107
154
117
142
268
109
235
169
383
75
31
395
338
362
60
275
319
373
9
70
136
382
6
39
112
99
149
311
248
205
146
77
388
305
276
148
230
2
248
311
229
308
393
120
193
77
285
167
165
212
242
317
80
37
141
358
92
149
184
82
382
204
84
175
209
313
29
188
47
374
166
272
310
129
390
188
84
286
286
257
15
225
359
271
134
94
38
281
269
191
6
101
55
4
323
206
316
236
87
187
272
37
261
2
181
105
246
127
302
140
183
137
115
18
208
371
350
371
183
130
111
230
86
398
198
181
346
323
117
246
132
158
73
138
249
78
311
28
396
100
242
96
138
112
364
91
306
9
244
111
170
149
262
176
49
5
55
336
116
41
93
239
365
365
378
326
73
190
393
235
41
35
32
176
251
141
304
15
322
258
349
86
13
383
369
133
115
230
337
391
330
258
261
343
132
397
347
275
205
57
278
132
97
262
164
255
387
141
22
286
30
54
91
28
24
97
227
193
230
224
174
212
281
293
142
278
209
94
358
399
282
15
247
233
179
62
396
300
344
24
41
347
298
143
5
22
234
93
380
323
330
341
180
146
1
317
51
130
178
132
108
254
19
166
7
265
59
120
213
350
301
246
365
37
319
214
365
306
161
65
92
86
215
309
99
53
18
366
246
262
229
342
238
227
254
42
186
60
347
182
182
101
125
206
176
262
34
37
162
209
359
218
174
386
139
27
58
378
298
190
330
5
278
227
129
38
165
142
138
287
278
223
105
81
148
329
79
294
205
94
70
49
365
152
202
2
296
387
386
48
356
127
275
52
7
175
197
269
53
63
53
329
150
340
288
306
119
77
197
24
97
365
280
316
97
172
301
247
84
389
2
244
339
75
46
7
152
31
204
72
239
82
291
247
251
364
131
203
42
160
311
216
54
135
184
393
350
34
391
62
348
43
301
249
289
22
20
235
371
14
329
57
115
181
294
307
286
151
219
189
208
370
346
27
140
318
23
360
69
14
273
134
136
12
180
46
151
172
209
357
61
390
174
203
295
256
104
32
243
62
66
52
132
186
80
170
118
166
347
341
147
247
245
134
256
128
74
201
261
381
71
25
227
322
213
327
212
109
87
155
181
24
220
138
205
27
251
298
345
63
293
150
175
156
39
147
130
203
356
337
140
143
366
5
77
384
109
191
291
388
330
46
244
259
138
225
28
111
40
248
282
262
27
369
35
5
69
258
373
380
223
173
201
133
245
252
262
334
150
172
145
18
98
380
376
365
390
180
38
370
236
205
118
245
240
216
179
167
2
167
251
337
142
150
134
68
277
209
274
82
167
227
273
108
327
76
46
322
348
386
399
284
183
183
219
2
187
385
141
0
248
141
28
212
195
199
98
256
364
234
237
157
242
105
342
346
155
234
161
216
203
51
92
63
236
47
16
16
330
153
143
325
347
140
153
382
75
15
362
270
2
46
243
381
171
234
368
51
40
44
248
68
101
80
335
77
281
242
192
132
60
205
5
361
223
360
135
51
86
19
69
380
241
84
299
180
188
385
208
235
242
187
262
253
157
6
371
92
248
392
236
379
220
293
225
306
66
87
379
378
16
317
217
23
219
118
23
139
285
178
6
44
186
368
153
30
88
395
111
146
207
321
214
55
37
134
154
144
234
59
234
0
255
177
249
25
18
368
319
247
193
123
277
263
177
127
324
131
106
212
234
312
287
150
173
232
164
292
300
292
37
161
259
336
79
29
266
68
352
239
356
302
135
134
366
391
316
256
18
180
114
108
367
5
13
353
225
368
172
16
87
322
76
0
103
235
280
388
364
68
352
82
380
385
335
42
326
363
175
370
383
291
149
306
192
0
199
24
75
340
304
262
56
131
22
204
379
223
11
55
296
389
204
87
295
327
343
88
144
323
190
117
232
237
395
180
328
107
328
375
373
58
110
270
365
67
269
223
193
391
148
164
207
167
246
63
138
36
174
180
393
213
198
278
19
384
258
103
18
278
200
25
270
48
148
224
82
385
185
79
106
196
255
254
106
35
133
161
122
26
254
145
268
123
189
366
108
141
233
158
61
338
246
146
193
279
137
346
144
325
176
339
246
36
191
360
183
106
46
181
178
219
384
336
349
15
331
382
238
333
96
77
385
189
294
15
69
258
291
349
341
152
269
301
140
378
298
353
117
345
201
135
353
252
104
252
385
194
230
208
126
387
257
133
69
276
229
218
70
15
75
389
2
116
74
41
383
98
207
240
157
257
211
28
221
116
104
377
155
293
196
64
140
88
193
235
373
359
74
153
309
333
93
84
14
151
205
78
53
7
31
104
380
224
380
219
210
122
352
28
72
170
193
327
70
67
288
253
95
389
396
369
251
15
157
160
273
6
87
308
344
380
393
15
217
213
201
348
373
109
56
301
281
141
226
251
32
69
187
50
320
120
331
301
50
163
237
202
222
103
344
187
246
6
98
116
321
172
332
366
41
27
202
228
15
61
168
149
325
207
340
212
23
54
250
55
157
180
334
47
182
23
322
289
364
190
391
173
16
385
173
98
56
295
227
90
61
100
147
360
254
371
346
167
278
109
208
254
234
378
257
294
68
0
258
231
228
39
197
40
246
90
288
204
391
273
203
309
14
277
7
387
147
274
304
346
358
53
363
91
71
180
253
105
6
4
338
239
283
301
278
193
307
146
273
147
230
76
338
304
79
317
2
86
322
318
98
380
57
145
13
214
146
127
231
285
387
123
261
76
281
280
77
78
308
302
33
336
81
28
280
182
286
32
150
27
6
317
99
390
68
5
218
204
136
195
74
307
382
15
198
324
63
191
99
306
28
248
171
369
78
244
278
63
246
236
321
217
79
351
170
27
184
68
304
226
256
251
34
389
379
86
34
315
175
107
53
388
218
350
252
345
129
36
386
356
283
93
231
106
236
233
41
178
229
293
66
354
93
246
228
146
213
350
114
356
217
340
345
15
31
23
44
57
378
71
163
178
194
48
130
70
55
348
49
249
328
378
323
388
107
132
344
199
116
355
249
314
115
121
139
365
364
317
156
186
57
332
282
311
323
160
379
383
117
351
161
213
79
227
226
152
178
193
86
108
52
140
356
194
15
150
70
20
121
153
365
104
21
91
270
87
369
94
132
84
159
346
44
302
67
395
34
311
96
204
37
22
78
70
149
49
171
261
18
244
59
174
83
49
172
262
137
376
368
351
120
120
255
327
55
200
253
91
40
168
188
284
230
376
9
75
22
302
293
261
32
56
18
254
353
83
242
384
55
44
27
282
179
147
399
316
56
386
213
396
35
55
52
59
51
218
213
301
321
89
318
284
88
254
96
9
41
108
349
362
238
153
298
257
123
219
315
0
340
355
112
247
249
109
230
23
11
287
83
34
183
55
64
147
220
8
108
139
125
141
156
304
197
307
310
396
253
243
71
67
342
171
308
25
222
275
336
33
210
64
222
50
56
303
132
350
188
233
352
2
9
41
106
157
302
100
60
253
318
36
161
339
378
98
7
114
51
29
398
279
123
46
262
91
79
35
195
282
200
360
49
167
229
396
12
327
178
14
90
133
254
268
172
360
156
359
23
180
363
240
317
104
196
223
284
115
398
138
306
98
31
318
69
246
182
83
19
14
349
372
238
367
197
357
149
152
40
183
204
103
129
38
365
49
16
8
16
178
6
240
162
254
330
188
376
264
201
108
372
184
389
16
117
2
246
324
103
300
132
356
385
302
220
394
165
344
60
22
133
371
81
216
88
340
279
154
378
341
253
376
133
226
94
158
173
340
365
86
301
15
64
134
356
140
42
249
132
269
190
127
257
229
12
269
95
123
349
101
374
25
311
94
301
235
279
172
353
109
122
133
124
288
96
385
262
49
49
19
169
269
64
263
393
229
141
106
160
24
214
103
359
79
287
90
98
264
210
81
310
377
386
377
99
152
193
57
229
275
206
178
10
300
194
321
44
25
224
129
45
85
346
357
309
180
172
331
379
283
172
232
223
41
218
55
7
220
278
355
203
301
87
393
236
333
163
189
277
224
283
333
177
333
189
240
244
135
129
105
9
277
131
167
67
7
143
171
32
359
396
213
17
134
297
193
178
51
242
225
252
132
302
239
260
44
6
281
97
184
43
203
380
212
385
164
15
138
319
64
24
304
114
247
11
343
332
359
364
357
215
174
42
115
55
127
177
94
225
93
2
190
33
291
348
323
79
243
282
84
208
269
342
161
273
376
282
296
56
185
273
286
174
269
118
351
36
10
329
247
346
85
260
362
75
94
101
232
254
138
1
230
273
16
110
45
33
92
19
182
243
176
324
61
144
200
170
270
387
137
298
23
247
328
316
210
240
255
148
200
166
25
308
89
351
99
117
207
240
327
244
319
296
144
109
56
318
388
220
121
373
180
152
135
37
377
24
108
157
148
95
10
209
79
84
234
283
78
331
332
150
390
328
116
5
15
19
155
19
326
363
36
237
306
327
41
185
168
248
247
318
213
392
369
203
358
302
48
390
29
377
117
151
294
60
155
334
313
352
242
21
225
41
355
321
309
12
329
149
341
50
107
361
114
216
40
398
258
58
247
159
273
105
15
154
41
63
244
228
59
239
81
17
139
215
227
381
159
243
234
135
52
370
305
229
301
108
165
249
303
14
360
199
228
302
263
33
145
347
230
111
342
241
242
87
273
152
188
345
22
110
339
339
304
254
99
77
128
197
322
223
1
318
79
326
170
213
202
98
91
149
167
177
334
139
352
123
277
112
308
209
117
55
337
49
90
66
119
117
352
262
147
5
235
183
254
261
22
167
66
36
42
371
283
72
156
374
68
316
332
359
225
70
199
42
246
82
11
48
304
160
40
168
295
296
216
132
18
116
373
264
8
37
73
389
186
325
203
330
353
303
60
40
356
185
91
164
243
176
7
87
398
89
154
370
340
22
179
65
117
151
384
50
312
302
354
278
11
375
329
7
5
143
331
40
159
300
337
261
312
373
62
152
317
86
342
138
65
214
94
49
215
73
240
183
195
69
304
381
7
7
310
228
144
41
195
59
356
354
144
358
388
161
116
387
359
396
202
317
77
303
21
99
358
15
220
349
72
334
251
54
71
284
65
42
124
326
317
104
346
283
151
396
396
232
7
248
300
368
89
40
280
214
372
183
380
331
189
316
191
236
385
280
307
123
327
148
241
132
203
108
15
176
227
93
398
157
309
346
35
30
38
241
77
56
299
286
337
336
115
164
8
209
68
93
124
172
379
278
223
180
138
82
155
328
262
69
264
340
58
10
235
224
127
9
63
278
354
192
309
40
275
20
271
292
122
188
183
121
307
106
387
38
160
16
286
232
125
110
369
252
154
174
1
34
294
107
369
248
227
376
201
386
14
346
276
49
261
98
43
367
86
39
193
51
386
394
283
80
375
176
394
14
209
14
276
264
198
165
169
5
330
340
102
230
177
28
264
189
211
226
47
44
58
27
284
312
37
309
356
305
69
14
27
255
395
180
129
105
311
16
296
367
317
85
101
389
332
176
210
89
322
166
50
324
59
335
353
19
43
379
389
177
202
38
42
93
389
98
326
257
35
75
370
333
16
235
292
30
345
278
164
151
203
49
283
254
243
20
139
275
150
140
79
176
391
171
354
64
224
338
2
305
299
53
395
351
167
274
355
318
141
362
317
317
371
95
321
255
131
141
56
185
297
208
134
176
381
259
228
244
84
82
285
268
253
146
81
3
55
369
53
29
346
180
29
270
260
187
84
89
373
342
313
397
31
221
218
265
43
292
159
83
14
267
137
369
249
51
202
376
398
102
284
37
91
67
305
172
339
143
216
298
313
16
238
142
154
143
354
391
360
35
365
329
202
162
291
88
42
360
37
46
394
367
243
201
186
209
336
95
179
362
283
212
204
136
385
171
379
357
40
48
255
288
360
364
37
99
261
165
249
192
224
233
324
166
211
75
112
80
8
58
264
159
359
243
110
238
381
204
304
272
230
197
22
277
346
275
124
146
264
10
178
31
101
143
386
5
390
189
288
335
89
70
51
219
248
341
72
62
29
395
104
178
147
2
390
174
266
67
44
268
250
254
157
274
25
375
96
382
270
92
241
133
146
56
272
66
263
321
72
18
228
214
57
380
63
308
178
57
139
83
237
30
203
23
174
204
208
247
268
240
214
42
175
143
364
50
248
14
179
165
199
197
6
23
52
262
180
209
277
287
114
2
171
1
158
116
246
53
386
340
142
280
230
133
69
6
372
276
340
80
227
211
237
170
2
240
10
136
259
57
180
134
316
28
121
245
183
287
353
116
305
135
340
211
45
101
336
25
251
174
60
234
103
156
283
260
215
317
112
229
327
156
138
148
53
65
336
249
68
187
272
242
80
51
337
77
3
90
379
365
200
206
235
209
339
355
267
254
220
356
170
307
106
133
192
220
364
99
32
63
291
159
210
302
44
363
208
46
306
288
3
221
360
164
149
245
337
215
205
61
52
325
60
330
324
183
355
329
268
100
17
234
155
308
248
79
221
231
315
270
26
34
284
339
294
170
14
224
41
101
252
199
206
394
108
158
379
378
234
274
242
244
304
254
33
269
181
61
17
198
393
378
42
235
344
303
293
177
127
77
194
387
61
216
333
232
56
143
128
127
144
153
199
305
69
383
263
387
25
65
169
168
315
242
44
298
181
192
108
97
379
329
83
19
218
17
5
72
126
154
26
306
307
377
108
127
373
270
105
350
371
398
179
282
218
2
315
194
271
91
192
60
230
276
394
381
262
124
135
81
146
358
296
154
171
177
95
27
151
50
346
61
16
126
359
235
143
72
240
246
322
34
260
369
341
121
140
381
11
92
398
116
24
156
370
201
305
237
245
239
122
211
182
304
178
144
256
286
145
27
262
282
265
249
66
379
39
15
343
242
295
331
262
261
282
175
310
209
11
205
49
140
290
42
199
198
327
201
92
81
200
212
102
317
79
116
379
350
396
36
318
104
387
349
366
47
52
365
173
140
166
43
84
341
34
377
282
32
66
53
315
250
284
365
261
301
167
382
220
369
285
246
305
210
151
175
330
369
340
209
243
150
153
342
78
117
378
24
252
359
331
200
42
290
127
28
77
186
57
176
112
3
223
360
213
344
60
268
151
316
259
282
226
115
133
117
103
220
64
161
271
254
207
37
308
186
84
167
258
398
366
29
150
356
140
394
297
134
125
381
245
273
323
237
282
51
176
23
68
139
288
2
131
188
235
291
188
157
262
289
299
2
228
33
279
318
164
173
146
307
5
46
82
246
94
209
233
321
1
334
310
139
10
376
32
2
80
116
239
0
182
57
352
285
353
389
274
74
226
257
347
251
146
337
178
215
154
305
179
225
248
147
199
84
321
305
203
142
139
143
380
191
54
350
198
32
277
269
186
205
34
280
59
107
98
232
346
99
59
44
396
22
293
302
387
229
355
188
23
103
29
324
161
324
384
167
287
186
119
243
54
103
232
287
296
159
112
269
104
162
32
252
66
125
54
156
361
106
107
224
391
161
217
386
283
317
385
321
238
245
300
223
344
122
326
6
143
368
295
68
267
186
283
247
84
6
188
8
348
369
0
94
139
63
56
261
348
377
92
243
157
301
101
324
303
359
363
281
286
383
94
354
223
372
213
176
130
74
264
192
273
33
220
46
317
30
381
304
270
353
287
168
34
367
286
54
234
201
346
327
56
163
337
264
46
82
304
336
239
396
190
113
121
30
219
63
227
284
161
217
94
83
332
37
149
6
6
49
317
312
9
240
5
346
355
352
87
149
322
137
143
364
388
283
243
184
202
314
391
25
39
336
39
228
226
75
346
176
243
192
374
212
292
199
249
392
122
372
82
180
373
101
181
82
155
74
26
399
121
227
126
199
169
195
238
276
232
399
243
0
269
389
68
362
391
115
17
188
275
335
35
209
279
228
198
100
392
150
243
212
83
316
172
255
323
324
155
392
324
54
308
87
126
219
11
49
210
14
212
192
153
388
331
353
34
24
239
4
78
269
24
149
114
389
22
19
212
300
236
339
24
386
199
304
94
51
125
289
272
153
171
336
117
109
39
16
200
374
23
49
105
2
197
382
133
276
30
291
91
220
18
292
17
199
285
371
45
100
210
280
312
182
118
29
44
35
359
119
90
307
389
311
1
150
362
12
84
202
372
298
370
282
361
318
39
287
124
36
32
365
147
209
309
127
260
227
334
370
387
298
272
338
0
231
349
17
337
166
179
75
170
55
371
40
107
358
125
89
98
132
14
172
340
159
307
125
359
233
331
121
242
71
327
36
176
192
394
182
76
221
296
49
265
383
248
355
306
290
91
49
39
256
274
338
352
365
246
198
48
344
213
212
25
219
358
174
176
36
264
18
153
204
282
280
165
140
55
398
124
346
159
299
103
351
59
369
265
216
25
159
294
42
81
130
45
378
364
96
251
74
50
74
27
143
123
93
32
212
11
84
388
16
103
336
270
54
343
220
271
77
141
135
329
378
119
65
304
71
104
195
130
329
156
338
170
230
261
87
254
177
346
69
145
339
377
68
89
39
59
132
380
254
252
323
207
326
27
177
130
367
382
7
262
303
107
150
348
140
133
137
114
74
98
317
99
146
9
346
377
21
150
175
39
204
199
67
209
391
340
312
335
37
370
7
134
200
41
368
159
262
220
104
213
82
12
280
288
214
224
0
290
308
116
30
325
376
207
138
258
212
101
186
354
42
346
357
218
230
353
16
252
176
252
156
130
156
11
152
188
307
41
138
140
389
82
177
67
168
370
60
280
361
379
17
231
273
88
267
292
348
162
219
180
118
58
278
239
399
394
236
131
173
204
199
63
187
133
145
379
124
190
380
198
187
384
178
316
178
328
66
229
44
376
42
207
307
160
348
172
299
153
237
252
360
283
248
212
292
90
352
197
125
333
367
248
286
74
191
96
319
169
257
398
359
140
198
371
330
154
341
225
79
322
10
236
106
27
230
358
377
338
219
71
229
123
387
216
353
313
86
6
333
37
331
338
264
242
17
380
6
275
380
93
372
382
369
48
114
283
360
34
315
378
6
346
398
61
289
63
223
16
2
109
89
182
291
174
164
249
250
283
63
49
1
244
62
173
133
26
165
265
12
61
298
95
393
201
158
261
160
216
77
41
177
1
242
164
114
11
97
166
57
108
152
303
347
248
153
134
210
34
234
232
59
365
42
381
322
347
281
295
386
121
14
344
172
188
294
240
306
322
267
292
332
162
233
373
304
88
182
336
340
59
251
86
1
18
141
68
372
15
362
393
6
199
302
382
191
134
186
273
111
149
103
282
323
70
260
247
178
349
371
275
360
191
222
308
270
335
312
44
392
371
225
290
259
380
170
93
297
203
223
294
174
305
232
70
373
40
286
352
30
203
397
27
53
270
31
382
182
12
214
371
19
370
164
307
393
299
120
58
245
112
276
187
179
184
103
84
305
202
92
75
34
22
254
386
99
358
219
60
193
191
307
139
239
225
164
381
57
148
87
162
195
148
211
143
350
391
40
29
209
214
338
80
230
117
299
352
51
259
376
381
367
292
72
7
329
349
394
254
208
249
285
49
392
254
326
59
308
244
287
172
278
317
174
279
108
67
19
124
141
255
343
395
289
262
362
61
2
104
123
169
236
365
222
399
236
214
62
64
8
143
140
202
242
311
326
55
350
171
341
369
4
222
389
192
173
224
58
124
233
5
23
124
364
369
23
254
97
367
85
65
252
223
317
335
202
2
125
359
344
347
288
278
4
290
283
338
378
225
167
322
352
334
131
294
389
83
107
242
119
294
326
1
165
217
132
88
133
60
310
176
230
91
26
47
134
265
362
52
30
242
339
156
116
233
215
112
293
259
379
20
0
358
103
196
2
64
393
126
367
126
68
303
82
278
385
19
250
49
185
45
41
300
27
87
190
353
229
353
243
170
88
190
207
129
68
80
182
313
270
7
193
102
162
341
240
136
270
381
307
289
337
228
208
308
162
399
220
251
174
105
322
272
383
398
18
193
75
204
172
67
65
219
178
371
323
57
226
236
142
83
83
316
361
3
256
127
62
254
123
379
211
36
24
242
116
118
236
43
112
151
200
95
352
358
292
248
212
399
103
321
14
383
391
355
39
209
276
40
23
106
49
338
141
95
109
225
41
290
276
79
119
62
84
259
283
255
275
233
13
310
364
203
158
255
147
172
227
12
347
312
265
390
103
110
65
261
286
65
259
396
100
394
43
243
280
16
149
196
116
322
316
192
26
332
360
97
335
173
288
221
4
172
327
331
302
153
317
120
44
158
356
49
77
89
147
40
236
182
124
288
14
94
288
103
360
101
113
306
11
130
101
13
110
118
35
218
246
8
131
113
49
167
23
372
205
367
301
381
358
230
180
132
305
27
132
46
335
360
391
71
208
281
294
94
389
174
141
9
293
181
145
261
214
54
292
195
308
206
286
278
11
147
230
6
355
210
323
225
139
264
12
173
1
175
68
117
9
213
5
137
350
137
210
23
34
114
291
289
58
3
209
375
399
201
97
254
79
180
301
223
255
126
229
6
259
384
149
224
289
135
109
262
295
169
315
95
113
177
33
209
147
142
126
205
13
281
283
283
281
391
228
343
289
276
38
138
176
398
166
283
70
264
51
55
10
212
336
260
50
349
172
130
394
147
304
123
162
240
153
165
2
151
8
160
287
157
91
49
245
8
229
255
181
398
121
33
43
236
260
273
174
49
286
145
91
134
333
235
18
198
208
32
144
395
59
362
70
187
17
374
242
163
116
208
225
93
256
70
300
213
301
380
270
183
143
7
65
119
289
329
385
118
178
28
50
318
341
261
193
113
6
307
65
233
226
246
90
364
188
288
12
365
61
371
201
126
77
93
113
299
64
116
8
253
233
39
361
313
189
314
158
262
78
264
103
371
296
61
391
395
149
69
45
104
367
259
351
255
227
28
29
17
247
317
294
14
271
104
362
359
191
305
366
6
171
223
74
21
109
9
250
304
121
52
329
54
384
370
9
4
193
137
382
89
133
54
377
160
296
33
254
69
80
293
249
204
88
232
208
203
281
136
246
159
225
346
231
157
307
155
312
323
145
295
295
255
360
324
222
141
202
260
322
149
12
136
219
235
308
386
253
229
269
168
198
214
254
14
163
211
166
116
204
145
258
161
221
200
116
337
140
274
177
218
359
364
110
157
374
7
64
366
386
382
167
120
99
57
45
108
202
348
233
73
125
399
110
169
389
220
90
51
139
55
219
220
187
106
212
18
56
71
141
121
57
328
137
242
130
259
148
75
278
346
320
139
238
55
146
201
114
12
90
375
257
104
316
179
153
95
28
355
283
288
109
297
137
66
257
318
49
377
247
276
399
182
329
49
67
325
236
326
389
52
331
215
131
225
56
262
280
118
257
274
220
315
317
158
316
162
292
220
108
269
333
353
375
20
258
159
50
118
364
381
151
219
180
145
181
171
57
329
46
86
317
169
261
135
72
214
190
86
300
340
337
188
50
286
340
360
112
54
84
193
327
337
281
251
251
399
158
136
397
200
106
108
41
4
265
289
211
194
99
36
227
380
9
304
175
133
290
363
167
347
190
183
371
225
172
385
9
395
207
33
52
378
117
103
223
123
23
105
271
169
250
380
256
132
118
223
242
369
33
333
124
369
399
342
36
385
349
202
271
369
126
251
294
179
8
253
164
103
62
247
65
179
342
323
18
217
291
105
271
187
385
329
70
265
289
389
206
310
226
308
187
18
228
84
368
247
9
243
167
273
164
310
304
34
265
195
49
303
37
87
17
41
344
255
103
42
229
27
226
180
307
187
28
37
260
215
373
393
182
208
56
345
322
287
26
275
295
209
181
390
76
391
61
144
345
76
367
181
3
112
30
79
23
350
143
264
241
317
103
360
321
241
95
205
378
393
375
348
21
398
273
342
84
210
325
24
255
74
239
246
40
43
172
52
152
287
7
59
388
275
247
306
43
23
57
64
181
254
255
10
14
97
89
276
5
167
163
67
278
124
165
322
31
75
7
399
90
27
398
248
247
72
72
49
224
31
38
228
186
257
251
3
171
398
180
163
224
353
108
27
218
131
352
291
43
143
59
90
330
5
32
11
1
128
351
192
24
299
93
370
182
151
257
289
132
255
383
187
299
355
178
387
121
127
153
229
19
249
85
294
383
193
88
185
333
118
141
39
339
146
128
196
335
153
185
241
111
329
36
58
393
104
225
270
397
34
23
204
378
284
82
170
101
345
83
145
221
386
126
273
182
152
84
221
280
249
348
239
215
228
310
166
283
85
238
340
376
140
65
256
56
179
343
228
212
41
205
23
144
156
228
144
124
359
182
339
354
93
346
289
259
273
321
359
370
93
248
325
40
165
382
148
199
107
108
378
4
243
245
71
152
129
308
201
47
139
70
296
300
34
22
29
42
50
305
157
328
304
239
13
162
244
389
86
370
192
120
302
107
380
292
187
273
140
367
174
128
175
195
301
45
292
15
237
184
389
363
130
303
286
54
270
225
106
69
225
312
84
246
206
317
264
90
365
388
267
248
293
334
186
87
81
308
64
93
357
259
276
6
92
335
208
110
3
243
93
96
166
45
131
258
81
393
23
311
391
41
227
161
188
223
306
64
78
118
60
142
352
299
289
34
208
303
364
201
20
179
182
183
180
190
393
123
39
163
397
225
371
41
87
162
182
250
396
202
399
138
387
349
297
118
235
294
86
4
307
79
380
202
243
126
315
68
150
123
234
235
362
290
263
104
391
41
358
80
14
24
304
338
166
229
354
385
365
145
107
104
218
84
68
275
79
46
291
338
113
190
24
324
249
385
129
363
24
229
208
25
291
91
159
349
302
77
174
288
304
102
389
316
331
391
360
285
377
210
275
280
299
109
197
387
379
370
278
176
31
99
35
380
87
380
89
213
143
313
12
7
307
9
218
387
137
7
153
176
160
199
278
358
222
20
41
366
213
17
56
192
353
100
295
182
232
74
277
240
9
127
375
298
201
56
192
326
225
32
299
234
349
135
336
295
172
99
147
43
392
39
304
33
330
358
7
37
177
389
285
362
222
202
53
302
113
218
378
87
370
19
224
166
180
50
195
350
101
393
170
196
134
69
131
220
243
53
145
34
68
172
66
296
44
100
356
240
115
246
284
307
277
56
324
345
149
160
58
392
275
93
373
232
53
372
244
383
394
94
305
188
259
261
7
150
87
98
189
258
347
298
84
59
285
31
98
318
228
40
243
193
26
315
8
230
214
324
216
206
178
20
333
294
153
35
123
56
398
297
109
179
27
258
29
146
223
118
100
221
272
242
99
141
139
278
242
243
90
46
235
218
117
398
348
162
238
300
112
77
69
142
269
75
130
1
69
145
16
355
140
29
258
159
298
75
208
285
398
160
383
56
286
72
333
214
290
340
332
41
126
325
71
74
32
395
94
39
372
226
115
176
25
212
160
81
389
22
310
174
123
331
78
120
351
115
88
81
264
162
99
292
110
281
237
134
312
16
350
140
296
303
224
199
102
298
352
243
110
301
42
240
301
188
25
321
261
306
130
321
303
356
40
317
1
211
385
232
301
242
50
62
137
37
235
184
248
291
392
274
147
22
186
75
136
188
115
17
68
2
261
148
268
8
346
175
106
393
11
346
365
77
99
97
318
289
235
281
295
131
382
232
212
1
179
22
60
103
34
77
27
220
31
164
325
297
258
353
65
193
155
229
325
245
186
89
224
289
79
259
287
240
49
390
32
372
254
33
308
312
363
158
351
234
80
116
306
16
396
375
227
164
322
83
376
262
9
338
70
268
102
164
329
95
189
355
375
321
11
192
306
319
87
196
387
74
379
274
326
31
225
334
369
85
140
257
229
48
222
62
129
60
148
201
170
301
379
304
158
289
75
53
349
32
275
13
269
68
170
132
244
258
259
329
289
243
341
311
267
394
172
257
166
180
399
20
17
270
358
58
382
398
239
157
283
20
67
281
303
126
110
90
290
298
78
192
303
294
139
233
94
367
350
128
142
101
10
264
74
72
253
323
129
13
124
382
71
334
18
245
175
86
225
9
199
95
278
0
229
232
71
179
363
108
119
25
247
361
133
29
153
87
34
156
92
350
258
94
149
2
14
78
192
149
86
26
103
350
139
8
51
391
36
149
242
204
37
257
386
217
46
44
383
129
4
109
307
159
323
115
309
164
219
43
130
236
6
165
253
35
396
285
130
252
172
17
202
294
248
177
389
115
294
21
137
355
197
322
228
394
164
268
15
10
128
277
293
48
372
66
3
280
179
112
145
321
269
144
92
223
373
8
259
147
82
144
211
24
272
19
2
83
358
152
1
199
308
242
14
112
307
89
335
79
78
41
117
159
250
160
183
254
251
285
366
229
11
240
76
324
284
369
31
169
211
29
89
249
153
275
76
77
360
137
269
346
101
293
375
54
354
340
264
165
209
56
185
10
5
142
312
188
220
140
57
101
345
88
380
399
142
199
207
181
67
94
58
138
389
67
265
166
140
115
207
387
176
382
74
69
301
232
150
94
80
167
321
208
134
216
159
256
67
257
397
308
175
262
190
184
247
371
232
125
323
301
373
175
307
214
49
331
152
392
53
94
9
208
34
304
378
281
367
59
339
347
61
243
312
260
288
72
177
137
178
4
233
198
353
302
223
30
65
110
371
129
105
87
366
71
382
153
23
87
213
348
378
177
256
360
54
249
257
201
258
204
8
271
297
312
140
51
234
306
139
313
398
76
330
334
122
151
322
317
356
215
305
58
130
324
278
220
96
268
277
84
176
322
165
84
382
337
77
383
127
122
254
224
33
40
282
24
6
119
187
172
247
78
75
383
335
253
206
331
360
59
11
383
306
56
312
164
53
313
175
20
123
230
46
138
358
30
204
242
136
181
144
239
216
135
161
181
365
201
347
103
33
2
95
269
99
314
40
58
43
145
111
15
269
143
277
72
386
89
118
308
124
239
8
327
135
267
146
238
241
193
378
51
365
208
246
130
364
337
228
290
380
181
364
370
278
265
93
50
187
209
264
305
393
217
214
128
93
108
19
244
188
244
346
269
14
106
25
29
75
34
397
339
351
360
177
138
210
36
153
84
34
245
9
228
218
274
161
39
372
218
319
119
362
150
22
237
179
11
162
91
61
84
332
89
238
69
191
294
123
124
109
390
64
70
30
364
61
30
180
192
13
156
59
362
239
312
378
388
162
369
115
389
226
27
30
272
24
295
170
76
24
162
65
218
318
218
187
93
399
373
383
390
225
358
144
3
322
167
132
26
249
157
375
399
378
399
156
195
162
255
245
63
159
274
210
197
393
322
8
356
84
127
287
195
368
113
72
240
27
2
185
64
324
15
52
83
219
187
219
128
334
205
251
32
91
138
376
227
240
112
346
26
58
164
163
210
118
84
313
163
304
76
292
121
209
160
29
319
164
77
10
383
301
323
211
172
330
44
346
374
241
328
187
56
32
199
333
49
188
147
237
324
310
371
9
2
306
231
362
146
111
375
39
16
226
213
80
116
40
387
399
260
261
187
178
226
130
177
153
383
257
1
27
31
203
303
370
303
198
265
262
307
140
349
103
45
356
253
140
318
117
394
359
86
166
268
29
73
332
137
46
176
129
133
59
370
398
342
317
328
251
130
82
352
188
49
31
157
149
277
184
131
395
126
340
33
308
152
270
334
265
258
151
197
95
388
183
250
219
3
296
343
19
361
135
394
82
238
16
77
378
249
157
66
161
205
229
320
45
37
317
344
156
383
125
6
220
341
248
165
260
75
32
114
316
33
22
118
393
318
75
176
310
375
275
52
228
133
271
14
248
371
42
379
111
107
364
16
22
249
74
104
8
261
232
7
158
187
73
271
367
350
274
352
121
188
284
392
283
170
377
263
332
32
100
372
379
141
278
378
267
293
88
1
105
89
78
7
69
310
49
21
327
256
131
307
219
103
388
23
93
25
236
92
282
264
178
101
262
288
300
37
253
386
176
199
398
49
295
54
233
27
162
225
3
71
322
367
294
74
187
242
164
172
382
259
360
65
163
113
381
233
186
194
290
220
224
170
369
307
30
319
286
363
95
21
362
257
209
130
201
370
305
103
269
70
289
216
366
49
214
367
124
60
125
385
97
197
204
349
202
378
339
360
236
34
52
227
55
327
204
139
382
355
162
223
376
28
171
241
208
126
209
392
228
175
353
390
365
195
162
217
135
383
362
378
30
198
284
141
86
289
119
38
283
169
91
193
364
131
84
267
156
174
79
142
353
10
303
97
239
153
301
77
216
74
280
38
217
206
101
379
389
144
92
24
121
167
312
275
313
242
70
349
15
360
367
235
371
192
272
389
20
218
300
263
54
55
146
128
214
292
74
111
252
206
94
1
235
124
8
287
106
339
340
378
119
168
165
83
176
183
44
251
27
24
165
31
27
326
320
107
389
112
93
235
37
6
106
344
86
263
327
32
229
22
143
107
50
46
32
73
137
277
373
67
170
66
17
396
101
198
9
252
125
313
259
167
189
169
126
140
285
50
160
255
388
57
263
300
247
155
181
61
46
326
373
22
35
22
262
56
353
396
217
53
125
332
14
307
316
260
323
358
94
41
371
18
264
336
154
209
165
239
19
141
252
304
318
226
174
148
304
277
7
210
100
130
309
35
117
288
248
128
266
42
360
209
276
189
275
309
289
36
50
16
397
285
289
216
120
338
348
258
32
204
242
396
207
234
248
283
272
177
12
145
140
147
182
181
208
298
298
73
220
174
382
326
312
17
244
291
280
267
23
5
177
139
116
399
347
29
183
181
247
210
391
189
32
22
368
176
246
315
175
70
211
256
142
280
315
239
159
104
12
396
304
101
75
331
46
350
241
61
53
37
255
259
301
221
28
147
140
9
63
6
23
84
46
217
12
184
42
263
352
173
147
389
208
37
375
10
304
360
250
399
102
72
189
73
38
304
64
243
150
345
359
167
227
301
383
25
301
248
255
70
174
60
116
132
6
326
255
143
213
115
347
345
298
315
105
57
310
178
131
225
139
334
53
258
360
15
343
109
202
386
15
88
109
135
51
39
297
334
172
35
203
351
249
41
106
107
201
232
138
14
213
53
24
260
18
5
123
277
371
338
142
353
104
238
300
382
385
388
322
16
114
348
349
256
240
115
130
141
263
211
220
262
284
357
58
123
64
75
120
357
268
358
397
167
11
363
139
126
1
143
0
123
5
220
291
41
67
254
101
229
153
307
115
384
214
43
124
256
28
164
291
228
391
276
341
157
291
237
23
28
141
19
371
23
275
309
3
18
47
88
321
189
213
76
9
173
141
125
59
215
147
120
151
23
331
235
165
56
323
210
327
142
139
239
34
53
380
354
398
19
55
247
219
244
40
53
388
114
205
393
175
37
125
156
282
55
259
185
267
220
169
17
256
27
140
338
160
180
196
376
263
352
80
206
188
264
88
139
78
29
114
267
351
203
245
65
243
352
99
383
350
298
186
264
17
294
192
315
249
123
159
267
224
68
98
290
44
336
346
87
197
69
187
14
220
306
164
354
23
267
347
217
177
142
216
78
248
316
319
107
18
348
383
27
11
6
110
91
346
77
252
276
313
205
96
163
129
180
82
333
74
288
399
41
323
60
91
282
354
282
110
326
281
195
214
109
15
88
23
287
108
207
251
222
70
351
56
304
48
177
164
243
189
165
14
358
190
44
76
255
354
233
370
207
202
187
130
285
124
83
207
48
91
232
261
202
399
334
142
132
4
1
356
199
76
302
307
140
213
172
316
130
180
322
224
75
379
14
285
309
341
381
228
271
140
380
393
51
205
380
228
314
61
128
85
223
359
148
193
288
54
244
83
387
396
124
100
182
19
355
123
264
55
58
399
314
56
325
315
12
277
327
273
311
186
236
153
81
3
325
68
350
194
189
300
329
88
142
162
182
87
63
125
221
361
122
63
277
211
126
130
174
20
389
11
4
86
94
192
65
222
386
330
5
37
276
94
119
70
333
360
33
275
373
74
105
398
201
128
299
243
378
307
188
5
216
210
395
227
52
138
57
171
48
343
265
348
181
0
23
134
56
62
359
92
338
46
104
285
61
16
161
131
95
100
76
380
133
271
331
254
305
110
34
311
68
37
137
398
212
389
293
156
147
343
174
282
327
204
72
221
88
379
362
314
269
270
87
235
61
222
115
28
255
301
212
256
329
80
131
129
43
175
336
188
61
16
79
40
46
235
40
197
228
269
187
95
245
40
83
167
199
219
165
393
325
301
315
88
146
308
213
190
333
78
128
290
384
49
165
116
125
77
220
246
40
140
69
287
183
321
58
362
49
313
171
200
77
226
193
258
245
174
22
359
149
44
226
184
232
293
3
1
40
300
210
313
292
195
263
301
201
31
165
372
177
311
274
102
393
21
337
286
115
289
67
129
32
56
280
115
54
267
130
120
348
284
306
239
158
248
39
236
5
157
69
268
70
331
201
387
385
131
376
97
281
211
233
73
258
391
195
375
54
304
215
350
160
349
32
135
139
351
109
303
114
89
332
33
26
333
316
345
116
166
185
260
174
291
394
282
153
53
395
32
19
283
302
356
215
92
233
307
237
29
256
108
126
244
288
12
215
307
196
179
135
170
394
25
175
77
251
134
355
62
219
98
373
17
313
271
84
88
286
389
58
68
382
82
189
348
334
10
58
290
350
391
292
49
33
338
250
269
302
266
134
343
152
373
52
26
250
359
79
64
74
363
249
355
62
106
288
256
60
349
315
295
81
102
286
125
7
155
151
235
356
263
272
125
126
13
282
273
208
10
258
10
256
358
207
176
30
321
389
197
287
356
374
125
144
167
148
219
390
208
182
322
110
96
196
152
394
31
336
323
216
261
115
275
38
79
164
233
234
289
54
324
374
134
346
282
255
88
21
165
291
292
219
324
243
144
106
120
45
310
134
295
379
371
217
149
356
257
230
58
103
373
108
260
396
80
274
380
177
201
74
173
177
286
235
104
68
166
298
361
129
9
21
241
259
226
326
70
23
183
87
336
389
385
245
68
69
189
22
71
172
91
135
387
292
264
333
148
174
276
32
342
304
131
274
273
360
93
216
211
244
44
257
123
106
14
137
290
167
117
49
167
159
210
148
353
275
147
273
162
240
3
303
149
29
243
212
161
319
46
208
72
28
11
324
238
52
215
275
56
227
70
171
322
379
57
51
170
365
248
66
204
62
258
159
373
47
256
144
86
79
201
37
268
295
188
207
45
295
11
54
378
38
231
258
277
68
1
208
337
145
240
165
394
273
233
70
261
325
133
317
273
196
200
298
205
47
132
115
330
170
301
297
348
230
112
232
64
302
179
299
49
326
141
143
43
87
195
389
215
1
223
40
21
118
43
34
223
42
260
18
336
232
187
258
379
197
382
92
1
178
56
291
391
124
389
384
228
334
299
92
156
338
9
116
390
378
191
70
175
227
33
249
233
376
327
352
226
166
63
250
105
349
111
138
188
28
360
185
7
234
299
77
68
260
69
276
80
178
22
215
282
11
17
201
0
140
109
31
28
229
63
227
169
204
331
284
369
303
281
236
373
81
112
126
248
213
31
125
46
214
74
150
248
326
229
243
367
387
304
366
6
136
307
320
6
341
52
234
126
203
327
201
370
85
253
285
91
283
312
365
288
262
30
254
356
173
270
284
161
385
377
339
279
318
278
23
215
384
123
204
52
208
168
294
296
261
283
204
252
300
292
292
332
11
255
48
323
352
240
115
275
220
238
381
109
183
1
82
351
315
207
123
47
183
271
261
215
24
252
135
16
21
232
149
62
149
270
252
267
114
227
331
315
133
306
11
173
373
318
136
280
305
399
19
303
144
154
269
385
241
354
98
11
93
229
164
393
252
10
317
206
39
0
369
227
263
321
227
317
274
201
84
319
241
158
169
291
252
368
130
47
43
68
2
277
390
321
29
27
66
216
77
364
310
345
228
91
236
136
372
116
47
325
8
345
380
93
323
247
7
114
26
20
236
164
286
57
180
336
24
31
16
87
229
298
49
58
231
31
214
301
256
177
385
180
341
194
375
289
46
41
22
252
196
73
17
50
114
212
123
151
139
244
306
167
379
207
356
0
191
175
253
61
143
250
64
54
342
273
117
80
192
240
214
23
126
153
224
0
192
142
1
171
395
147
393
283
369
14
235
41
0
57
207
41
59
205
284
82
20
311
368
19
306
349
238
75
1
382
132
202
44
215
346
337
59
18
341
308
128
80
300
45
99
285
123
146
204
383
359
295
210
7
68
334
334
239
378
304
140
186
141
123
353
26
112
247
270
87
116
349
256
370
297
298
359
190
340
77
309
21
22
84
209
180
87
25
30
323
247
286
240
30
266
280
351
287
210
186
367
14
50
0
333
233
55
387
56
335
229
21
349
324
349
264
363
72
264
18
20
220
176
30
232
219
51
53
82
156
339
302
186
2
266
359
197
197
108
46
59
366
333
399
41
245
287
132
339
92
37
130
36
80
332
17
116
54
212
196
272
359
253
212
270
109
113
115
324
18
387
255
396
270
180
49
394
103
155
17
79
363
145
117
358
24
40
181
275
88
302
153
349
276
151
102
65
263
371
80
77
325
144
356
67
146
130
116
45
2
329
362
174
263
49
232
124
34
187
92
78
67
357
70
237
116
126
160
84
32
236
362
55
241
380
16
97
345
26
92
11
157
65
242
394
43
387
143
42
387
10
330
270
219
249
300
238
388
233
199
387
386
249
227
125
394
84
13
137
397
202
219
118
36
159
350
333
336
232
382
208
30
49
8
322
175
30
2
118
100
76
252
147
84
219
23
203
103
248
44
197
55
387
86
379
252
111
122
205
130
64
67
146
173
113
50
60
233
214
215
291
336
396
387
328
42
109
142
125
207
245
161
234
43
387
260
294
23
16
110
271
247
70
307
254
263
268
262
25
329
210
6
186
345
205
202
337
279
230
142
42
346
289
28
251
28
185
387
395
342
239
36
326
93
163
286
231
395
353
139
103
180
370
356
304
334
277
143
396
398
92
225
41
282
119
361
309
53
380
377
345
54
71
86
276
313
279
282
68
334
41
52
294
79
336
270
59
39
28
134
232
13
37
236
193
126
181
51
46
271
2
353
182
282
135
138
132
17
247
67
1
93
223
68
257
28
121
322
231
34
150
376
306
132
86
376
248
352
199
65
64
215
213
115
153
375
137
153
303
60
62
37
112
119
384
121
146
233
20
266
139
303
151
287
92
34
173
201
398
9
248
52
89
109
48
362
40
213
194
39
200
145
28
26
41
339
322
328
111
109
346
140
274
392
196
170
149
30
304
53
209
252
353
343
250
78
60
225
71
326
77
269
295
54
221
135
302
101
53
185
376
394
169
286
388
240
0
64
329
87
155
364
125
141
183
82
310
98
103
103
377
355
157
36
352
17
181
339
232
253
2
122
55
162
323
336
289
120
72
60
52
109
65
365
163
287
308
142
5
203
293
326
113
319
347
154
116
353
232
302
126
325
375
193
286
365
252
302
243
342
60
320
242
321
104
37
169
30
204
362
208
55
134
388
133
143
6
222
204
278
37
71
258
394
347
260
239
394
13
164
304
303
203
50
371
294
91
202
53
83
188
183
293
128
301
225
92
261
274
105
45
155
158
177
160
7
264
208
100
51
224
373
41
209
30
352
281
161
275
6
349
292
30
235
91
239
49
52
229
134
391
202
327
20
356
104
176
109
109
124
37
272
24
164
147
303
277
38
346
251
169
396
135
190
275
103
381
393
275
105
159
88
351
308
84
5
75
247
51
60
222
375
172
107
133
132
237
321
255
147
152
313
140
248
385
175
221
27
226
313
363
359
199
105
399
329
105
246
78
45
111
250
247
265
347
19
348
256
177
258
71
151
47
233
187
379
372
363
8
77
300
393
327
43
396
237
288
241
336
116
307
367
164
167
76
324
394
160
382
292
61
203
69
380
364
3
11
119
40
341
183
227
10
240
188
102
260
267
306
292
23
262
39
306
353
229
246
230
261
391
332
180
63
98
333
200
306
116
48
95
208
173
227
374
279
251
259
173
369
96
389
226
173
58
52
1
96
246
235
133
250
376
75
77
31
223
218
84
18
257
363
369
33
251
395
71
202
213
197
71
82
310
99
397
1
0
208
269
309
240
371
40
22
46
225
49
126
311
276
89
382
59
140
79
226
311
157
175
233
133
270
19
200
330
217
181
47
346
158
170
97
353
100
369
116
233
302
147
176
6
264
195
193
334
369
233
160
352
22
222
83
264
249
239
218
25
376
255
218
82
177
116
130
156
2
79
295
134
296
354
367
320
393
275
105
247
112
126
321
157
354
176
95
221
379
161
373
274
221
60
272
176
280
79
230
190
134
311
192
39
232
283
1
378
175
342
355
94
276
51
136
2
115
11
354
269
0
310
336
209
247
33
57
9
215
277
93
222
113
161
356
84
330
165
265
364
121
138
370
100
384
118
228
187
102
359
322
117
25
108
224
115
366
282
396
137
313
267
198
206
67
200
70
198
62
157
121
78
389
373
316
374
204
219
6
99
153
59
99
43
321
217
149
211
75
255
80
49
230
385
273
50
357
220
338
75
299
31
85
211
115
256
371
185
12
11
383
313
57
316
334
269
27
399
367
288
102
158
227
15
368
161
115
148
89
351
51
178
370
47
166
59
229
165
172
145
68
49
328
65
5
294
217
31
245
70
81
262
352
130
13
383
49
92
109
159
352
364
130
301
178
216
399
78
258
129
316
398
38
283
210
325
190
160
303
156
396
256
42
234
296
35
147
329
367
311
80
192
384
140
160
318
24
315
143
286
22
353
396
34
364
70
172
292
134
263
36
108
43
395
106
219
149
23
117
56
199
283
86
222
35
194
235
149
354
62
204
62
301
139
134
223
383
226
125
153
288
187
49
312
375
201
97
36
60
8
353
338
118
288
215
10
393
367
390
8
232
160
246
239
108
36
337
50
45
50
397
3
128
89
18
287
234
207
356
200
135
58
283
306
214
348
249
64
183
238
37
334
227
393
168
147
80
41
192
198
120
370
381
321
119
147
229
45
187
51
332
16
145
336
340
348
112
200
51
176
273
183
336
172
229
132
293
54
386
24
101
273
68
38
199
319
150
40
131
346
143
288
221
66
328
337
322
285
204
209
170
71
209
86
298
121
249
369
346
56
163
324
397
50
334
44
346
273
284
275
87
298
382
178
213
27
105
258
387
161
192
87
96
45
121
317
349
97
116
84
32
204
48
361
230
30
157
311
262
143
79
11
166
342
310
283
268
267
280
375
390
343
304
94
375
329
215
30
262
284
222
265
206
5
117
75
151
132
97
31
79
163
159
277
125
325
365
205
317
179
130
271
377
123
219
159
29
326
294
164
162
231
137
146
276
358
227
300
259
299
124
147
316
58
319
199
233
69
213
264
162
116
151
88
14
235
308
230
312
0
76
150
261
129
93
176
360
336
212
276
308
205
166
152
112
307
290
214
80
287
129
322
67
182
6
71
58
142
87
190
70
384
389
363
306
372
80
87
163
363
27
372
270
199
352
87
309
230
164
342
221
389
292
201
258
139
173
380
120
59
38
270
39
18
314
365
112
215
116
4
35
212
264
15
103
332
41
217
78
253
332
308
244
194
202
225
50
172
258
230
59
348
168
241
8
384
364
89
4
112
41
158
159
266
179
176
81
84
71
287
288
111
84
124
24
371
395
243
223
237
359
326
308
24
281
353
87
144
283
261
208
93
166
385
284
214
108
166
164
15
167
177
71
213
335
188
247
281
237
131
327
92
133
275
136
258
79
139
121
51
247
303
371
123
131
306
274
18
159
251
322
395
25
385
48
341
2
307
338
230
256
362
0
130
221
146
199
344
81
134
176
220
241
338
26
54
390
376
139
370
190
273
393
260
197
157
191
16
261
157
43
159
356
133
87
351
173
147
370
104
288
86
0
263
242
371
142
36
14
266
77
265
279
245
303
64
335
315
2
30
30
378
22
257
106
238
187
391
27
58
204
273
117
269
283
2
78
304
126
250
398
308
43
71
103
157
311
251
394
6
263
192
86
280
139
342
67
284
267
283
188
376
295
282
330
295
267
135
378
296
30
62
16
166
284
305
119
223
19
22
178
128
350
225
11
31
302
244
269
41
300
164
56
295
334
133
321
75
209
26
89
198
367
58
369
219
164
336
324
82
182
178
288
325
274
199
378
304
345
75
88
138
243
335
27
311
236
15
227
150
346
99
338
107
389
329
11
35
294
158
72
389
139
177
65
199
49
101
374
274
10
11
31
1
310
307
269
128
294
189
359
116
22
286
74
263
221
349
142
33
39
149
224
277
41
359
278
271
104
213
279
300
243
164
381
263
154
26
218
103
99
271
151
390
293
292
130
256
382
224
104
46
373
63
300
70
71
13
140
234
140
68
192
284
107
236
240
309
342
136
384
0
333
201
180
190
180
72
35
40
232
197
203
172
68
235
59
150
245
156
61
37
214
134
306
199
312
254
256
327
192
148
231
351
146
143
308
134
241
62
204
334
219
42
281
51
74
8
8
349
354
34
188
49
199
40
263
75
383
38
272
229
224
65
161
385
18
379
126
30
278
396
385
190
214
171
385
180
264
221
192
278
360
69
199
234
149
398
205
229
393
139
162
58
186
384
357
87
41
112
222
75
51
380
361
151
334
358
8
130
129
180
129
390
362
248
218
224
291
157
321
41
347
90
150
16
161
22
301
392
87
118
388
267
286
79
5
71
13
10
202
304
225
257
95
215
160
306
98
64
233
166
332
82
34
53
124
376
160
229
383
105
28
304
240
103
316
83
373
76
133
204
257
240
358
176
228
302
71
200
291
242
52
242
334
6
55
92
370
258
325
268
367
115
232
339
19
187
333
231
216
153
13
46
199
354
113
23
282
247
121
19
273
244
255
207
177
80
138
238
337
61
252
224
199
291
291
389
54
220
166
261
86
67
65
271
65
241
8
121
258
0
170
42
170
363
148
234
230
331
58
8
30
47
56
253
101
70
306
172
357
107
93
170
18
24
306
140
247
206
35
134
349
86
223
279
120
190
19
209
251
18
311
55
141
124
201
371
153
64
180
200
233
171
0
275
195
329
207
193
378
275
180
91
165
372
372
282
386
86
171
129
284
333
102
10
84
125
148
162
301
101
316
253
270
211
133
224
277
212
389
40
151
271
58
268
122
340
130
103
171
348
234
306
116
231
231
69
84
182
118
349
278
121
33
389
135
273
371
294
27
144
83
59
310
127
271
254
280
14
18
241
92
13
382
313
268
334
28
99
261
398
389
71
303
316
352
288
121
93
226
295
231
116
116
342
58
315
378
6
282
286
2
93
214
164
106
273
187
73
37
312
362
261
181
56
227
160
140
0
308
97
74
349
309
269
121
113
238
6
226
113
24
285
76
261
335
174
351
268
10
315
161
65
150
119
142
286
242
181
355
231
97
217
61
99
240
298
2
148
83
350
3
92
41
261
123
245
252
261
129
68
309
307
302
160
74
310
246
85
131
4
270
84
81
223
31
72
37
210
385
379
219
85
33
120
37
259
299
12
89
263
153
222
26
182
117
354
280
31
156
278
23
236
385
174
300
224
78
65
299
260
277
193
247
349
238
329
25
201
54
40
7
305
75
56
78
249
276
172
333
276
145
68
263
283
12
41
97
267
118
83
292
188
88
205
108
240
115
271
354
66
54
224
351
384
56
276
17
130
302
167
312
12
378
278
283
166
378
379
297
236
22
124
274
38
378
149
396
160
172
24
371
188
207
44
101
61
192
60
124
7
186
281
380
189
390
195
323
303
170
136
257
72
350
133
315
64
77
213
158
372
278
43
131
127
357
176
273
327
134
207
28
346
341
238
0
249
212
352
315
333
363
274
326
189
124
373
364
58
208
201
146
378
80
92
328
44
23
189
376
230
61
92
125
33
36
353
231
289
216
383
39
313
258
224
269
273
21
252
56
43
319
73
188
397
70
151
225
59
308
175
39
42
333
315
364
207
100
373
196
48
368
132
14
312
342
331
19
273
308
289
285
148
369
109
329
248
323
248
109
61
298
70
75
147
85
359
316
309
286
340
118
143
46
190
382
67
369
190
15
25
130
23
355
294
339
66
164
256
223
28
133
35
38
108
38
166
194
166
351
15
370
124
263
262
308
88
368
121
397
40
299
396
56
333
368
196
7
97
43
156
374
37
35
313
184
166
270
108
257
203
216
131
237
382
186
205
41
208
50
196
248
16
81
315
202
254
332
88
2
211
201
52
269
158
251
229
248
223
382
5
155
19
252
299
249
181
398
330
336
372
41
141
229
37
108
127
123
70
67
184
309
13
299
44
270
334
204
49
258
26
269
88
179
276
104
363
174
99
371
40
181
130
49
290
274
275
269
166
82
189
23
366
241
148
54
382
302
307
88
135
197
258
322
14
169
330
120
107
78
78
308
268
99
164
4
84
370
290
225
254
2
167
94
305
327
216
354
76
371
0
356
289
109
75
19
243
69
12
104
197
226
160
44
355
285
253
380
334
40
18
25
35
322
385
348
268
14
257
166
323
322
393
74
143
130
42
253
82
205
365
317
211
267
304
58
283
87
251
62
254
251
66
159
308
57
120
209
7
239
259
236
62
108
168
346
372
142
369
212
75
44
19
283
379
217
280
395
298
68
351
277
132
262
334
247
96
327
35
237
255
270
125
61
27
134
330
109
209
87
97
50
260
203
163
360
55
302
235
327
29
229
359
202
243
28
218
152
188
141
199
206
346
41
41
70
192
77
215
181
390
144
331
250
268
10
43
76
78
238
0
339
351
72
70
262
91
319
252
172
140
36
366
348
356
209
248
139
323
31
92
387
277
389
253
91
332
64
274
302
352
291
226
217
323
175
51
335
263
9
390
387
106
316
168
366
365
10
308
11
358
225
267
268
29
59
262
232
367
266
182
350
115
91
273
186
281
41
110
21
0
187
325
268
294
29
347
83
66
153
203
210
265
119
234
27
113
215
370
270
80
38
143
117
394
263
169
182
8
86
231
65
149
111
225
268
205
181
127
62
395
215
82
321
1
7
52
232
227
24
106
196
225
240
112
81
310
129
203
253
379
288
333
384
127
161
398
256
204
349
36
10
53
393
97
103
152
247
135
332
385
2
398
5
253
217
6
292
32
233
142
116
128
36
149
165
335
386
361
334
91
67
232
172
101
99
1
229
293
70
33
286
49
354
0
206
393
248
205
103
199
140
304
30
11
353
30
189
373
389
40
351
186
284
169
345
355
108
252
326
326
109
79
173
193
82
345
112
277
108
4
246
294
69
289
172
205
103
170
378
52
73
230
112
351
188
254
335
338
142
68
5
90
93
364
253
87
289
109
272
362
196
188
293
366
19
178
348
334
195
22
334
174
265
41
98
306
147
180
357
107
356
97
262
156
8
258
159
134
45
223
373
274
40
185
245
86
142
59
279
197
239
267
393
183
381
3
224
398
182
344
147
137
210
77
221
195
243
39
337
77
2
209
126
11
215
299
200
304
389
264
228
53
181
200
60
271
122
133
15
244
323
147
274
115
169
215
8
369
331
213
153
372
130
21
182
111
161
202
67
117
3
146
237
73
61
282
211
301
274
281
203
367
127
63
11
34
294
192
277
317
227
311
92
217
78
81
359
242
373
375
12
143
124
147
189
213
251
275
42
257
395
59
142
87
158
201
232
272
140
4
103
329
295
81
162
273
358
146
330
276
315
42
83
169
321
84
15
145
70
119
379
126
41
350
250
59
178
44
375
23
310
291
315
97
83
223
147
282
212
171
236
211
138
378
120
172
307
336
106
301
310
40
396
354
209
2
321
282
171
187
153
341
266
136
201
376
72
79
229
154
151
57
163
193
249
231
194
338
316
67
273
355
204
391
36
2
124
289
96
394
320
79
153
123
368
288
94
343
250
243
133
55
192
174
325
187
153
283
243
150
144
275
366
164
339
107
356
164
239
85
186
292
120
185
378
123
204
35
292
211
47
218
218
7
315
52
304
321
154
277
230
390
79
170
382
49
387
328
311
214
189
52
277
78
381
225
306
192
225
228
52
365
162
27
334
293
228
358
261
237
244
172
317
4
8
339
152
47
108
143
143
190
362
345
309
210
215
54
14
197
350
164
189
171
289
46
289
136
103
269
284
211
219
184
101
84
112
11
361
226
368
39
177
105
85
95
14
235
228
204
199
233
262
203
316
58
217
278
282
215
336
382
135
17
205
221
181
6
279
109
199
81
84
242
380
32
251
23
234
339
378
370
273
9
370
378
204
310
142
149
3
393
143
41
381
183
30
103
108
284
193
182
311
62
329
51
139
267
340
162
290
5
77
162
0
299
105
223
21
270
58
68
341
116
375
4
123
253
14
173
330
10
296
35
101
358
10
270
124
270
104
46
284
123
271
78
174
243
147
15
177
132
231
358
94
369
316
69
188
149
14
35
167
86
252
334
392
323
244
106
162
238
254
262
208
108
337
151
77
197
247
305
123
36
262
370
1
2
0
219
356
249
29
173
193
45
207
158
192
56
282
51
344
270
60
22
385
358
18
279
200
137
193
6
6
264
111
274
338
90
32
122
178
332
118
230
272
220
158
229
198
375
351
245
304
109
336
173
229
103
253
274
14
233
394
376
221
316
308
140
292
195
319
321
389
383
201
12
146
200
164
271
29
34
301
281
0
52
308
363
261
381
254
16
246
347
62
0
332
288
200
329
66
175
268
110
270
104
44
277
68
333
173
341
286
172
371
196
143
264
339
23
177
172
212
240
258
219
181
346
18
324
382
293
109
46
311
171
153
19
12
367
159
12
6
137
379
170
252
385
166
44
340
308
104
140
164
346
68
174
228
343
108
267
120
45
352
128
72
209
23
52
62
325
198
174
139
204
337
380
180
378
260
63
107
301
307
250
44
41
147
38
367
178
381
74
250
303
117
8
292
354
75
352
177
89
372
326
135
339
59
79
313
296
8
63
175
197
398
4
347
41
285
29
190
52
277
77
108
36
371
142
175
23
51
158
223
147
243
78
105
31
169
196
83
346
354
225
74
195
81
163
126
200
346
163
325
312
314
290
39
248
321
218
18
70
353
186
180
36
391
158
329
247
262
264
71
229
24
149
336
38
221
37
197
193
277
18
193
87
42
69
252
250
336
336
203
399
206
155
177
144
87
58
283
133
127
117
236
135
73
148
72
242
336
19
307
384
388
305
257
318
75
49
399
399
34
173
225
332
340
70
301
143
341
208
245
297
169
108
208
59
290
141
15
175
144
15
73
62
221
1
331
103
398
132
172
219
287
289
98
134
254
270
42
209
9
123
97
163
206
379
165
120
101
65
281
304
164
229
111
215
227
195
298
378
72
331
199
316
35
393
125
60
294
23
41
368
159
27
30
68
283
121
378
1
176
59
302
358
224
9
240
126
182
153
40
69
93
43
249
346
149
321
367
17
63
99
281
298
133
78
133
252
225
306
396
256
340
60
385
391
32
183
312
356
313
245
87
124
268
108
184
52
301
77
81
171
387
262
339
234
369
107
280
48
319
144
241
5
354
96
360
157
96
5
271
69
302
324
120
188
335
60
248
201
14
356
52
50
334
323
88
393
166
209
104
346
41
147
217
177
302
12
61
370
158
373
114
379
105
82
123
65
265
366
48
92
50
260
144
99
346
243
189
115
112
93
157
245
231
59
325
42
112
162
2
88
232
225
361
193
45
134
248
327
340
330
273
238
159
105
176
91
80
36
211
234
278
384
335
238
303
0
346
77
86
193
30
2
6
261
37
290
59
172
352
314
304
384
278
379
362
251
64
42
9
215
345
173
222
279
295
60
8
46
105
64
355
143
301
129
234
182
2
286
244
303
351
79
347
373
36
49
334
281
340
128
36
10
19
93
183
87
255
231
304
110
329
180
377
193
253
91
285
12
240
268
376
232
283
41
191
258
109
111
156
277
135
101
359
224
15
131
197
118
83
148
253
275
118
175
337
96
340
210
173
302
386
78
230
386
118
6
159
151
39
166
27
113
169
236
169
103
297
365
153
305
125
107
148
156
384
107
225
70
208
22
351
338
134
97
282
12
62
313
192
308
45
331
81
166
61
179
224
34
42
140
200
255
159
366
250
84
11
324
323
378
55
173
283
305
61
364
289
105
37
197
247
309
30
367
273
174
174
113
387
369
99
23
271
318
131
98
253
356
132
210
350
289
7
132
78
398
63
332
229
163
69
209
0
373
152
358
207
369
63
294
218
40
311
112
203
249
172
267
245
366
270
152
26
390
92
5
123
217
202
113
250
313
345
11
358
31
189
103
393
371
398
16
253
273
224
364
102
109
154
188
394
396
325
213
361
251
243
125
312
341
191
396
340
109
263
376
374
152
184
201
20
167
154
176
99
350
249
359
160
356
151
20
160
280
37
24
183
71
248
348
84
333
387
323
358
279
77
314
94
302
380
170
314
313
234
58
26
396
22
6
254
339
389
377
215
115
58
330
217
65
370
370
112
46
299
107
398
74
182
223
186
111
187
288
203
168
267
7
158
164
194
174
166
154
325
189
179
227
190
270
102
78
262
177
394
318
14
143
91
382
256
197
205
330
294
369
51
62
96
128
187
203
163
233
61
316
34
52
391
135
116
160
383
391
77
338
339
348
170
153
161
38
112
189
242
390
240
311
188
134
85
207
55
260
40
217
283
31
210
206
264
73
38
338
143
77
393
309
318
261
267
31
390
5
15
84
315
170
273
302
273
109
273
136
295
153
293
297
5
167
248
119
201
398
204
128
360
194
217
380
323
40
282
75
292
311
197
127
256
57
29
6
204
112
69
378
348
69
99
246
298
181
295
223
238
271
368
132
174
152
0
189
251
194
326
239
131
175
204
254
230
295
331
223
280
257
310
52
371
233
60
157
370
325
10
28
255
218
144
282
149
56
1
101
161
73
382
317
206
340
104
21
230
68
160
384
317
282
396
77
369
215
136
41
258
147
97
386
274
322
322
75
383
75
371
260
399
170
90
140
123
189
136
300
68
228
329
399
380
261
385
205
97
47
76
309
107
166
31
386
146
237
3
127
14
175
276
365
253
97
150
384
358
72
141
242
163
86
222
263
181
48
36
121
111
156
78
78
104
121
240
143
40
132
329
296
370
24
156
109
279
74
317
298
28
13
164
388
133
236
214
63
10
399
289
201
259
72
11
379
21
1
370
292
159
276
59
276
19
92
263
251
212
376
92
246
256
227
167
382
238
295
174
100
196
301
18
30
97
68
34
2
373
223
22
5
51
312
52
340
83
53
398
337
163
123
295
188
69
146
275
363
299
140
221
39
379
80
302
180
80
399
315
301
134
186
346
150
365
312
153
273
103
139
90
161
106
151
256
310
241
289
230
294
393
273
277
382
78
227
222
97
132
363
399
97
389
1
130
226
59
244
264
366
57
29
284
371
258
115
289
378
236
112
147
233
305
129
188
234
127
302
75
167
59
58
209
322
264
37
225
254
247
88
145
304
226
266
203
247
389
190
49
22
225
32
169
142
326
46
258
395
344
83
110
258
303
161
192
396
386
146
252
280
201
53
393
277
151
127
127
87
289
243
128
387
346
85
110
173
328
161
249
149
331
294
155
61
241
20
387
1
346
118
202
234
19
31
376
151
201
353
90
283
28
126
233
188
388
208
117
356
30
32
232
120
189
71
384
63
274
121
254
215
254
213
396
336
155
91
235
246
328
232
142
368
190
129
398
382
37
237
25
6
133
159
276
371
326
271
368
65
357
305
212
134
90
261
298
392
399
287
121
209
330
139
262
353
204
27
356
66
91
172
281
179
394
139
215
130
32
293
326
11
201
202
244
376
295
65
74
149
20
308
153
279
48
203
342
31
209
292
353
140
166
398
180
77
86
134
239
130
369
382
181
393
55
355
349
388
261
331
285
192
130
147
284
347
2
371
52
163
103
205
195
77
189
140
206
206
194
6
267
357
251
147
308
309
307
262
263
235
152
87
239
297
109
17
388
278
132
8
182
379
218
155
154
287
107
122
229
13
378
304
172
355
42
299
291
51
24
359
213
317
354
74
143
375
171
69
247
371
229
284
19
57
157
168
43
283
62
163
143
100
171
224
312
187
179
56
378
268
333
281
180
370
249
29
166
170
243
176
50
204
68
90
13
345
224
108
330
236
316
220
180
49
42
44
28
244
245
206
326
117
82
336
347
65
264
179
257
24
104
148
146
186
262
120
74
21
68
156
120
326
276
352
348
221
0
92
262
221
96
124
83
260
290
117
391
273
21
100
252
162
188
181
353
147
209
116
323
114
126
189
101
148
28
192
84
2
190
162
304
1
68
1
0
267
55
165
387
5
353
373
43
11
281
394
219
1
77
41
64
330
42
109
234
289
65
225
395
189
76
389
382
189
323
15
26
390
244
100
82
356
284
268
64
1
2
174
6
42
77
394
237
192
104
178
361
108
186
262
51
76
369
370
79
252
284
332
86
193
245
389
327
11
188
296
160
33
100
99
20
311
147
234
89
127
277
100
125
39
176
134
186
223
263
238
29
81
324
161
169
117
353
239
174
197
4
51
335
356
21
4
182
109
231
162
24
264
218
349
170
203
282
135
116
384
121
370
346
75
19
1
43
386
171
340
263
299
143
387
49
256
210
31
63
196
258
63
143
204
346
373
123
340
360
365
68
45
105
84
148
344
330
387
391
368
241
153
243
359
115
176
248
248
355
155
242
27
136
127
227
397
121
127
144
131
55
355
187
47
162
287
89
41
104
340
292
249
391
27
191
169
9
386
344
171
25
249
34
334
53
350
50
278
380
160
262
94
64
252
170
251
369
318
374
77
365
214
336
162
117
294
323
8
334
236
52
259
95
388
331
230
399
296
253
339
86
120
178
368
145
97
387
248
116
276
373
11
198
248
203
163
354
17
246
96
127
113
27
265
282
196
50
306
90
99
4
129
186
319
226
356
286
149
34
345
111
277
18
245
255
4
115
377
364
351
233
87
238
385
260
390
194
157
309
11
115
99
310
60
375
306
174
220
126
302
164
360
12
68
250
156
250
28
330
172
155
34
220
324
333
280
398
234
391
150
358
278
124
256
204
340
356
61
318
255
41
183
54
276
280
91
61
125
325
195
256
57
256
358
218
204
148
49
78
314
182
101
250
268
300
381
175
164
219
16
124
53
299
326
291
156
135
242
220
177
67
138
153
174
333
346
395
288
399
48
37
272
123
6
205
38
70
138
381
231
108
99
307
139
223
208
149
300
242
70
200
69
226
281
371
145
220
77
175
245
1
274
299
100
140
325
289
127
161
84
239
332
146
137
65
273
159
142
254
243
23
141
387
13
295
288
76
205
86
188
134
212
71
379
388
239
118
209
292
217
390
231
353
328
7
352
182
103
192
31
265
162
179
244
341
337
32
121
210
302
347
129
261
131
131
168
389
268
398
305
4
377
257
144
142
152
224
363
316
398
362
188
38
273
220
360
28
131
32
359
125
4
268
318
289
259
360
359
150
215
109
178
227
95
396
130
52
310
127
344
244
314
39
301
399
397
86
247
241
339
306
97
384
40
91
140
173
351
155
144
376
268
26
363
252
37
237
143
223
94
117
12
76
140
331
79
185
78
19
41
369
248
396
84
205
203
213
195
74
305
133
307
225
365
104
241
172
72
215
395
13
48
266
192
156
24
121
271
139
108
324
114
144
256
108
67
100
47
398
189
165
81
238
172
269
91
108
375
242
294
18
218
366
193
249
399
141
198
161
340
187
217
215
161
277
240
261
12
228
383
384
304
373
222
169
223
220
390
306
193
15
302
38
58
316
278
106
203
353
214
84
140
67
332
42
242
12
77
227
284
257
39
301
34
4
242
259
241
372
272
34
258
236
24
78
127
385
134
339
194
255
379
178
223
222
20
280
72
111
290
221
145
355
385
260
312
70
349
167
291
150
12
191
7
147
160
172
82
137
283
262
70
53
63
81
258
55
175
354
258
150
274
46
232
87
55
306
132
19
44
286
180
37
23
378
205
121
256
134
0
4
364
306
74
216
109
78
247
237
86
65
105
386
144
377
66
279
51
387
118
329
379
262
379
148
14
101
64
107
226
101
41
68
356
186
265
203
53
136
133
152
102
333
104
284
360
394
116
248
216
2
11
159
222
214
27
315
70
43
183
221
392
62
84
358
350
220
257
329
174
67
145
289
49
371
41
334
221
42
246
339
170
43
340
252
85
15
44
379
361
316
377
294
334
55
158
205
191
178
157
118
310
348
327
235
265
231
160
322
142
37
204
318
84
358
90
368
67
312
145
128
36
343
193
240
286
42
97
209
81
30
176
311
104
210
170
394
242
140
332
333
77
202
385
149
240
290
202
366
202
301
339
191
394
254
220
78
299
77
283
32
217
394
301
339
29
59
87
159
234
319
395
232
56
343
334
244
191
260
277
193
86
201
116
298
51
290
205
186
46
71
122
125
184
285
40
269
51
133
15
309
143
21
235
44
354
27
130
140
46
114
295
383
32
219
3
81
227
171
0
39
318
103
161
7
155
251
245
367
65
65
140
70
273
362
43
23
33
379
121
374
80
310
377
324
8
178
220
302
234
268
186
226
351
89
172
265
67
15
163
41
211
149
351
183
276
342
169
334
339
222
147
107
381
95
174
259
281
307
18
12
116
68
198
362
189
74
390
390
302
149
96
48
316
242
382
206
346
149
291
220
329
61
211
192
246
177
107
32
172
124
125
196
205
365
9
198
6
137
306
29
303
97
292
219
50
239
83
75
197
221
292
257
379
39
58
290
241
330
174
207
116
367
17
67
388
58
119
183
370
382
158
324
78
159
330
172
391
79
140
133
4
3
345
340
232
132
228
31
56
221
257
133
304
379
178
196
395
14
391
53
48
372
294
255
220
67
298
302
160
149
94
92
35
277
174
23
19
102
373
297
369
93
167
292
161
385
220
277
98
269
42
82
205
343
190
374
280
154
363
327
178
169
141
171
230
87
22
79
45
36
116
82
109
60
228
340
104
225
267
204
116
209
281
193
79
75
105
315
128
209
112
272
126
51
227
99
242
7
285
318
197
180
253
209
199
283
194
221
199
352
389
256
157
176
373
271
189
197
225
301
24
350
192
379
307
168
143
7
329
197
379
326
186
244
191
198
260
351
349
183
203
208
193
257
382
186
304
47
217
1
211
101
65
209
220
238
185
209
343
399
106
152
96
147
44
183
93
75
398
121
209
148
157
113
63
329
77
204
46
383
134
210
285
81
378
222
136
116
188
283
243
73
47
364
87
205
220
159
304
255
29
1
203
36
212
305
208
356
363
196
283
275
267
199
297
70
166
177
112
139
301
33
254
47
285
170
36
186
387
153
316
256
160
205
391
201
26
156
261
82
126
378
332
336
387
288
370
359
7
34
109
208
46
192
378
51
15
86
382
52
156
346
221
140
276
41
363
198
151
240
130
134
307
338
30
139
193
322
94
283
289
228
245
161
149
387
150
126
129
102
373
16
305
43
38
24
2
350
54
123
202
49
83
29
262
17
145
99
112
292
250
290
219
152
390
110
368
308
250
373
348
169
300
232
306
354
13
60
16
112
265
283
37
357
293
146
110
312
356
75
287
197
9
89
253
292
95
17
253
378
364
144
284
167
236
265
354
336
56
6
75
177
323
66
262
220
273
104
185
167
248
256
37
337
151
104
306
378
11
243
381
387
324
232
60
183
392
304
40
88
231
327
23
123
58
8
212
104
295
97
61
29
140
169
372
116
270
75
392
190
49
395
109
323
301
363
228
37
69
67
388
6
133
244
369
54
389
16
217
40
219
389
114
259
214
380
241
54
39
63
0
352
6
309
105
336
85
140
290
164
139
337
16
76
47
132
362
189
376
325
306
224
294
165
136
69
296
202
246
170
268
365
141
146
255
245
257
201
285
61
68
109
338
365
57
67
97
66
329
286
13
112
273
309
28
315
387
41
233
17
209
210
138
341
183
299
372
34
376
70
2
91
16
209
252
367
296
352
236
299
135
208
42
261
392
254
130
91
304
303
288
183
372
186
332
365
369
121
16
163
363
177
351
345
380
308
138
186
22
91
275
49
145
291
101
29
16
255
63
145
55
56
121
294
319
297
215
309
155
133
66
9
85
59
108
379
384
250
218
221
326
36
197
390
26
43
28
389
246
94
380
186
171
29
124
140
239
127
393
166
375
94
337
84
383
37
95
38
29
62
386
206
204
37
23
189
85
364
341
57
11
28
178
302
241
246
307
56
315
257
165
16
109
16
32
146
325
120
242
246
37
353
65
350
291
114
376
13
149
124
352
318
385
129
344
19
247
347
3
118
319
360
350
11
207
125
78
27
316
171
124
142
27
295
152
50
247
293
45
175
42
237
210
263
281
245
121
316
13
244
185
134
225
220
205
234
12
362
129
140
302
302
206
242
339
132
377
252
55
369
324
111
189
2
52
18
395
285
106
161
320
307
354
91
189
394
352
30
133
260
12
326
29
306
224
385
144
369
72
326
390
26
259
369
285
191
359
201
220
1
269
317
45
138
175
180
43
390
75
43
39
249
289
195
144
213
285
250
117
306
179
354
285
12
261
87
179
53
187
127
174
270
380
312
253
31
382
14
61
299
382
20
109
14
19
61
2
233
37
350
217
298
101
169
59
34
226
220
172
20
78
159
256
295
359
37
112
114
257
233
303
153
327
49
34
48
257
353
122
394
55
59
186
82
208
240
45
230
352
60
113
254
128
169
245
187
264
387
70
265
333
199
157
326
47
246
108
274
192
256
74
258
202
291
11
111
250
65
207
270
92
103
358
65
37
47
289
140
394
129
345
42
193
108
178
206
348
130
234
139
210
220
141
44
138
25
161
2
330
389
61
165
21
55
391
152
125
336
329
127
143
165
96
209
181
52
286
15
278
164
284
62
202
139
95
17
353
161
378
356
238
280
287
23
48
396
372
355
61
87
153
253
277
101
60
327
283
255
287
29
11
29
193
342
254
366
244
112
346
14
174
181
117
26
117
43
341
353
225
356
26
149
73
336
277
160
21
315
300
325
86
206
291
135
236
331
193
9
269
140
243
241
36
391
280
90
110
152
70
43
73
208
108
88
327
117
87
22
27
0
49
169
79
71
396
280
345
207
87
240
180
207
120
307
167
241
258
27
281
357
226
149
218
29
241
113
163
170
260
287
146
313
399
291
382
316
180
138
161
55
287
351
303
342
386
230
318
14
378
292
68
197
2
126
105
8
38
377
158
121
311
143
303
239
133
162
262
311
62
109
388
331
200
371
145
21
230
271
56
315
398
370
84
215
389
258
274
357
129
273
289
76
258
379
203
295
54
291
194
299
223
249
72
389
378
39
76
336
160
27
214
34
303
353
127
197
47
392
187
350
127
197
81
385
309
313
264
271
176
258
27
3
372
167
387
188
316
3
284
129
14
24
18
180
334
385
68
38
373
303
70
153
163
216
7
269
49
31
121
39
8
284
367
21
363
56
36
135
273
358
235
221
303
15
333
195
0
107
163
124
378
308
280
0
191
360
325
119
153
99
257
244
77
342
285
121
347
152
343
96
61
285
219
233
53
263
181
317
26
110
190
292
144
242
192
365
186
256
301
99
391
62
42
140
292
323
391
370
39
342
13
43
131
366
370
126
306
166
70
276
323
209
335
306
255
317
1
92
265
160
356
51
97
37
84
216
53
354
75
68
9
173
380
326
262
252
135
66
331
205
114
144
201
333
199
164
77
340
19
154
107
7
47
261
115
396
387
88
89
43
352
262
186
226
165
89
354
237
243
230
79
154
363
107
219
174
128
76
273
189
87
166
166
363
115
116
353
106
173
395
398
368
133
74
311
195
351
2
9
327
0
358
210
373
351
139
93
92
341
104
220
311
365
37
256
157
277
104
70
34
105
322
96
5
147
158
115
262
89
273
87
127
225
318
220
5
356
275
133
362
273
50
327
125
171
237
56
372
256
281
88
326
278
233
258
164
233
390
59
207
171
254
100
98
304
178
83
195
60
96
47
306
133
398
20
137
307
357
380
265
60
203
170
356
399
142
43
387
6
147
303
106
16
273
359
220
315
288
159
225
303
169
92
387
250
161
336
244
48
83
32
233
185
23
20
17
325
119
380
183
291
73
188
222
160
106
1
206
245
158
303
379
102
261
343
219
267
385
382
189
195
67
274
84
279
286
126
280
339
77
236
151
89
171
52
341
363
89
6
120
392
101
27
393
138
55
162
10
298
129
358
194
5
255
64
397
346
81
149
371
36
263
46
302
198
303
162
188
316
171
328
347
379
282
121
56
41
392
325
299
392
231
28
134
391
364
350
287
84
232
14
201
302
256
134
295
316
358
243
132
322
150
255
0
346
352
286
102
396
208
83
107
202
81
304
16
399
68
229
90
340
23
350
4
169
339
315
373
87
321
242
192
386
230
182
109
88
259
58
371
278
231
5
18
178
346
363
242
126
63
38
328
143
386
351
315
203
72
222
120
190
80
398
75
298
336
133
277
348
156
195
70
259
31
372
84
46
143
252
125
306
241
341
399
117
6
219
2
197
298
362
304
243
388
346
55
291
185
31
301
153
324
125
38
363
291
346
59
53
60
385
90
323
245
144
172
163
368
171
219
60
135
144
47
390
238
316
22
376
190
82
395
19
8
148
202
55
237
0
286
330
334
75
244
299
183
13
220
185
205
18
240
23
164
14
153
256
0
230
231
188
236
304
192
344
174
0
112
49
366
186
77
112
309
357
70
280
89
258
18
241
51
372
46
257
226
383
229
369
99
123
66
79
273
399
316
157
84
0
257
14
103
396
399
109
218
342
51
306
172
323
250
235
125
192
311
173
126
118
5
149
292
86
370
300
65
189
6
217
176
304
283
162
80
297
1
351
373
359
319
139
250
186
375
191
352
166
4
88
109
148
383
386
128
32
167
197
130
57
95
398
324
215
63
304
15
26
77
206
310
339
372
58
383
164
25
239
221
351
235
99
331
291
367
359
334
212
52
57
0
302
42
360
145
7
379
70
305
82
346
328
180
394
140
143
78
311
289
193
306
124
126
147
85
180
212
182
79
244
69
77
370
32
121
326
63
182
5
379
89
368
278
394
193
196
394
179
21
305
68
117
44
274
221
327
334
291
338
372
188
306
125
346
57
80
42
396
105
162
318
235
215
150
170
138
72
369
330
250
12
102
29
64
231
160
319
335
385
355
99
6
396
260
351
70
235
301
227
70
20
221
378
101
157
18
318
30
167
243
289
278
38
132
2
360
202
32
181
310
375
84
91
119
82
241
12
45
132
316
398
272
248
346
169
378
155
61
332
219
183
99
2
50
9
104
176
243
15
330
302
294
389
304
125
148
367
225
106
367
323
355
337
312
183
107
367
369
268
155
217
101
357
8
50
336
323
369
51
17
206
209
177
41
326
302
204
162
300
181
119
139
127
53
88
345
1
96
337
147
17
250
79
383
387
290
214
59
164
28
186
250
2
205
225
342
375
394
135
271
32
108
25
84
378
76
14
52
174
102
284
140
82
164
301
181
111
132
12
14
271
318
147
58
278
290
389
93
245
229
392
321
245
284
331
142
23
240
172
261
95
70
225
308
60
181
93
86
16
107
399
301
60
332
25
270
292
393
311
244
93
33
187
89
395
250
134
220
312
124
85
153
84
306
146
81
342
292
360
164
50
224
244
213
202
372
152
165
98
219
94
283
258
393
376
319
369
198
137
11
145
137
155
126
147
101
27
351
83
205
19
312
206
180
34
125
351
361
123
384
218
130
148
264
224
77
49
204
231
229
357
6
303
193
334
83
283
276
301
260
43
5
290
292
54
367
319
156
90
364
349
50
316
145
370
378
277
262
12
112
204
194
282
127
395
187
21
162
15
283
112
60
92
124
216
138
331
365
129
40
375
117
51
306
396
395
148
315
217
11
115
92
305
262
26
104
111
387
261
274
135
212
259
148
171
213
176
341
198
388
28
0
193
353
59
154
297
252
348
34
136
135
44
11
107
208
249
17
196
1
46
162
265
364
236
345
11
276
327
170
67
118
318
32
326
103
327
179
94
286
259
297
228
339
123
208
388
29
57
399
294
219
132
274
116
104
150
36
366
43
101
22
203
130
112
342
366
261
299
108
146
242
231
362
85
330
242
354
197
291
225
274
121
366
202
204
102
222
65
191
249
172
353
362
364
116
252
317
389
27
244
38
308
98
216
147
252
240
11
385
347
251
15
152
109
348
38
395
63
223
199
47
53
303
111
159
240
170
159
84
369
89
130
203
240
44
295
51
380
148
171
197
18
142
237
150
8
186
56
284
382
119
168
129
84
52
65
34
251
215
232
183
335
278
228
280
118
188
212
323
359
255
326
331
240
357
299
220
336
99
110
218
134
160
203
90
128
315
161
218
213
140
107
344
288
153
162
285
70
354
129
257
172
48
273
177
214
325
383
309
210
251
88
399
258
310
130
357
88
246
186
40
249
222
147
363
89
247
216
30
109
183
325
95
150
75
162
209
147
203
197
220
133
220
37
398
251
185
343
156
398
314
217
2
48
209
85
