298
219
156
177
185
19
136
46
48
341
48
188
245
388
48
78
284
123
321
22
397
307
195
296
26
311
270
264
168
148
123
14
158
276
291
217
294
207
112
371
51
209
352
65
277
292
358
252
23
228
350
33
390
53
172
289
12
165
153
228
64
372
100
106
48
178
310
178
51
355
398
148
146
180
36
17
343
326
100
261
86
41
274
313
278
127
379
96
371
337
327
47
16
139
196
65
356
70
190
129
356
318
120
384
334
115
287
284
207
151
343
237
396
278
136
80
3
203
200
355
87
151
146
387
180
351
223
322
9
308
308
209
135
45
304
274
22
2
324
83
386
188
280
98
152
357
397
288
173
300
57
250
372
0
228
105
378
281
10
179
115
226
325
292
337
222
321
111
171
272
129
247
321
345
342
265
294
355
335
56
250
286
367
102
30
376
21
287
114
174
173
386
267
115
82
379
94
253
100
85
114
318
275
336
271
1
342
176
300
59
192
27
231
234
340
111
300
21
178
28
78
3
333
182
345
99
100
303
88
125
17
333
72
11
335
244
296
199
316
394
304
188
344
347
306
243
29
240
8
337
296
54
354
251
68
262
38
297
24
272
29
376
349
71
52
15
145
36
106
214
258
285
196
22
260
130
11
46
75
277
125
261
22
97
168
161
162
104
71
241
111
340
332
291
291
264
96
80
211
71
16
204
132
155
363
326
282
226
129
159
299
154
36
150
164
139
307
28
79
119
134
44
373
357
317
304
75
284
345
169
319
187
12
71
200
56
157
91
291
269
232
371
176
228
196
362
258
262
271
48
351
188
224
184
269
289
262
237
198
352
46
319
178
288
349
212
276
347
190
154
299
135
343
185
79
151
341
280
88
45
59
211
141
386
38
218
110
188
225
271
193
364
284
92
303
300
221
181
227
255
311
242
35
286
237
26
290
240
1
83
280
320
172
255
373
396
140
53
282
390
201
229
45
64
6
384
366
307
90
310
208
0
352
181
220
45
176
47
124
177
13
113
295
340
265
229
177
282
65
209
238
62
161
8
313
239
129
271
142
358
28
317
276
48
147
212
258
7
197
167
243
199
5
32
20
47
326
59
213
151
247
320
111
203
289
154
1
280
121
29
353
142
319
358
1
86
261
94
291
155
351
146
231
395
265
312
197
183
61
382
360
82
75
376
43
66
10
232
65
372
83
86
389
315
87
97
247
127
77
104
335
140
115
270
12
285
272
29
283
326
132
30
235
306
305
62
128
125
223
201
266
13
115
293
319
115
212
125
77
399
349
376
74
295
289
75
154
255
119
2
51
334
270
8
32
136
356
226
95
356
153
123
161
152
90
346
186
269
293
108
259
120
222
32
5
320
83
73
140
123
295
7
102
287
107
292
190
258
299
49
386
146
101
13
189
28
39
47
80
83
138
290
101
47
269
152
132
352
59
15
79
32
327
158
210
390
165
396
74
327
390
316
323
0
103
332
370
325
199
180
61
285
125
129
3
233
287
180
286
322
71
101
108
141
161
328
26
181
398
3
24
101
352
364
259
68
237
192
81
200
166
295
61
289
150
398
11
178
212
70
127
90
12
35
52
138
258
65
207
352
68
383
226
22
285
19
371
191
196
85
68
54
141
8
322
239
180
220
166
356
104
52
27
2
328
250
392
364
148
63
392
292
294
197
303
285
366
385
384
61
261
78
67
17
212
326
384
246
226
42
38
359
210
192
354
389
145
155
152
46
254
90
372
69
208
223
338
102
106
264
55
387
349
352
310
366
235
272
278
35
47
324
176
259
141
335
281
83
24
355
23
351
113
195
119
156
372
313
58
175
215
197
71
157
129
307
203
173
43
228
236
257
293
61
288
181
1
160
120
321
6
60
9
319
102
76
355
36
324
233
144
141
4
224
335
365
213
165
261
348
283
254
284
293
136
83
147
252
212
20
211
272
39
353
397
82
365
296
64
125
160
131
389
168
211
228
148
368
261
191
371
30
397
171
333
169
115
133
117
61
277
21
113
0
202
363
375
189
312
94
259
219
18
150
294
331
122
123
359
215
110
307
391
363
114
301
9
28
56
280
277
62
223
305
23
195
66
257
380
75
361
175
248
208
230
40
365
182
353
35
53
376
172
249
289
218
80
72
223
141
73
359
269
330
314
142
289
330
107
38
164
227
213
311
127
269
127
329
4
60
27
147
95
86
89
188
320
149
356
46
334
272
299
206
172
93
368
322
208
266
238
143
273
238
370
295
230
105
230
331
350
90
214
32
199
203
330
206
306
32
56
73
290
389
128
300
173
50
385
11
238
284
132
361
202
96
68
111
303
311
377
239
220
129
69
168
111
59
263
26
272
69
256
382
358
301
187
276
256
245
47
296
366
322
195
334
173
145
154
27
157
176
307
389
322
310
259
395
398
205
373
336
192
392
104
381
351
288
48
4
201
292
153
391
5
206
254
124
134
202
28
179
396
316
224
49
321
293
327
290
322
318
326
144
346
138
105
320
65
108
301
147
85
309
308
161
50
208
259
13
62
364
395
335
171
331
157
238
281
271
2
374
317
122
18
3
93
349
148
283
382
173
368
281
176
397
58
23
152
116
149
390
208
228
222
12
308
337
92
327
399
315
310
252
144
153
364
143
35
300
194
244
243
167
133
292
158
338
196
87
168
327
93
318
310
103
348
319
47
109
334
239
313
55
148
140
261
286
241
365
221
99
262
368
321
398
320
136
150
347
187
265
85
349
88
16
175
373
394
221
345
40
55
37
161
125
223
283
152
66
217
307
192
213
398
238
24
274
164
6
345
15
355
355
338
339
7
95
23
51
69
196
19
364
151
397
89
129
94
8
361
335
266
305
167
384
204
253
64
126
235
346
178
91
291
130
95
156
46
60
165
52
272
325
262
378
274
372
134
269
327
224
145
104
163
242
158
304
30
332
277
16
122
25
388
117
179
285
179
2
25
339
224
189
349
395
52
218
98
398
59
248
96
267
325
30
374
117
387
200
299
17
126
207
301
116
144
386
372
282
394
234
183
261
159
394
289
302
271
271
34
251
19
25
339
339
236
44
183
250
240
141
198
161
327
358
120
374
386
245
228
250
310
155
145
67
304
176
288
161
353
14
26
268
75
203
22
295
395
283
338
7
263
102
273
184
335
99
232
213
122
327
186
297
73
269
239
166
196
67
267
113
225
335
69
325
319
56
9
272
95
338
252
177
96
294
62
272
11
13
17
164
381
29
37
31
21
228
255
255
393
337
388
210
275
123
108
68
342
306
281
313
5
333
225
100
249
330
110
312
19
5
103
90
8
213
304
319
263
379
163
378
5
350
157
7
121
273
313
298
329
161
194
242
205
136
232
173
172
110
96
131
364
194
122
320
338
191
156
343
233
71
5
273
29
45
78
97
237
278
168
397
101
163
294
363
198
22
302
211
301
63
108
356
90
347
80
300
262
92
293
328
313
383
299
368
280
190
4
209
94
22
64
107
112
289
67
378
90
291
103
109
200
202
246
300
201
19
207
198
156
197
308
105
309
255
171
105
245
33
236
36
205
182
391
305
171
81
338
324
273
120
16
39
155
136
137
119
361
270
145
323
230
265
218
148
265
252
239
235
155
330
188
353
58
186
2
128
53
285
355
146
70
133
157
149
391
399
284
237
95
381
147
43
220
212
96
254
71
154
9
312
135
196
136
324
180
337
295
332
9
333
233
4
96
313
115
82
16
320
226
226
378
125
342
28
51
311
272
381
276
141
218
235
399
32
85
58
210
109
16
316
168
284
55
261
305
218
83
45
235
148
9
291
11
163
309
37
52
208
38
88
364
336
251
232
240
150
312
206
246
363
157
221
161
389
331
347
146
323
380
373
350
235
190
100
149
126
386
159
378
392
76
63
363
354
103
124
225
17
219
375
134
204
298
301
346
68
293
301
391
228
360
137
355
92
16
398
338
206
60
170
382
46
302
66
262
213
384
16
133
121
111
184
334
9
331
70
232
143
124
330
305
154
183
37
137
182
50
39
159
325
315
263
244
144
165
192
263
103
212
206
346
261
318
46
332
32
373
318
33
334
295
385
255
334
396
335
2
266
87
104
96
155
176
388
93
192
187
178
131
193
338
177
42
293
14
65
80
27
222
53
41
3
399
356
100
281
306
52
248
43
321
91
361
315
104
180
84
299
288
220
91
323
89
10
148
187
122
106
205
255
214
137
236
37
284
255
130
236
36
81
91
98
180
69
41
118
80
55
336
366
93
229
93
133
120
366
220
201
153
15
289
32
297
170
137
311
365
181
78
74
387
274
54
309
228
318
398
352
245
353
192
346
100
398
55
283
107
143
162
35
323
106
140
109
202
290
211
167
227
224
15
249
260
57
102
318
131
2
390
376
74
320
132
156
230
63
392
213
46
48
137
372
132
214
165
268
359
87
292
83
133
303
271
97
295
81
31
277
69
228
141
75
8
76
386
183
156
148
336
37
136
286
155
41
144
26
87
143
189
344
261
84
339
238
282
384
380
326
1
212
242
11
185
198
217
317
315
58
367
3
17
323
222
20
327
321
325
320
170
372
394
358
172
193
285
224
188
342
302
211
185
145
113
70
260
209
286
145
81
329
33
193
51
239
236
114
250
156
253
63
113
52
398
268
165
218
345
228
113
91
230
390
279
51
395
245
261
7
324
86
185
86
100
61
289
313
3
365
101
372
323
362
135
384
45
223
182
110
87
213
129
387
373
139
357
56
364
118
184
102
213
129
81
240
76
246
163
18
269
271
334
377
358
215
217
212
25
18
170
243
279
198
182
221
149
155
30
384
118
180
277
32
93
388
310
125
25
311
1
127
2
394
229
47
117
262
280
346
42
97
290
289
99
150
179
178
161
53
147
387
295
30
291
381
175
272
349
394
114
76
242
217
251
219
128
338
358
99
12
391
70
223
340
113
326
14
30
53
90
209
124
382
220
286
350
100
111
170
111
397
91
241
89
297
39
22
150
19
81
281
170
66
227
157
189
176
144
352
123
370
203
382
131
300
353
370
101
221
393
298
27
358
385
368
73
277
265
352
119
158
155
31
368
279
325
175
50
90
194
11
215
320
333
256
326
0
247
351
22
253
381
367
70
125
194
329
86
273
26
182
189
363
112
353
25
239
186
197
323
83
219
67
32
314
88
255
247
291
135
74
3
84
149
219
183
277
177
198
355
72
356
56
125
30
86
278
25
189
44
209
86
40
323
339
318
34
381
295
343
9
299
1
247
399
257
15
87
81
270
108
224
323
55
137
236
200
332
396
76
375
257
5
92
208
98
273
223
222
148
216
128
54
379
207
360
326
362
72
9
310
236
316
337
115
23
64
257
390
323
0
210
238
47
384
277
216
335
353
121
112
109
158
116
228
139
12
311
16
382
309
296
29
38
255
144
91
167
356
159
118
87
294
352
282
33
281
32
26
15
82
313
352
40
65
130
234
277
94
5
337
112
24
261
91
41
134
231
149
6
210
389
223
311
279
351
257
125
121
32
113
178
383
229
377
325
159
60
62
112
320
79
8
72
389
122
89
18
168
51
76
148
180
4
3
184
244
185
232
324
328
269
60
358
224
73
358
65
190
123
369
145
315
4
106
374
204
377
319
214
247
275
387
37
185
365
112
351
81
82
182
309
70
199
258
137
241
328
101
236
43
121
381
306
313
379
265
183
304
103
251
305
196
83
231
157
16
267
172
171
64
76
159
215
13
288
169
326
70
156
189
264
243
118
348
4
60
80
125
295
22
180
13
393
112
7
223
53
71
159
170
151
12
297
261
123
396
306
354
9
221
257
197
330
99
355
151
285
7
354
380
75
182
218
65
172
67
124
237
168
63
270
390
366
16
133
254
191
207
128
244
141
54
112
274
395
275
298
136
286
115
140
186
374
284
129
216
251
260
37
172
48
247
139
20
22
267
302
166
226
53
117
201
359
17
37
395
112
289
232
137
238
232
39
261
350
365
198
184
307
219
151
278
219
47
194
93
254
317
378
223
381
154
44
303
126
358
19
345
235
258
168
373
383
307
330
318
342
68
120
234
78
369
264
62
294
364
388
84
252
17
282
215
130
202
44
347
253
186
293
362
171
73
254
57
13
89
158
78
66
169
53
341
51
110
387
371
365
187
152
316
376
220
29
67
58
171
1
302
71
207
330
139
81
63
216
144
390
25
279
296
109
120
267
262
252
65
312
301
342
273
244
42
50
184
399
227
350
258
240
17
0
177
295
347
235
181
347
177
342
132
344
320
100
182
122
185
317
18
3
32
332
47
128
327
26
291
111
78
108
81
264
273
328
129
90
134
267
142
183
314
27
40
254
232
150
379
238
60
60
262
223
272
250
81
69
389
166
178
200
399
23
239
67
299
214
5
245
75
53
291
228
8
270
198
29
97
236
84
338
192
46
194
142
149
232
121
50
346
2
36
327
122
101
377
87
170
102
330
333
13
135
397
118
197
63
224
328
60
242
189
123
291
371
239
200
195
57
143
327
43
108
327
229
300
184
330
280
17
203
161
354
4
10
329
153
52
386
308
186
383
326
74
303
134
208
396
189
68
197
129
298
339
208
1
301
5
176
216
360
215
0
321
144
122
338
181
152
347
140
229
266
313
34
16
158
260
273
46
274
29
187
360
245
382
8
219
157
58
359
85
245
253
286
150
0
339
243
274
54
248
351
166
242
317
370
248
366
318
161
134
276
378
236
337
113
232
194
213
270
261
218
21
316
183
38
61
69
288
101
35
88
202
308
318
371
249
103
266
49
112
89
48
347
205
34
13
115
92
21
63
25
349
199
85
193
220
332
121
188
134
147
339
272
207
244
66
64
355
278
361
134
277
287
373
358
368
255
226
6
199
382
20
367
97
337
312
161
35
83
376
374
332
231
132
240
21
286
359
78
348
131
300
375
222
292
199
240
379
289
167
278
244
32
367
261
375
237
262
204
195
277
31
372
212
31
250
46
184
69
382
339
374
264
280
380
185
62
56
193
234
88
370
155
360
278
291
217
321
19
280
140
259
244
215
278
36
33
318
179
31
168
245
331
198
7
342
397
170
139
332
187
282
143
101
304
324
42
212
315
190
81
145
284
132
121
12
301
157
217
250
372
350
168
250
253
392
88
51
73
116
53
86
324
368
148
287
338
80
254
30
283
86
221
111
310
246
389
56
227
135
72
66
196
308
226
335
257
41
276
18
176
264
177
215
97
383
298
310
329
73
372
128
235
205
209
173
1
29
367
128
7
394
153
19
180
231
62
36
80
139
32
127
144
34
87
233
125
298
366
258
146
306
336
320
80
321
15
194
240
274
382
365
398
139
379
2
67
328
238
284
167
349
398
355
358
294
343
103
368
305
206
76
79
191
60
160
151
235
276
358
237
32
256
387
349
214
12
2
95
39
301
246
21
188
62
354
186
332
376
265
3
325
158
365
190
348
265
109
216
146
97
97
319
178
202
138
97
349
203
69
276
256
34
151
324
246
118
44
345
246
286
42
19
205
16
354
199
221
105
61
232
184
278
116
216
71
57
11
371
222
300
101
4
206
174
263
120
105
183
142
241
173
140
175
63
72
295
77
353
268
246
241
184
348
136
17
15
256
18
341
202
295
234
134
333
325
90
147
203
42
387
12
146
116
160
263
254
219
154
193
23
221
173
67
96
51
342
60
231
272
362
9
130
233
181
293
233
273
59
267
355
88
301
124
311
213
192
99
163
353
255
117
293
101
274
155
212
169
143
122
166
357
274
371
239
168
350
154
2
60
352
114
306
7
250
220
183
216
195
186
123
187
83
179
277
251
348
29
27
97
180
172
239
381
108
309
386
198
200
100
14
285
202
382
304
39
383
180
380
242
373
343
304
154
75
347
302
84
246
161
15
242
195
2
377
264
28
72
134
212
63
316
291
92
222
213
369
191
12
201
157
230
399
379
167
365
387
212
24
54
293
116
123
174
157
36
135
292
78
268
250
0
385
228
60
356
313
195
89
54
328
70
180
296
54
54
126
69
236
27
3
56
369
42
361
267
165
238
286
238
113
331
263
39
79
63
201
56
347
10
253
126
388
41
26
319
282
350
190
98
351
73
336
397
79
19
86
93
303
314
235
10
120
81
36
144
217
31
276
280
56
43
319
365
167
385
86
336
77
69
74
302
10
37
49
117
43
40
95
12
281
268
373
51
322
71
205
345
109
37
210
260
332
252
337
219
162
115
332
218
340
283
387
302
37
194
92
365
349
307
168
102
198
98
101
225
199
356
114
289
152
150
366
209
213
287
179
381
293
226
380
155
383
303
38
63
42
209
49
153
318
313
199
77
334
219
90
295
207
103
244
156
229
7
6
140
44
274
302
186
283
385
110
382
17
73
256
130
228
348
106
368
129
255
122
212
244
335
287
169
82
50
23
33
238
257
195
188
265
162
109
234
0
53
294
384
45
324
270
229
319
232
159
89
219
223
328
36
86
74
39
102
178
89
114
167
49
257
84
302
77
223
229
393
68
86
90
331
229
338
373
364
365
28
287
49
59
206
107
387
335
388
126
323
32
189
52
44
364
4
293
241
253
368
374
16
338
385
177
125
389
26
170
278
383
92
103
31
65
77
241
44
69
31
274
54
172
232
9
319
37
44
203
235
196
263
71
136
71
136
77
179
194
388
387
103
145
10
127
347
72
220
240
280
370
114
333
336
389
328
258
270
107
265
170
9
157
392
130
212
80
139
325
20
39
229
334
280
99
266
90
325
256
340
271
302
112
61
308
25
308
27
305
298
74
102
386
24
91
115
109
238
0
209
328
250
58
302
104
187
353
120
195
376
248
226
49
153
111
376
353
192
190
220
53
160
166
249
44
108
160
231
395
123
69
107
160
309
141
89
383
287
337
281
198
257
111
348
189
216
178
25
390
103
375
203
213
230
138
154
165
303
348
259
263
340
225
80
309
23
225
373
85
15
359
302
368
93
137
311
239
135
81
118
321
142
363
180
254
43
394
138
100
243
65
201
44
349
372
207
366
378
320
392
106
205
175
104
328
37
177
356
271
38
262
340
62
377
388
56
212
106
382
271
148
163
49
330
156
60
199
131
33
178
12
136
40
310
278
382
126
247
380
295
52
68
393
200
379
67
201
356
363
50
67
280
296
220
78
79
391
52
301
97
196
251
225
218
233
36
398
283
316
281
348
201
61
34
213
12
230
122
385
347
117
69
50
395
234
41
330
345
162
347
327
91
260
130
49
279
205
33
378
196
236
249
273
113
316
14
308
95
265
69
25
99
248
341
341
79
322
162
37
191
204
33
22
20
276
27
136
223
83
76
305
233
140
356
201
290
163
62
41
370
368
47
68
16
343
314
16
177
346
84
342
182
166
252
326
386
206
10
65
303
353
378
314
291
150
40
207
81
65
212
276
199
216
398
348
12
284
100
81
186
137
313
196
21
167
203
378
8
227
366
41
343
79
312
215
146
190
122
135
68
250
374
171
254
147
119
46
57
233
93
97
325
22
132
93
19
194
280
199
277
178
129
306
297
247
140
257
91
91
134
308
277
322
38
327
279
159
138
240
331
88
127
93
280
245
258
365
214
215
97
264
63
380
378
132
178
235
242
135
287
111
83
165
104
236
79
76
149
1
266
257
121
291
59
260
30
329
263
131
84
365
274
354
87
192
33
281
204
364
155
146
233
93
23
224
124
348
97
386
78
318
137
171
385
262
395
83
23
381
90
201
126
7
375
197
192
261
356
203
221
219
285
303
181
34
87
395
182
381
385
281
397
251
250
43
43
361
344
385
230
262
122
181
129
23
392
318
347
322
363
246
303
186
296
397
133
171
360
178
124
142
139
3
92
303
304
254
133
188
185
21
11
272
206
46
335
286
74
377
211
107
58
67
301
384
167
330
333
196
101
204
301
88
89
194
294
171
14
193
154
14
238
126
77
256
298
215
260
165
305
47
302
195
284
211
190
264
56
94
317
150
133
342
224
210
355
209
279
172
332
204
222
92
9
310
384
76
320
210
60
255
117
64
392
15
160
353
23
137
160
241
30
238
4
192
153
354
124
221
30
73
10
356
353
241
373
248
102
265
158
247
3
41
27
299
216
73
45
272
336
24
193
184
57
316
80
264
200
253
208
336
301
333
303
132
214
215
141
344
168
254
223
14
358
355
214
244
259
154
144
173
216
11
75
25
104
276
55
201
42
346
346
209
62
334
15
78
308
179
102
58
144
269
180
76
121
84
89
65
306
290
249
218
117
70
216
20
175
82
34
51
64
222
184
115
233
331
349
147
374
258
295
33
215
394
50
283
370
311
257
248
167
315
367
377
61
73
244
6
305
253
326
331
125
139
1
167
66
164
364
192
13
397
308
244
311
158
313
123
10
125
79
110
321
101
121
185
307
202
388
81
236
172
296
241
200
76
45
267
159
252
155
270
322
196
252
347
103
33
168
376
335
275
139
48
180
201
160
273
25
33
120
316
224
372
51
207
303
246
24
248
88
157
243
154
134
43
195
138
148
246
29
27
42
345
148
264
374
335
122
153
88
222
40
285
158
387
33
293
323
158
234
95
292
129
36
135
55
280
255
366
29
222
386
41
374
43
315
167
258
14
356
29
49
39
196
31
4
113
268
94
259
395
312
314
193
143
121
344
269
371
298
365
393
361
286
100
114
281
309
160
173
317
205
153
205
262
175
322
194
21
116
106
370
236
323
326
231
189
83
347
5
194
28
121
13
106
235
101
123
20
144
354
93
270
148
189
236
1
235
125
32
251
213
262
294
6
135
20
101
223
74
62
358
11
364
244
190
44
192
79
395
138
388
371
180
313
326
338
172
322
39
124
297
351
389
106
228
292
121
205
236
80
151
104
51
309
205
266
207
360
265
344
195
367
150
201
97
361
173
184
67
222
189
208
224
338
148
79
290
26
154
142
293
250
361
230
192
310
208
8
387
319
80
352
118
152
377
126
201
380
32
59
199
52
121
221
2
276
253
259
219
290
188
222
372
105
354
311
350
151
14
395
122
140
228
216
157
295
17
273
62
112
343
126
387
340
294
278
201
356
17
44
67
394
52
154
294
14
383
256
350
159
288
14
256
379
395
390
349
30
322
92
205
256
187
62
273
388
385
283
286
387
212
354
305
202
215
237
31
302
49
393
104
33
96
200
261
142
168
123
214
267
198
62
55
16
145
112
275
383
74
308
368
314
197
87
268
110
386
164
313
312
33
31
304
359
124
75
314
238
240
315
176
342
72
197
130
341
302
104
323
142
78
368
248
239
303
181
183
138
339
166
143
106
263
283
349
219
41
126
116
314
387
129
14
288
6
36
69
131
256
235
137
114
326
26
359
335
353
190
245
133
110
211
30
36
17
117
295
118
217
0
165
345
192
237
109
70
388
299
134
30
226
268
70
51
275
86
126
290
311
286
122
180
290
99
34
23
284
88
55
14
225
13
25
322
329
75
238
200
168
160
248
126
312
116
197
23
216
329
90
359
109
2
220
163
377
117
209
70
265
79
135
80
44
210
263
220
71
154
220
358
300
220
169
116
42
196
247
18
275
350
348
234
140
131
60
248
291
74
333
62
225
365
370
266
289
397
378
361
314
125
331
381
100
109
263
106
54
182
244
17
5
85
275
48
278
86
383
266
102
334
38
308
288
391
306
268
35
390
139
263
150
47
350
61
73
18
126
184
58
316
398
14
39
259
123
337
131
225
233
98
18
394
114
4
4
366
150
217
225
332
347
152
342
50
352
198
125
249
83
128
214
233
206
235
260
144
310
297
292
312
194
37
50
225
368
314
299
171
233
173
184
39
278
226
20
84
180
248
311
282
229
356
347
207
225
170
71
372
280
108
170
8
206
336
233
163
287
308
160
41
247
254
191
282
30
151
73
386
141
80
71
305
320
112
398
21
202
396
163
83
334
195
58
243
272
188
65
192
380
28
41
28
82
65
166
201
49
217
233
175
186
98
29
348
260
63
100
279
266
61
191
219
138
357
91
185
361
314
283
254
103
232
162
344
250
282
290
315
332
320
265
81
168
238
363
25
246
160
208
21
292
195
62
15
313
160
2
370
141
240
83
82
187
174
217
14
17
269
144
117
82
297
235
340
29
191
391
74
257
48
64
115
242
361
231
129
374
92
31
365
124
164
338
40
291
242
279
122
249
396
91
295
290
34
212
232
206
56
354
147
164
265
216
297
190
290
381
64
23
281
306
320
151
333
249
102
59
132
143
163
178
242
238
143
185
246
8
354
142
135
314
292
236
48
10
66
29
10
308
399
108
4
333
387
243
377
146
20
125
264
361
9
108
23
238
101
358
392
36
283
126
228
34
254
354
25
147
280
127
98
264
256
163
351
386
379
54
272
374
17
329
48
83
105
169
82
16
283
350
198
22
244
397
71
213
395
315
365
94
174
153
80
360
274
48
289
128
359
131
171
222
256
230
78
237
285
294
297
58
358
262
91
288
139
37
378
136
254
278
370
178
244
110
246
55
341
136
283
183
25
83
99
49
165
111
61
49
343
147
114
321
380
247
47
36
268
145
28
255
278
71
245
206
15
360
305
24
162
249
1
211
261
121
192
114
195
146
292
232
267
334
230
174
96
383
251
331
334
397
226
168
394
230
291
191
30
182
349
359
119
199
353
15
132
237
199
372
310
5
33
46
164
252
279
142
357
211
106
321
53
38
178
264
215
281
163
199
306
35
188
259
169
32
2
315
192
235
206
187
384
395
47
37
58
111
250
135
359
377
285
232
181
127
131
266
307
376
70
92
37
181
397
43
304
14
98
390
120
285
333
379
198
99
193
66
318
261
287
111
130
247
321
150
204
108
196
350
382
183
62
12
130
343
205
209
192
203
309
67
357
252
297
325
184
294
134
47
243
367
227
111
9
291
232
263
128
119
329
318
267
165
179
255
153
346
68
266
310
258
328
29
296
197
176
349
112
8
253
117
59
189
358
1
391
20
130
74
303
354
314
127
306
31
77
311
190
343
0
72
352
193
233
172
148
328
37
314
295
221
79
172
108
136
300
393
149
128
63
333
355
330
182
393
16
7
314
244
254
143
99
100
299
189
155
150
396
265
163
22
55
102
148
253
187
75
314
147
21
374
144
162
291
117
157
91
70
248
169
213
168
379
166
123
168
136
8
171
62
306
33
274
330
206
203
261
225
5
383
27
253
18
107
60
351
289
143
317
317
326
50
99
331
375
3
13
40
197
67
76
357
115
282
187
332
286
82
1
57
247
206
164
118
116
312
14
275
125
137
194
394
361
160
326
285
133
353
184
178
354
298
149
371
21
308
378
246
137
359
209
137
98
305
228
349
264
275
154
190
254
216
7
260
50
76
5
399
17
362
289
273
133
337
162
238
106
276
289
93
389
77
98
198
118
206
247
138
203
276
381
292
247
349
372
210
383
135
138
342
306
154
38
118
370
29
152
246
209
95
5
12
139
375
162
77
276
324
30
270
132
219
257
299
253
184
43
106
42
170
359
240
347
296
304
222
22
101
267
150
152
81
333
168
37
236
201
263
357
105
93
397
15
111
385
217
123
231
188
15
106
195
124
214
331
237
35
20
16
30
268
13
261
68
232
277
146
132
279
54
364
39
361
89
6
143
393
270
17
171
92
399
235
347
193
50
253
90
389
35
327
149
219
281
245
334
80
377
24
11
131
329
333
115
45
103
72
230
348
291
220
220
335
309
4
174
281
370
384
16
159
119
27
54
222
280
358
279
148
172
394
120
317
173
156
163
254
249
81
110
264
163
285
295
367
188
111
247
21
2
24
89
264
378
205
279
251
22
395
367
319
290
339
51
201
256
45
143
284
23
315
128
218
106
176
376
110
210
145
128
146
356
168
134
22
184
256
389
159
50
112
48
153
192
201
281
361
367
78
212
386
379
104
189
126
78
81
397
337
391
93
138
242
317
305
247
44
261
219
73
346
165
302
368
196
269
300
202
317
110
52
222
393
12
359
2
186
206
288
364
43
0
320
192
211
382
189
380
327
134
399
75
221
178
198
356
81
80
394
92
312
193
129
115
110
398
312
27
279
70
276
135
275
221
239
96
77
344
291
361
216
277
341
264
323
307
103
133
122
92
53
139
204
331
287
284
35
187
200
201
245
272
174
57
376
179
242
341
284
283
265
202
288
302
105
314
350
238
274
152
214
157
249
349
344
135
350
127
94
184
87
329
201
196
305
205
119
379
371
351
97
399
122
210
123
318
85
293
29
83
5
261
185
133
209
103
146
339
92
108
65
184
239
211
324
87
240
276
196
59
394
387
232
262
115
23
45
124
313
237
223
86
263
11
337
351
222
297
99
116
182
360
258
340
23
105
377
156
256
285
65
363
398
224
158
57
94
304
115
197
196
251
398
54
188
338
390
320
100
228
190
228
277
47
18
203
47
51
256
155
34
359
115
277
99
380
308
84
34
384
323
169
374
192
78
157
396
125
382
279
138
148
330
132
355
399
82
49
194
110
171
388
192
324
186
161
75
366
148
40
339
372
126
233
399
119
371
273
226
232
53
14
196
299
25
384
84
246
326
34
45
372
316
389
384
256
312
171
275
149
291
222
318
298
258
164
364
250
193
311
199
208
72
45
318
138
48
317
188
89
132
331
43
364
63
117
330
42
385
161
321
244
341
367
27
283
193
24
273
78
178
389
202
245
128
194
292
185
357
311
152
307
310
317
154
152
163
265
149
82
183
286
87
377
287
147
363
384
230
346
107
186
149
72
372
189
200
302
237
339
303
149
34
266
347
395
112
195
251
276
283
79
128
291
385
368
155
54
153
144
224
9
165
371
57
319
72
31
149
376
350
286
124
363
136
4
243
301
250
200
390
305
35
235
210
161
211
310
266
240
256
391
139
90
379
283
139
248
294
251
165
294
206
363
311
51
68
393
166
360
282
343
390
302
63
109
167
56
310
135
292
273
321
48
267
188
84
201
176
275
320
151
69
140
382
149
356
342
239
204
54
340
362
175
275
90
363
187
368
68
128
110
345
56
366
1
12
32
131
370
313
372
254
369
268
301
220
9
128
337
334
228
231
165
294
150
256
397
288
272
310
335
246
327
4
376
147
248
11
294
158
217
170
184
93
34
312
279
219
57
18
18
179
0
19
222
326
216
237
318
300
383
223
203
223
380
155
359
370
219
274
326
377
360
112
196
268
41
234
315
262
356
40
328
140
92
263
366
327
45
156
380
38
279
321
342
63
116
301
308
68
350
275
62
310
313
173
346
117
326
160
154
174
13
107
147
370
12
67
189
360
34
330
274
260
248
101
66
197
174
73
398
393
290
396
237
43
189
177
43
264
28
137
179
352
295
123
127
321
272
88
340
275
211
155
246
301
56
245
98
6
353
106
25
246
113
37
172
61
69
64
147
200
43
11
315
287
161
209
152
357
378
249
213
212
246
245
194
212
260
211
398
248
10
197
102
343
286
205
324
335
141
70
317
351
241
311
394
109
278
266
17
291
312
174
368
131
85
84
29
229
264
223
286
86
91
61
344
228
117
155
31
324
52
7
63
53
310
116
96
219
248
304
38
290
80
198
279
155
220
300
229
205
287
337
296
255
169
172
270
174
173
211
169
216
126
280
251
306
131
318
146
389
358
33
315
12
229
213
210
213
224
303
27
322
362
168
49
180
148
59
246
131
398
177
353
13
314
321
90
294
344
357
295
257
103
125
340
230
39
81
260
192
260
277
7
177
200
151
268
280
141
233
26
325
30
296
241
75
104
300
297
21
160
19
350
17
112
131
128
270
333
197
19
90
292
181
146
49
74
239
11
389
139
71
248
321
116
46
214
140
322
325
6
60
35
2
180
77
327
21
95
58
196
282
232
2
21
43
231
199
395
186
23
352
356
319
324
207
283
282
311
287
202
374
375
98
387
330
287
300
296
299
200
243
216
14
287
142
144
131
344
219
4
215
120
47
286
262
117
353
379
235
361
260
219
303
342
146
276
319
399
225
250
360
213
24
277
289
372
267
124
281
51
90
251
289
342
375
364
76
247
297
64
351
120
120
96
244
66
317
176
147
276
236
389
256
181
87
297
152
47
122
300
31
238
393
209
109
151
56
167
339
79
73
296
299
171
178
204
40
347
113
292
264
105
290
390
214
140
104
35
252
82
110
119
113
34
241
207
292
375
246
8
77
46
15
51
267
136
106
343
138
277
294
166
100
185
73
201
356
159
332
240
66
114
313
129
380
399
8
202
181
341
336
109
72
286
289
211
231
138
309
138
222
129
325
137
131
0
102
331
137
264
387
157
120
145
378
376
81
304
291
130
195
98
327
119
83
120
333
247
141
354
251
214
43
81
330
394
320
138
46
120
15
338
311
363
368
319
152
127
4
96
348
39
80
7
348
320
85
218
95
216
229
248
130
278
36
44
173
282
246
316
101
337
166
264
151
167
325
104
219
220
195
59
162
303
121
10
189
119
190
266
121
263
259
244
334
94
278
20
60
61
279
366
133
395
245
149
25
203
320
103
247
228
395
146
275
85
321
328
77
231
241
150
374
2
151
345
65
237
383
325
318
85
223
74
233
288
375
23
252
53
377
105
167
312
246
208
190
369
300
231
253
334
295
179
167
64
250
362
222
197
94
47
313
245
204
270
267
54
127
226
346
185
32
14
196
78
206
69
104
238
20
257
57
361
265
218
90
263
245
341
113
339
162
88
13
304
255
33
209
277
382
317
41
121
311
256
161
326
359
69
274
283
256
274
34
212
363
45
266
202
15
11
31
194
344
323
19
313
281
221
29
174
247
282
71
104
165
90
110
101
359
372
239
133
66
307
309
316
42
177
252
219
190
302
270
278
228
395
2
382
136
17
100
279
41
116
68
222
143
234
45
88
167
173
239
149
280
327
150
177
229
239
281
343
318
205
132
391
174
282
110
182
24
143
17
222
336
55
196
266
386
175
137
284
380
369
353
101
234
341
125
10
307
251
73
97
76
399
226
121
397
148
39
138
232
94
390
133
64
282
357
19
27
179
189
55
277
238
352
303
263
93
20
0
125
173
201
358
162
31
150
195
116
49
391
65
1
206
167
39
248
373
246
74
363
190
326
63
52
52
175
279
77
325
163
311
366
162
343
355
339
117
78
273
54
331
77
189
295
145
254
279
97
241
128
12
341
329
292
173
31
119
379
145
228
217
289
354
196
342
299
337
370
232
138
25
44
347
324
239
143
305
243
99
282
342
286
323
122
266
0
114
81
315
15
133
146
321
341
392
197
378
238
189
8
269
271
160
125
23
159
14
282
179
156
91
343
28
131
88
171
183
45
171
244
109
94
315
219
55
44
130
63
80
394
333
398
83
144
209
238
218
253
127
368
4
34
155
111
19
394
258
379
243
53
213
333
158
238
292
367
203
287
170
307
121
291
180
54
178
346
1
196
343
30
375
225
73
215
267
137
385
246
244
32
238
143
179
266
348
124
173
388
126
243
159
7
297
393
221
355
267
365
92
78
95
235
243
271
183
338
129
357
304
273
22
52
237
154
346
371
132
355
343
38
192
297
389
61
108
128
313
149
207
285
316
142
66
70
378
6
383
321
47
300
364
0
16
40
191
155
170
227
50
336
5
100
7
180
206
59
27
385
175
120
253
124
365
187
205
31
373
255
116
381
104
69
183
344
13
340
213
60
174
139
107
384
225
84
134
25
214
243
270
262
28
175
389
369
65
11
45
328
65
377
318
241
116
134
116
114
80
300
166
85
17
340
223
276
236
79
276
313
108
292
282
380
297
147
27
146
271
22
3
15
275
366
331
272
100
52
149
169
254
174
329
189
185
166
223
96
392
126
235
346
34
141
261
267
384
68
391
35
340
95
197
247
82
283
146
307
194
147
121
220
108
342
330
213
53
61
301
348
160
261
82
270
312
112
225
392
78
270
195
91
27
113
89
350
370
382
318
79
278
203
1
87
222
338
342
4
44
275
387
183
335
45
0
78
103
81
395
14
251
276
163
358
10
7
182
362
93
330
248
75
109
374
360
187
132
126
129
15
145
317
82
260
298
15
366
342
101
263
225
157
262
318
34
201
99
23
217
70
348
299
185
193
204
107
391
359
35
230
248
316
27
332
207
170
209
252
8
343
126
231
374
345
82
130
337
170
230
293
278
357
263
145
129
48
242
278
83
365
142
197
345
307
10
311
297
340
271
244
331
136
157
344
32
244
242
381
398
180
391
101
20
83
363
181
310
251
150
34
112
281
38
18
164
269
69
222
43
114
114
354
120
109
316
280
186
167
252
158
141
383
398
116
177
218
15
58
218
331
262
67
381
72
119
311
95
311
336
174
273
63
284
145
149
79
299
383
14
199
268
261
260
177
337
233
145
166
286
272
56
237
340
27
343
314
96
173
224
115
262
266
353
321
59
303
160
302
342
39
65
284
187
35
359
289
198
289
242
251
234
307
124
53
99
191
13
152
224
18
348
374
1
110
37
133
202
71
24
8
152
366
149
231
151
60
323
325
35
225
204
80
194
394
77
174
138
254
186
234
379
357
282
371
266
240
268
166
288
70
365
393
76
129
287
391
353
108
140
388
354
245
40
231
234
253
121
3
352
41
273
115
86
39
3
290
350
64
316
26
275
136
31
69
213
382
238
221
59
190
38
80
234
25
133
8
394
63
395
332
20
78
117
46
136
170
82
193
394
86
267
154
182
5
304
264
130
6
208
21
283
344
33
350
214
55
386
27
127
379
49
157
101
331
207
84
93
81
10
9
291
357
262
17
118
118
228
137
24
319
113
74
189
35
151
162
118
361
277
310
50
156
114
98
231
137
232
166
307
23
103
253
345
312
386
125
301
369
55
289
227
21
28
179
296
374
265
86
181
5
156
91
111
330
53
264
124
364
313
201
331
272
368
350
169
20
118
180
57
161
356
327
165
377
227
24
147
335
266
164
255
309
221
316
396
42
74
378
265
332
69
197
178
260
333
336
179
56
365
286
181
350
277
17
6
76
222
369
220
14
218
217
43
134
256
341
161
387
8
361
362
315
59
18
225
88
135
117
392
129
285
272
193
202
89
285
232
93
364
345
160
348
314
379
30
193
218
37
353
87
388
54
370
363
102
220
251
198
294
317
70
29
334
42
337
47
192
342
162
179
86
303
94
152
376
203
277
105
231
96
228
120
352
68
221
212
136
269
140
234
208
331
112
195
395
24
154
332
343
194
371
0
86
49
246
55
326
114
112
38
250
369
9
303
22
267
127
388
19
241
190
195
255
105
49
313
206
89
258
67
340
373
8
324
77
102
379
306
72
286
119
23
126
77
220
271
240
35
357
71
241
161
266
299
142
277
318
117
384
32
174
328
373
7
143
385
180
274
85
385
205
339
151
135
234
256
46
262
132
281
151
340
125
170
215
137
338
32
74
337
396
158
115
94
39
119
80
161
110
271
120
175
212
144
378
341
374
4
116
134
162
118
158
258
149
77
310
372
21
12
92
190
254
360
325
325
219
223
247
379
255
105
45
36
278
214
168
22
143
57
172
300
125
114
194
391
307
328
358
291
119
69
191
145
73
325
170
250
332
275
325
147
310
33
92
45
321
334
227
215
209
81
232
193
24
181
255
6
325
240
277
138
140
266
203
198
80
342
308
115
222
173
92
204
323
134
293
368
259
375
271
124
359
61
74
101
339
73
227
39
217
364
125
340
149
390
293
275
43
336
21
298
341
7
332
381
13
312
87
90
161
266
29
297
363
385
121
273
31
102
314
342
152
313
334
202
7
381
53
99
2
100
104
204
355
392
341
336
108
38
361
220
227
56
183
89
70
327
279
229
18
83
18
126
231
205
214
271
188
267
22
367
315
327
383
205
275
156
217
17
11
383
368
328
377
189
2
317
98
272
335
176
17
383
27
142
139
309
353
359
219
262
180
198
108
114
309
18
367
220
226
271
174
52
233
215
19
116
379
211
70
271
66
343
203
387
210
298
159
246
63
250
49
14
321
368
397
187
180
73
230
37
229
49
291
246
72
146
286
382
146
375
385
285
183
110
142
220
76
349
227
320
40
230
99
361
212
2
250
2
245
218
274
159
173
344
348
142
309
281
14
382
271
382
192
331
3
251
189
296
81
41
345
368
245
263
85
318
206
173
85
7
345
261
297
348
131
369
66
334
208
54
208
3
274
272
25
23
369
28
216
368
183
362
376
230
360
3
122
348
369
105
349
1
278
95
299
226
61
106
362
368
331
20
58
396
330
44
249
171
386
173
300
66
113
10
225
219
264
311
377
120
1
199
268
392
210
280
243
113
149
312
166
362
171
385
243
243
174
41
340
95
378
197
206
82
309
322
293
252
152
386
34
228
208
320
333
121
392
122
294
46
285
5
236
320
10
170
345
382
10
1
103
307
233
52
334
155
398
214
356
289
274
375
287
116
206
196
112
303
123
54
295
165
335
315
56
68
307
69
143
38
341
364
388
393
214
18
190
277
164
220
391
277
242
216
322
248
175
119
278
381
97
84
152
62
343
383
370
242
101
115
327
357
199
331
64
262
246
145
35
285
249
99
197
63
92
96
20
166
238
177
200
42
181
101
13
160
66
153
279
319
71
37
273
57
199
81
19
6
11
138
31
212
185
171
309
195
177
73
133
230
94
176
186
364
192
355
38
295
31
26
82
17
90
259
284
100
0
283
48
277
391
35
152
75
398
19
93
28
95
316
130
53
192
241
348
217
381
163
60
260
284
134
249
139
70
316
233
19
241
55
155
30
7
141
334
97
364
242
103
39
269
54
303
240
96
183
297
3
392
379
285
92
367
258
238
384
10
69
140
319
169
364
380
252
178
67
116
174
321
124
8
81
294
124
28
203
74
40
9
39
284
89
95
255
22
281
179
132
220
384
388
210
390
175
376
307
102
347
72
378
32
89
55
165
297
195
134
234
109
240
25
225
121
35
381
259
166
3
229
182
291
157
177
330
217
202
109
177
119
386
215
209
232
183
174
117
170
360
149
291
310
306
136
316
234
99
144
259
397
308
280
320
393
387
48
352
327
398
343
351
29
102
241
79
291
225
318
144
143
263
231
58
87
232
123
150
22
86
188
250
252
68
357
325
226
325
361
157
301
75
381
321
191
27
394
195
193
231
159
190
356
276
377
272
161
247
323
32
109
164
175
339
217
264
317
243
233
169
320
57
272
202
36
378
329
384
359
77
328
205
35
373
166
107
192
251
99
235
283
131
376
348
320
152
225
15
373
10
239
371
110
315
62
92
73
358
112
235
383
88
393
218
36
302
10
301
337
120
319
373
218
264
95
213
289
85
204
373
377
351
84
260
300
364
22
283
135
304
323
353
343
67
102
97
206
184
227
376
297
40
50
221
213
341
30
158
180
169
91
162
112
380
395
133
330
184
337
240
169
280
91
356
78
341
77
122
388
367
334
333
49
391
312
207
240
336
24
82
183
35
169
32
350
123
337
110
46
260
296
72
138
43
233
70
59
388
320
343
97
183
39
75
91
149
312
205
54
99
153
97
174
359
392
86
366
221
394
187
170
238
74
26
369
194
303
250
126
56
367
226
89
166
137
120
316
220
164
156
283
114
237
81
319
169
355
199
334
9
176
127
106
55
194
346
215
194
369
91
324
0
371
278
343
241
82
59
112
212
315
172
120
207
86
159
8
37
70
336
148
27
361
349
54
393
115
311
193
72
391
190
386
239
94
38
388
234
387
141
159
94
248
229
28
351
198
52
120
162
283
270
28
154
19
143
194
229
381
169
49
317
182
26
201
314
254
159
394
315
225
373
152
249
6
190
83
188
284
34
68
343
142
309
120
187
160
331
199
12
144
109
44
252
308
227
40
375
150
31
265
324
224
357
374
29
122
156
84
255
289
23
255
359
290
339
17
337
167
385
165
308
114
261
236
381
289
145
250
348
42
79
57
149
44
128
71
233
347
223
200
265
309
363
131
258
117
325
249
268
260
34
310
163
75
19
255
126
374
158
366
195
179
104
299
352
367
245
318
58
107
241
106
127
221
343
242
122
382
149
200
67
46
176
87
169
259
85
132
20
76
79
318
163
159
160
172
66
234
32
122
398
198
22
90
234
248
359
186
187
387
325
271
356
86
161
399
126
183
361
187
393
223
138
312
72
304
194
325
38
342
248
17
390
257
256
294
248
19
136
164
172
360
318
317
224
336
229
225
283
65
314
160
278
142
4
73
107
62
27
104
88
92
205
125
157
336
259
194
74
57
164
217
243
47
103
204
168
242
4
38
382
203
329
110
282
74
319
322
4
366
264
250
67
219
252
59
334
377
10
292
335
340
352
65
125
24
278
229
124
304
191
21
0
374
260
230
30
315
121
308
261
152
6
256
362
101
340
48
337
308
242
161
45
297
239
274
191
372
44
306
107
267
60
58
134
363
42
323
25
385
243
136
204
298
210
163
299
281
112
49
277
171
270
135
10
3
227
186
289
59
266
227
161
383
281
253
10
304
303
160
298
3
234
165
105
190
393
74
158
397
11
104
26
127
316
22
386
335
40
71
266
156
233
179
53
170
322
31
397
38
288
168
227
305
53
292
137
292
56
41
192
328
310
70
391
8
396
28
258
360
354
301
384
317
285
70
80
244
363
290
284
182
144
148
173
245
134
388
195
338
47
269
133
381
39
282
83
11
327
328
141
111
184
338
197
205
312
342
51
293
210
66
234
232
199
119
46
217
19
371
229
24
304
236
0
343
340
201
280
352
225
178
60
322
389
140
330
354
57
149
193
27
170
252
57
48
103
371
36
266
315
103
16
362
280
115
198
67
80
119
381
246
0
260
56
323
343
387
144
50
338
182
19
175
370
25
52
182
387
162
182
396
48
44
128
12
45
215
223
19
74
199
5
365
19
116
95
215
5
74
334
389
84
172
66
236
38
59
398
100
174
218
159
90
194
201
168
329
211
365
169
202
367
165
24
83
316
86
170
142
32
123
324
138
97
395
369
26
59
60
37
280
34
231
262
84
98
78
230
171
34
125
117
212
237
217
155
105
93
127
98
367
141
345
110
206
68
318
155
95
211
247
341
293
17
228
371
331
68
397
54
102
288
399
184
385
101
204
46
245
323
398
177
89
268
337
33
386
376
158
55
88
3
187
62
172
86
341
390
132
158
117
242
174
73
305
311
10
192
384
303
343
204
144
336
12
120
168
196
81
114
327
291
396
33
244
348
95
328
391
217
330
65
115
220
153
53
105
297
86
15
238
11
82
306
98
181
377
28
261
169
264
226
28
352
183
110
298
371
142
261
128
65
178
67
274
365
185
261
44
139
108
100
54
44
104
350
385
176
168
65
140
52
220
136
43
79
242
114
127
17
345
22
163
363
104
2
110
182
339
47
108
136
142
272
265
378
197
268
299
51
37
142
335
293
98
373
240
52
174
149
145
335
68
94
176
287
274
378
326
20
296
188
75
377
398
119
267
85
275
124
250
363
194
28
271
13
109
76
250
244
3
249
52
396
153
380
267
115
328
11
225
143
320
71
302
391
242
24
136
34
13
233
13
251
70
383
304
280
94
59
239
69
351
84
43
298
96
47
68
256
27
153
378
304
140
362
52
337
72
265
14
290
77
199
339
82
353
208
113
339
257
116
70
341
236
190
68
116
316
70
40
365
379
205
99
385
48
150
85
281
150
185
173
29
57
132
210
44
180
196
203
350
217
269
26
343
137
177
4
42
357
315
197
50
186
250
224
379
293
41
123
38
299
66
80
224
97
85
92
124
159
390
270
218
259
351
240
236
191
177
148
203
279
353
221
216
129
296
63
197
340
347
148
36
271
356
381
179
20
113
88
53
255
349
119
173
358
394
266
222
268
297
383
93
127
294
212
333
212
5
318
58
186
221
15
312
12
28
378
296
105
346
357
171
44
355
328
336
0
329
16
19
203
275
353
181
192
283
305
214
78
329
2
265
78
217
102
230
194
126
98
368
362
31
78
264
185
86
329
319
392
10
267
74
7
258
117
321
146
234
343
348
150
50
50
189
26
51
282
129
8
58
355
10
393
135
218
349
260
226
185
34
117
160
278
312
367
397
255
14
165
47
153
173
265
3
240
325
208
232
301
146
389
57
38
184
170
255
261
316
394
104
342
333
35
153
200
256
327
250
39
174
264
62
229
102
27
214
30
226
371
64
256
82
270
360
303
62
97
211
175
340
147
263
321
390
297
333
172
164
124
187
210
97
17
13
392
155
150
87
128
54
252
397
58
169
197
248
204
360
384
134
210
309
328
2
349
136
283
57
197
370
303
98
326
370
54
226
65
89
238
60
339
171
385
44
162
212
392
113
335
90
161
292
105
380
397
177
309
333
390
275
247
241
184
121
368
257
8
20
212
85
284
57
389
312
253
112
119
48
118
181
159
365
180
392
282
256
198
336
240
315
362
24
30
37
6
175
279
164
254
329
132
204
5
134
106
50
299
96
87
309
320
353
366
89
150
369
53
387
231
317
93
243
8
172
314
344
216
93
182
11
352
9
227
346
123
276
114
252
105
203
84
44
96
363
61
52
259
257
45
44
218
355
288
185
328
188
338
378
26
281
380
119
309
91
66
310
163
281
314
49
258
158
10
328
104
338
361
214
95
367
279
178
312
332
299
325
2
230
301
176
191
167
153
45
399
0
101
1
28
247
277
307
106
88
22
338
344
267
324
0
108
20
13
269
91
275
181
345
340
0
118
47
361
55
48
164
221
78
221
141
209
270
15
105
323
350
308
187
382
323
35
117
84
38
51
205
6
262
160
336
279
155
244
77
86
268
301
91
396
175
123
319
345
21
115
144
76
36
317
291
80
69
161
371
370
312
362
322
6
361
282
337
37
97
28
74
184
143
34
157
276
381
392
222
109
164
236
20
117
225
251
21
174
166
288
243
256
48
381
143
151
309
50
139
25
294
185
124
29
34
79
218
296
210
167
111
21
10
0
205
254
227
397
293
261
304
302
125
287
210
281
179
294
390
119
204
375
74
335
23
6
308
380
340
275
63
385
38
253
38
59
329
342
276
313
297
261
381
197
385
93
97
4
272
6
171
98
234
145
193
52
91
38
211
22
171
98
308
159
68
151
105
242
302
314
97
67
65
269
98
88
54
37
6
41
163
24
261
156
267
0
159
255
225
351
271
296
36
70
239
263
145
267
161
11
162
326
132
67
1
99
176
46
135
307
66
128
90
174
95
43
133
118
39
314
282
257
190
383
237
295
389
148
213
247
327
385
4
20
131
349
352
112
87
141
61
275
243
311
222
107
374
42
283
175
154
116
304
34
7
33
360
372
240
96
169
111
68
42
6
27
208
66
224
58
75
6
172
182
145
218
98
369
84
274
366
354
245
217
210
31
359
237
183
389
165
319
102
203
232
2
284
208
89
13
346
363
355
153
272
380
24
46
371
144
40
158
306
51
221
95
153
202
372
217
128
49
86
137
217
83
130
300
174
313
72
274
218
149
103
161
93
216
138
288
235
94
394
345
84
154
18
32
133
92
32
37
203
392
190
106
112
258
171
1
1
289
28
349
383
363
96
54
275
333
133
250
21
126
119
375
290
377
66
129
269
212
52
257
258
166
208
211
247
33
296
95
346
373
303
244
352
354
297
126
327
26
119
242
199
258
241
30
144
214
63
361
370
278
100
52
393
262
291
124
73
237
62
214
363
292
59
376
181
179
179
181
293
9
224
220
66
228
182
272
12
100
213
198
311
391
5
141
166
35
351
212
285
94
304
130
158
161
96
302
99
16
77
251
158
346
26
252
64
263
361
155
285
176
134
245
3
50
121
178
115
177
327
158
370
343
213
161
257
348
323
199
384
79
68
47
260
64
12
198
28
306
226
84
162
83
44
64
383
195
273
201
47
383
306
113
378
365
358
290
202
286
117
106
63
393
200
374
313
45
349
159
94
365
231
105
127
221
188
270
324
244
229
89
65
314
298
37
36
323
232
211
210
147
193
278
70
290
213
297
294
147
350
308
86
374
359
179
358
215
352
148
257
357
66
41
120
269
135
19
246
333
179
376
337
294
203
66
85
36
345
199
191
112
81
396
289
225
121
321
38
315
198
42
334
206
267
62
51
302
94
184
244
266
322
186
270
211
216
255
29
359
94
198
329
70
149
320
60
39
386
364
370
262
385
100
207
82
288
257
270
82
316
181
19
177
259
344
368
389
386
255
292
254
370
362
83
263
148
56
322
127
340
394
387
248
249
173
168
234
147
41
283
124
255
259
186
97
387
323
137
198
73
75
119
153
167
293
35
255
6
367
61
357
255
209
114
164
10
75
52
52
118
129
162
194
36
262
123
325
346
302
304
287
170
30
99
88
304
147
251
72
209
307
368
205
189
360
347
8
374
394
92
356
299
140
131
178
303
133
299
359
365
178
212
199
104
68
153
59
54
349
216
349
348
204
311
325
237
86
313
88
354
99
245
215
61
64
173
312
250
43
297
65
33
148
208
121
107
218
45
166
10
15
97
311
380
299
158
222
119
195
313
356
146
106
85
290
164
166
322
396
392
304
92
35
377
269
369
210
139
104
258
370
374
348
396
177
240
332
169
176
262
279
254
199
138
256
150
111
211
3
305
375
296
340
185
346
168
223
240
245
265
253
303
100
378
234
38
376
99
265
173
130
245
168
302
287
133
372
157
185
340
31
141
326
370
391
381
395
249
102
73
109
306
211
39
272
119
339
169
189
307
248
309
232
314
45
242
351
231
87
201
373
376
187
384
369
58
321
324
28
181
251
220
270
221
162
370
108
120
397
247
375
118
14
336
392
293
53
167
31
140
92
357
278
301
54
333
228
138
232
306
336
202
268
317
60
56
201
250
270
301
28
203
168
113
391
1
308
103
319
141
164
46
1
332
357
188
309
367
395
276
280
109
245
218
217
158
274
261
344
330
255
315
177
314
81
276
301
383
37
384
346
345
42
267
117
346
323
231
142
132
337
50
112
235
342
16
367
269
275
369
60
200
351
87
169
60
39
60
140
289
224
161
8
40
66
109
349
254
346
87
157
127
251
168
227
9
288
304
221
358
167
12
228
287
26
69
399
71
389
364
64
177
8
121
337
64
391
112
40
135
360
206
140
321
124
386
82
257
162
67
160
168
322
366
138
385
203
106
164
194
211
250
21
384
93
261
20
301
368
41
231
311
144
236
76
111
66
21
265
166
166
0
84
295
5
383
319
76
347
20
33
398
141
159
79
141
1
375
272
326
46
121
120
194
341
259
301
122
270
20
119
390
302
380
46
136
388
237
147
176
4
264
339
10
242
0
355
230
156
255
63
47
314
52
372
322
392
319
363
371
312
59
26
192
190
146
342
39
67
221
390
336
150
249
280
64
356
185
70
310
226
24
360
171
154
177
382
183
334
130
96
226
191
221
94
379
95
318
277
385
59
326
192
63
18
57
395
290
30
188
29
398
31
50
19
177
76
284
22
90
60
262
21
166
207
81
57
310
153
217
218
276
154
116
29
319
236
257
8
308
253
99
390
377
169
175
0
264
306
255
79
75
344
254
227
300
216
175
62
209
273
89
247
13
233
48
33
78
225
306
99
95
313
377
382
174
15
44
16
240
248
261
113
157
113
176
186
291
279
108
331
236
48
229
306
347
300
170
398
50
344
123
219
123
147
335
231
36
146
249
26
182
276
185
397
263
369
83
5
315
271
246
292
388
178
34
224
19
126
199
75
30
396
224
313
305
27
397
310
94
394
63
317
250
245
19
268
389
155
16
259
68
123
139
377
315
180
191
335
371
15
123
76
248
127
137
353
111
31
321
75
193
117
14
82
135
65
232
238
51
98
180
294
252
58
97
323
305
67
216
165
378
33
3
27
379
141
33
58
19
287
73
312
7
158
223
310
17
306
319
27
378
369
355
128
60
253
60
119
56
185
195
285
284
382
157
147
351
56
290
164
1
247
148
120
67
16
373
85
249
149
58
203
386
357
12
106
398
212
227
16
124
380
366
376
206
191
156
209
246
250
165
241
200
175
314
100
388
147
160
168
392
145
314
11
145
4
61
47
188
361
120
2
370
131
37
275
19
358
294
54
356
125
142
42
398
321
42
89
312
40
195
359
243
60
51
29
320
23
174
317
170
198
22
63
281
332
83
203
241
182
153
49
366
63
174
325
298
316
139
168
362
307
353
111
115
31
166
100
95
41
386
89
178
130
127
116
45
324
261
203
332
51
332
273
118
373
182
48
219
239
207
259
106
149
138
393
348
87
178
83
395
298
216
300
172
280
214
272
75
261
91
293
388
130
217
123
53
146
264
254
144
11
78
277
273
370
55
137
274
207
256
296
289
74
252
162
165
133
346
184
301
193
189
208
76
7
157
365
312
283
293
4
344
281
375
149
137
133
200
152
36
224
70
279
164
187
353
43
382
328
61
110
93
125
346
91
108
281
54
100
34
209
71
185
73
318
356
244
243
350
158
36
63
343
27
229
5
288
360
77
216
329
253
114
103
324
54
156
217
272
103
253
85
135
131
351
339
373
241
45
301
207
179
189
363
262
104
64
163
373
56
54
305
303
96
223
160
212
210
366
49
83
276
346
351
235
190
175
184
397
77
298
36
132
40
275
122
270
252
195
367
249
271
148
167
213
151
237
247
120
396
162
329
331
331
23
208
134
262
83
249
288
302
290
330
295
272
171
241
275
354
288
203
151
307
357
339
26
279
61
26
144
60
72
87
273
115
89
47
339
164
101
247
263
82
362
376
92
46
344
347
348
270
361
293
186
69
211
330
345
103
306
176
344
266
378
6
247
360
164
8
364
88
179
186
323
199
53
172
292
327
338
144
157
127
164
286
186
286
387
77
92
197
361
203
363
60
51
1
238
396
108
398
393
354
293
395
302
269
251
15
201
173
322
278
29
114
131
169
248
140
28
206
391
331
197
11
220
237
149
332
189
164
384
237
347
337
188
371
379
188
399
381
96
208
142
265
378
217
354
306
107
183
12
42
162
211
305
121
44
17
259
25
52
126
302
364
352
49
15
352
6
360
36
65
102
7
147
362
34
326
98
140
197
82
45
130
232
384
2
306
285
29
290
156
19
206
279
274
140
70
354
172
188
267
279
322
94
110
21
145
221
165
199
288
151
222
45
307
194
270
312
245
22
18
119
393
155
368
391
127
176
357
59
55
179
246
147
397
380
135
110
273
212
293
389
2
210
136
385
92
140
49
396
157
180
88
268
189
205
4
378
14
85
156
113
5
164
376
391
298
358
95
235
113
161
129
107
355
238
116
50
36
118
93
149
355
89
294
229
234
355
271
328
109
249
310
196
98
7
112
290
329
107
166
13
193
1
129
269
228
105
286
294
259
380
305
372
66
359
267
143
335
41
346
192
112
269
61
87
150
341
14
10
366
149
285
210
43
77
354
352
87
145
373
318
233
75
268
140
268
130
328
285
253
20
187
346
204
332
92
13
315
361
331
369
79
134
127
248
277
139
3
304
175
123
324
333
96
344
62
349
103
125
186
75
306
67
40
90
130
239
114
262
252
170
307
301
36
136
44
57
62
362
373
324
210
340
223
395
259
238
155
85
134
191
201
66
82
103
91
253
88
137
147
394
213
16
20
289
371
116
280
186
181
352
98
177
47
207
273
31
69
58
239
210
308
292
257
146
265
341
91
251
213
240
122
113
209
145
338
115
121
357
308
127
364
294
332
332
126
64
41
10
331
381
49
207
44
332
19
311
205
279
117
332
186
131
156
127
26
329
35
166
36
386
148
181
353
72
77
2
11
191
242
139
284
278
380
132
355
331
159
198
329
366
176
83
215
293
309
140
22
53
239
197
307
376
50
160
35
287
11
59
348
365
341
31
377
270
250
87
283
179
308
345
248
300
207
48
339
244
299
363
41
380
182
383
9
27
335
43
330
215
394
103
336
202
13
321
277
200
276
268
313
201
4
204
118
63
369
341
115
35
177
102
216
203
145
247
201
199
278
104
1
220
78
34
364
160
87
95
18
207
306
50
246
282
201
225
274
345
381
191
64
177
268
30
119
105
103
73
27
235
143
316
96
326
240
140
348
125
142
220
341
385
209
341
108
304
327
91
130
207
275
295
314
14
279
104
54
55
13
217
222
367
378
283
392
152
227
336
258
51
20
89
357
11
333
25
200
378
111
219
332
347
43
159
131
261
147
159
320
248
277
241
199
196
381
164
81
68
337
80
265
64
177
27
243
205
227
8
171
193
139
63
379
395
172
286
321
296
25
246
355
382
182
289
2
239
81
25
129
290
230
66
238
190
271
32
136
315
215
282
252
114
316
118
254
386
36
157
104
68
3
365
376
334
190
219
200
368
119
134
189
108
133
127
359
3
207
162
157
49
213
175
114
354
291
289
286
155
137
373
305
166
45
235
258
172
62
317
76
328
49
124
380
41
298
16
38
179
199
337
33
0
240
358
304
164
109
263
323
150
204
90
209
177
268
310
48
363
41
224
12
124
169
316
374
247
278
379
128
139
66
142
289
327
16
199
15
110
358
25
288
377
161
122
227
88
96
62
175
30
126
110
5
189
36
196
184
236
25
236
40
344
27
8
352
399
273
266
210
73
248
82
247
340
144
253
351
178
287
23
339
170
165
148
1
297
69
260
209
145
6
104
344
202
360
281
156
371
288
305
117
25
350
87
101
218
126
298
294
14
266
153
114
357
179
186
310
337
379
194
151
70
9
141
116
202
386
253
181
283
258
173
46
111
24
230
89
81
201
106
227
279
395
293
397
42
388
259
226
378
250
85
60
57
24
338
383
320
358
276
246
6
295
309
145
107
216
152
187
106
184
197
186
98
259
160
366
150
33
381
269
225
223
289
61
113
48
67
147
70
227
109
263
170
45
57
221
379
82
181
259
361
85
92
193
136
171
52
181
277
31
97
317
380
41
189
76
304
56
183
313
263
346
199
272
260
186
197
157
103
55
1
303
239
364
323
191
30
75
43
140
339
6
384
339
153
235
24
171
97
267
116
20
362
362
195
258
277
112
326
53
227
135
133
187
221
394
149
258
367
388
154
217
9
9
214
215
211
190
45
89
77
120
77
368
69
304
5
185
50
38
45
114
110
42
325
159
227
239
338
299
20
147
83
215
269
26
13
151
101
279
274
217
126
210
266
286
88
32
313
358
285
359
198
90
174
7
46
134
306
379
184
202
26
213
190
364
279
17
87
376
265
353
103
324
163
195
153
378
126
172
223
210
298
368
254
49
31
88
375
287
204
163
284
216
51
50
270
291
105
282
333
71
286
367
223
116
161
83
382
173
287
198
218
256
112
224
213
191
196
84
328
169
125
175
334
151
21
35
248
399
87
184
30
23
228
133
267
226
356
106
108
244
234
300
57
120
29
142
239
189
115
188
362
183
139
154
262
216
375
44
380
21
278
266
387
284
73
296
60
119
71
192
237
271
301
309
249
139
52
93
364
148
241
305
181
324
122
260
45
28
272
314
259
390
46
6
82
64
95
335
353
331
43
68
129
109
170
345
69
242
139
240
5
230
141
176
93
286
32
367
252
390
197
287
325
275
302
392
290
31
156
49
280
269
141
385
248
135
293
37
94
351
48
209
240
107
274
109
41
384
2
334
268
24
323
222
14
71
177
159
340
48
58
290
381
371
187
166
19
290
50
349
374
78
202
80
76
18
398
382
214
154
203
399
18
200
175
330
42
317
132
369
208
100
71
132
349
303
150
390
390
314
22
234
244
319
35
381
196
96
215
211
306
328
97
108
57
77
89
106
112
300
24
328
91
32
183
104
352
114
58
306
326
325
98
230
55
68
271
182
139
338
113
175
350
169
298
133
26
85
137
344
342
49
389
85
53
62
292
10
371
39
88
92
178
62
336
355
169
261
344
330
265
290
122
171
97
293
78
188
389
347
149
72
76
16
318
389
297
305
48
141
138
339
107
43
294
392
161
248
215
270
75
233
269
296
374
22
226
345
383
118
172
148
383
14
393
80
290
178
299
307
242
339
344
260
76
293
303
332
225
288
253
157
227
359
237
158
38
303
334
59
388
86
338
115
324
228
323
0
219
184
53
104
52
221
305
137
200
152
240
95
357
303
9
291
137
373
123
329
219
185
284
10
80
357
229
193
23
115
213
42
57
256
5
152
343
380
98
12
178
90
34
145
156
302
171
383
357
242
266
369
64
49
379
314
131
362
77
163
206
202
54
332
140
176
341
162
380
118
158
273
219
167
216
75
188
345
133
346
248
133
20
399
398
126
175
251
219
235
26
229
177
151
85
159
358
149
227
183
131
79
228
103
286
206
297
172
96
249
275
137
63
40
357
230
242
226
217
84
163
58
100
393
122
367
48
75
160
390
162
84
4
193
161
212
27
125
298
246
374
309
175
12
392
58
46
268
67
213
208
26
71
22
122
204
191
373
257
200
180
368
334
238
55
371
85
234
47
252
245
310
283
32
281
293
41
98
214
66
96
390
367
76
304
4
324
321
247
222
72
237
350
232
188
179
182
227
77
393
32
35
167
117
242
155
123
62
378
390
200
255
204
50
311
98
77
381
333
68
102
4
204
399
20
22
375
67
229
376
133
165
396
276
366
241
51
363
302
71
4
242
88
396
180
12
283
260
155
178
17
28
101
263
166
28
40
100
374
170
151
7
226
85
128
202
6
207
386
120
202
173
161
341
3
396
319
216
362
118
166
274
176
271
299
376
287
222
249
114
182
349
234
179
227
356
6
142
191
247
123
386
219
29
37
82
191
75
355
337
67
118
366
210
169
275
279
129
374
55
369
330
33
276
215
328
6
7
80
375
279
317
0
273
166
296
48
155
46
270
302
281
301
237
57
86
134
264
179
234
396
121
135
372
382
358
74
174
384
264
242
363
26
131
219
55
185
17
301
236
13
350
225
26
360
77
398
84
258
236
265
287
136
117
243
225
328
82
353
241
87
84
122
85
204
271
5
16
260
294
284
257
71
12
165
336
231
216
388
214
197
151
28
128
59
391
360
72
163
86
67
103
129
364
365
236
233
140
339
293
1
362
234
338
252
395
315
145
326
6
98
21
364
100
396
258
166
110
330
58
240
132
6
138
331
234
355
69
23
128
170
382
125
285
143
355
370
44
234
354
185
155
262
50
150
364
181
18
307
185
47
14
241
78
264
277
270
302
347
382
200
326
182
145
298
256
119
80
392
30
227
187
207
175
219
127
87
284
387
237
47
47
324
156
268
134
135
122
84
46
395
171
332
399
124
193
90
208
111
270
249
143
104
282
56
1
142
394
208
76
282
162
97
307
146
32
107
387
49
395
120
208
151
21
323
257
384
130
295
397
24
53
396
23
289
0
239
336
224
71
22
204
144
128
134
132
75
32
376
331
158
209
288
173
52
202
168
180
60
274
182
348
368
134
207
118
209
155
151
121
271
328
87
91
393
341
95
100
185
288
2
156
325
249
42
212
347
209
97
96
278
37
378
95
193
399
139
121
348
196
6
126
266
359
194
379
29
58
177
211
256
56
252
84
336
43
102
200
3
346
66
125
139
88
292
236
376
5
148
297
5
50
341
373
351
271
141
388
112
170
268
183
225
87
231
376
346
374
42
109
74
342
106
319
213
223
239
230
232
91
133
167
3
282
334
164
95
272
209
32
280
63
242
33
354
71
139
193
137
53
178
61
229
23
7
322
25
247
253
378
106
148
86
87
366
122
87
276
375
92
287
230
369
351
288
370
360
388
375
301
287
157
397
312
390
374
117
40
363
84
128
394
125
265
202
328
352
373
347
361
42
143
350
200
344
128
28
37
59
364
397
292
173
247
187
18
171
229
143
107
284
188
211
356
89
332
312
96
221
149
229
268
34
357
221
389
115
213
386
298
354
200
16
247
4
357
309
84
186
315
105
318
328
152
132
280
290
171
203
351
285
96
275
317
241
135
79
28
110
298
303
317
339
259
357
79
42
73
76
332
176
201
341
311
222
92
57
11
74
55
216
104
367
295
285
162
167
305
61
382
278
347
167
385
202
232
160
377
70
260
389
114
24
201
164
131
164
351
49
130
191
173
365
311
182
248
298
176
76
172
146
208
240
178
342
241
346
111
295
270
102
370
176
356
321
335
288
160
395
118
320
160
288
87
380
72
84
270
369
39
269
252
29
257
265
263
131
163
248
26
214
328
363
342
298
296
48
13
326
94
183
275
228
354
32
30
175
375
211
55
228
172
377
12
364
96
287
391
344
11
92
346
172
310
376
251
352
63
241
61
267
95
286
372
330
225
256
25
276
9
120
356
39
389
301
16
191
14
195
284
10
346
295
46
322
116
330
71
176
104
284
256
360
268
230
340
344
16
359
185
288
250
163
164
69
345
343
218
347
74
231
128
151
0
384
264
187
100
253
86
335
394
244
59
14
295
40
8
110
34
124
96
249
227
231
339
108
210
29
207
142
14
160
204
343
129
207
40
233
105
310
171
159
137
194
292
154
180
59
394
226
132
140
308
165
314
333
183
201
136
356
176
19
196
99
94
207
35
243
58
82
106
218
304
43
79
67
133
136
380
349
203
306
98
107
285
315
393
264
28
263
116
7
79
85
13
254
372
85
139
303
356
312
20
393
36
138
273
18
293
164
3
370
117
281
48
320
376
264
129
146
386
38
262
99
396
363
260
157
319
363
25
309
46
180
269
399
92
354
331
174
67
377
91
245
175
365
323
384
55
224
123
224
140
97
39
31
120
223
154
365
136
199
233
180
74
126
290
150
235
158
345
214
341
6
20
239
6
383
182
205
118
173
77
350
351
71
192
349
14
319
113
183
186
149
233
75
48
244
215
304
271
161
354
13
346
294
391
333
222
81
6
90
184
4
39
342
64
35
224
268
385
108
399
101
285
51
11
282
302
73
63
33
368
38
326
309
260
179
350
256
20
362
325
210
227
106
167
344
2
54
171
131
312
288
130
18
282
367
348
207
8
383
211
235
109
40
354
199
215
48
259
318
76
119
267
72
30
229
95
128
350
96
114
321
377
64
233
46
101
295
240
194
114
352
40
79
332
357
126
30
36
138
269
98
79
165
110
291
60
397
33
57
137
55
93
171
113
337
353
263
189
213
25
7
373
38
222
285
298
375
67
111
29
377
196
61
264
396
79
113
134
136
153
335
157
314
284
280
73
128
143
271
345
83
335
258
21
155
333
372
399
305
9
148
98
260
398
15
50
399
79
276
306
152
241
52
170
310
326
266
45
2
10
169
169
170
127
344
81
220
3
304
210
57
170
290
107
281
195
195
351
113
330
118
268
157
39
18
306
351
302
360
299
260
259
321
333
258
138
64
104
165
91
243
226
374
387
64
207
311
355
174
154
323
394
94
315
296
200
390
299
17
233
84
319
271
240
154
109
354
0
213
24
380
163
89
23
102
94
366
170
373
375
393
25
275
222
138
168
235
372
280
245
375
160
24
89
82
9
254
209
39
367
107
150
294
323
156
152
81
63
67
62
108
290
94
138
136
146
371
52
366
162
53
200
130
353
51
257
304
350
89
344
57
230
285
2
83
82
109
15
255
304
55
73
66
201
7
348
167
51
38
111
349
68
379
298
148
196
283
150
398
5
115
376
138
338
102
145
137
174
229
41
170
80
130
329
1
43
45
40
283
258
12
321
45
190
383
335
33
41
330
128
338
145
389
258
65
36
142
79
352
283
308
310
115
249
278
59
382
37
5
334
4
262
365
164
317
293
119
331
94
5
324
12
252
108
316
152
33
253
71
218
18
193
21
8
362
391
278
340
78
288
5
311
134
121
114
12
106
382
160
164
140
228
343
393
278
309
112
79
90
150
316
207
121
21
77
109
337
226
18
77
349
246
294
158
248
323
178
383
359
75
87
15
338
190
164
16
345
167
27
305
335
28
229
278
102
361
279
389
338
273
350
181
153
118
256
211
182
84
25
132
362
84
285
194
56
240
395
148
372
196
141
210
254
114
207
10
285
148
36
29
342
51
256
102
327
5
164
34
141
271
229
344
71
71
182
278
58
210
108
299
121
37
300
221
265
167
68
78
396
91
380
154
177
292
317
377
235
50
54
398
341
263
345
76
61
181
215
205
89
91
13
262
167
57
48
51
39
349
337
129
305
80
127
371
165
218
107
79
215
82
115
200
151
268
145
122
65
225
324
271
171
196
279
336
244
132
340
350
196
276
375
386
210
362
220
177
362
396
175
151
396
124
230
19
399
55
93
288
10
290
298
362
64
191
307
265
352
209
309
371
392
271
88
11
369
337
133
287
293
13
45
192
314
44
249
112
352
51
160
225
310
397
43
315
125
397
20
304
115
3
98
34
186
7
115
107
84
84
234
86
277
332
153
11
261
161
116
69
21
202
9
118
92
21
82
195
143
224
121
240
13
148
68
243
257
193
71
396
5
62
266
94
234
299
313
75
399
281
71
231
397
257
303
197
1
282
285
70
57
134
3
161
318
237
124
371
274
210
108
318
356
45
261
65
202
169
354
312
193
8
185
42
334
211
284
371
261
221
112
285
289
58
122
141
360
131
4
322
336
339
23
297
183
382
18
178
103
150
394
280
154
209
275
304
329
381
228
330
188
282
347
98
287
109
69
156
315
42
112
174
253
11
143
68
21
315
370
131
106
262
265
104
227
8
70
280
259
64
334
28
15
100
242
78
62
393
93
231
53
268
300
322
243
229
296
146
180
191
306
208
245
363
386
375
132
33
264
366
253
68
214
42
26
202
133
390
135
251
19
88
177
179
327
312
179
259
45
165
127
227
297
0
36
342
366
222
159
329
292
344
237
181
274
209
237
67
46
315
389
323
154
167
244
151
173
20
39
7
395
123
6
341
263
56
41
296
63
263
259
105
67
95
353
65
206
79
193
141
10
329
170
93
385
269
307
179
89
153
13
49
116
284
70
75
305
241
391
353
50
124
33
90
346
274
379
216
44
352
34
214
197
69
3
150
351
69
55
377
80
188
293
288
208
56
183
19
65
191
226
147
180
358
322
238
352
102
391
4
271
387
207
51
73
61
51
208
390
187
181
1
292
236
260
204
376
105
129
273
46
145
188
256
191
277
296
160
380
11
113
184
221
316
64
299
36
342
125
70
26
383
370
62
257
144
66
346
249
48
393
254
188
206
206
372
124
224
99
364
341
394
44
157
224
329
123
334
296
382
117
232
153
191
127
172
392
118
202
186
357
106
175
204
85
78
354
276
61
54
177
173
369
216
204
16
156
138
101
206
103
224
144
390
390
205
153
290
178
137
167
121
221
216
200
153
38
327
142
161
247
118
132
231
308
360
320
7
88
56
60
41
4
28
39
342
292
362
351
163
214
191
273
197
93
140
201
367
375
196
167
233
317
386
218
349
53
49
133
201
199
128
86
78
362
314
99
299
286
365
319
62
343
167
78
322
229
89
143
262
219
225
280
391
216
190
59
345
286
215
354
355
22
369
330
232
110
9
101
358
391
4
105
388
388
26
112
110
21
255
56
116
116
252
294
147
85
193
98
33
394
251
0
135
224
245
195
53
198
59
275
384
156
152
135
16
129
344
317
236
224
339
93
341
253
74
227
236
188
1
301
305
215
23
252
178
40
392
394
200
268
362
318
319
135
84
149
171
310
274
315
1
231
392
173
71
139
301
42
345
47
220
143
137
308
204
211
53
153
270
309
155
353
140
278
270
218
265
190
182
166
380
80
342
365
252
393
158
37
60
372
50
385
6
344
229
41
194
64
51
143
34
279
297
72
226
72
214
26
333
216
258
108
259
230
95
233
252
137
189
305
209
260
99
233
5
206
377
86
76
366
18
101
330
141
275
77
184
257
88
35
177
288
240
218
2
239
279
347
305
2
249
35
29
78
215
237
298
340
211
296
215
307
356
300
378
233
225
257
133
243
111
108
155
249
269
85
224
172
146
68
319
290
151
111
158
242
354
131
396
314
99
185
55
160
364
121
75
355
80
45
108
365
260
295
205
78
120
121
134
126
29
367
297
62
163
386
258
271
150
82
133
342
307
372
152
84
363
388
254
153
312
391
193
282
203
192
101
18
117
396
307
158
31
97
197
83
70
366
317
99
304
297
94
199
377
276
138
186
197
268
369
372
55
183
96
398
110
382
191
343
127
333
165
347
147
113
374
183
350
47
236
305
143
274
265
163
140
262
239
158
351
222
365
195
151
164
272
270
390
359
58
102
107
168
390
23
96
297
287
313
392
398
130
144
371
76
206
91
110
368
189
126
174
9
115
64
52
33
363
291
353
353
332
386
22
204
203
316
192
334
380
127
47
139
351
392
173
313
83
8
19
191
69
65
190
65
262
98
183
257
299
110
393
226
324
274
65
240
253
32
315
46
184
337
120
241
315
299
202
354
25
155
18
263
132
230
129
159
298
30
90
98
374
15
141
118
207
342
200
80
221
215
158
279
111
223
336
244
156
106
6
102
189
101
309
158
170
219
377
142
387
223
164
180
159
225
111
145
388
105
253
336
151
102
27
370
7
105
295
169
114
320
172
233
221
6
211
330
271
392
293
381
238
234
249
360
300
36
392
273
366
316
389
242
316
220
143
305
13
155
24
155
169
352
245
326
75
305
186
56
317
76
292
244
299
348
96
294
99
34
81
358
319
398
159
57
5
399
109
142
28
288
239
92
139
379
205
181
276
27
195
130
223
136
168
9
113
260
288
296
76
187
243
11
211
375
195
391
110
297
379
232
87
66
138
188
101
284
380
285
17
169
200
75
362
314
49
23
54
338
191
250
249
332
47
161
243
253
218
41
308
245
169
288
370
9
81
199
150
194
69
366
100
118
30
162
367
298
118
300
251
112
375
374
341
272
56
298
226
339
222
138
140
180
294
369
224
251
7
124
31
136
13
212
113
249
269
320
319
246
116
291
335
55
359
386
296
326
149
274
52
187
311
56
18
67
124
246
269
234
46
324
388
84
105
79
85
142
236
298
326
356
373
75
311
191
24
325
51
372
45
107
138
17
0
172
116
242
281
84
198
295
227
391
387
156
46
3
255
307
306
114
3
17
28
136
173
161
123
258
230
184
277
391
312
89
317
203
339
159
105
267
338
399
269
369
221
316
209
210
390
144
30
17
147
325
174
314
295
259
393
218
207
317
18
368
24
44
343
346
312
103
43
62
254
126
227
198
388
128
41
330
373
130
65
160
308
133
374
265
196
175
89
386
194
318
106
133
393
197
346
143
263
218
74
392
74
384
255
369
345
365
282
66
83
234
100
44
384
94
364
21
64
23
156
9
254
160
240
156
329
347
325
141
208
241
58
369
253
127
237
116
273
237
57
292
136
155
135
239
280
25
33
59
267
190
362
229
168
223
100
296
117
358
83
326
292
355
310
15
365
128
20
289
267
246
59
396
258
159
118
39
214
280
336
157
357
309
216
335
199
225
370
141
91
205
231
151
147
131
368
117
321
325
175
227
301
71
363
106
360
229
197
375
229
200
378
46
3
15
234
335
255
330
107
169
316
383
162
368
66
132
369
199
397
270
265
168
220
196
364
357
107
55
369
376
315
43
139
344
263
125
336
291
164
128
93
175
110
5
111
17
327
224
267
162
29
34
107
128
79
8
11
211
251
392
173
63
273
156
97
24
232
107
295
341
198
141
266
329
364
287
165
322
38
385
185
142
32
387
186
374
115
330
390
334
172
162
60
48
244
303
315
141
45
344
107
385
349
198
71
233
137
73
358
362
377
310
80
285
73
177
127
208
288
290
399
112
102
237
363
269
160
324
297
236
322
223
118
162
280
220
82
146
191
19
16
393
176
101
284
196
369
312
269
300
181
158
113
228
150
379
247
172
55
339
285
184
18
281
391
342
72
5
87
174
79
369
130
156
328
282
142
109
283
146
241
202
12
59
254
84
33
394
385
26
4
36
72
208
145
175
378
222
54
152
137
102
7
335
90
90
72
158
135
239
134
174
354
201
188
367
276
270
129
187
303
192
381
94
168
93
40
61
355
192
130
258
329
276
361
273
382
195
2
118
165
208
150
206
252
306
208
55
1
373
291
114
75
21
351
151
384
195
31
392
287
246
243
50
316
223
13
307
4
43
397
185
309
89
132
263
318
262
88
1
327
263
292
305
372
250
124
146
336
261
255
16
385
264
6
217
338
204
52
40
39
223
247
396
193
130
378
40
195
227
215
102
293
79
153
99
301
39
159
140
253
283
245
326
281
206
207
188
371
231
395
4
79
325
152
51
275
150
292
44
114
351
106
241
123
23
160
134
243
332
388
217
371
238
343
167
184
165
69
75
111
254
211
154
243
19
298
255
12
351
111
25
9
386
376
268
298
188
86
374
122
35
331
27
217
63
377
24
294
294
88
376
305
219
153
350
295
329
345
362
114
305
82
235
249
220
80
297
61
69
65
157
226
173
93
123
178
328
188
352
351
119
146
272
370
323
132
316
99
203
234
89
386
94
144
164
148
327
75
50
266
387
92
358
180
362
281
299
243
257
109
243
300
323
387
52
99
237
140
79
61
191
74
74
134
367
251
218
125
104
349
104
203
266
226
110
239
58
107
284
10
118
110
162
237
337
199
107
359
198
262
373
154
253
153
113
241
130
358
70
131
58
68
109
52
323
57
314
95
134
340
64
9
299
40
230
250
144
311
2
324
301
320
133
192
300
2
25
185
226
321
122
198
189
266
214
299
104
116
224
64
295
289
29
32
99
66
36
165
230
399
231
333
286
41
174
309
56
260
31
12
131
155
175
243
86
17
154
132
172
44
214
25
234
331
39
94
118
251
184
124
169
330
393
269
61
305
35
77
377
195
30
241
306
396
367
66
8
96
297
258
141
191
117
379
313
65
42
327
367
176
187
242
248
334
355
399
283
163
293
212
122
294
360
123
306
309
214
336
267
153
240
98
42
73
13
374
46
287
333
327
166
153
78
170
321
322
154
204
286
119
236
387
127
251
152
308
387
96
130
119
135
10
319
384
193
118
16
333
297
88
395
334
124
133
43
215
344
118
179
116
184
361
238
300
244
237
32
258
238
182
80
376
181
219
85
238
208
296
152
237
125
176
266
381
102
302
122
204
18
279
71
42
272
265
389
322
300
337
389
58
353
61
135
205
217
254
95
236
275
200
61
72
92
67
9
324
45
72
214
300
144
384
141
18
251
66
284
336
183
81
162
190
241
335
372
134
99
276
23
66
117
76
168
115
193
224
68
153
254
192
287
231
29
369
339
53
227
106
317
112
259
323
309
385
66
58
94
124
35
260
187
298
176
392
212
204
251
264
139
156
367
132
355
74
25
9
0
85
14
61
223
95
262
103
323
356
21
391
317
146
22
47
300
202
330
193
81
102
311
331
395
347
47
374
80
353
130
37
38
311
253
170
268
7
73
230
162
172
15
338
395
302
389
184
327
163
350
219
216
286
365
40
51
273
165
357
209
198
227
127
8
284
230
119
44
10
204
294
66
27
377
363
221
296
226
373
302
14
92
111
387
188
302
312
190
21
4
277
10
358
57
281
333
251
142
358
88
197
356
74
211
235
231
263
64
336
302
60
154
126
152
331
175
347
82
120
83
214
308
351
268
290
257
85
101
382
326
20
322
64
239
13
255
152
88
252
245
113
231
267
187
90
278
386
58
56
396
220
72
249
16
131
202
272
298
388
193
390
274
119
129
183
399
351
239
156
118
273
95
62
327
165
225
224
71
322
313
154
176
386
370
171
27
263
107
336
276
18
228
95
324
242
22
82
158
26
246
152
298
345
341
144
344
33
87
80
68
395
249
229
120
14
358
340
188
266
157
214
117
92
271
171
156
317
164
24
94
119
367
126
286
319
61
217
174
318
308
339
133
23
360
331
12
286
251
271
135
123
33
374
143
97
181
308
230
17
18
122
181
95
321
88
383
112
329
187
345
358
328
319
335
148
110
229
185
174
167
93
119
289
123
296
51
179
93
179
182
315
135
60
300
185
74
56
348
168
192
99
43
151
289
41
332
50
218
36
57
122
154
43
213
76
187
287
57
359
41
40
251
220
113
312
135
380
28
26
217
186
181
341
300
245
5
229
388
42
18
139
364
9
218
268
20
46
206
16
256
260
180
357
67
147
264
357
61
22
226
235
227
396
235
362
181
72
399
250
90
111
359
235
245
186
17
320
94
317
334
7
345
392
159
246
159
183
208
370
375
86
114
30
47
123
388
35
42
29
144
221
328
353
189
271
127
394
325
395
49
361
293
41
16
258
206
352
297
8
1
213
48
78
61
301
166
191
322
178
215
107
162
205
67
105
333
219
40
90
379
123
369
313
171
131
269
254
185
231
218
250
39
72
142
371
300
30
324
361
54
60
152
72
40
348
145
371
159
95
169
376
22
63
208
209
40
184
226
296
64
348
396
372
241
103
97
152
310
21
137
381
175
26
77
189
273
339
100
91
226
93
90
205
101
177
53
161
228
372
290
157
230
245
398
334
130
354
15
55
53
280
2
158
234
44
320
236
135
369
388
333
267
169
361
43
313
257
331
95
250
204
59
351
90
24
9
380
48
297
116
34
273
168
354
304
340
74
263
185
351
197
345
24
388
209
59
107
242
198
11
8
264
146
282
235
223
375
371
127
371
307
251
359
350
332
360
62
347
208
228
138
54
256
182
322
253
23
175
322
298
111
11
22
347
73
109
269
377
277
144
205
381
235
27
314
26
37
70
360
185
249
155
3
214
15
7
295
77
142
144
49
70
109
273
105
101
298
111
290
366
243
244
42
300
338
31
299
98
294
288
357
171
220
257
328
177
64
292
102
30
108
20
39
190
134
3
28
223
370
313
377
38
61
34
232
67
370
212
124
327
268
238
105
254
108
388
97
157
369
148
384
235
65
138
217
266
269
393
302
151
307
53
363
186
5
269
47
93
375
62
345
25
218
37
252
257
266
367
172
387
146
192
296
13
162
113
183
154
140
206
360
186
0
175
42
11
187
245
270
72
104
310
38
148
392
279
247
340
130
378
286
339
311
27
131
252
194
134
296
331
75
234
37
230
269
368
88
208
367
106
106
31
46
233
366
346
143
44
88
23
230
379
50
397
311
146
121
289
109
160
97
185
361
301
308
103
383
384
362
307
191
94
385
64
210
232
206
100
344
352
72
42
291
373
54
316
248
287
113
1
147
265
194
152
233
324
399
116
366
267
131
48
397
210
307
315
182
94
296
85
379
162
99
87
252
360
302
104
119
200
38
101
394
141
33
98
168
77
86
341
328
201
130
170
303
324
341
282
43
295
76
399
313
324
308
282
52
388
217
241
212
234
76
37
362
55
244
369
281
237
322
11
336
96
84
57
16
129
100
245
208
306
340
153
122
334
361
211
224
50
352
51
355
291
137
243
126
151
24
308
316
200
233
156
123
91
70
286
164
222
176
241
329
215
191
327
239
320
173
187
259
280
205
318
113
128
211
111
55
50
285
363
132
58
144
333
64
12
202
15
139
186
150
391
136
81
393
103
293
243
239
292
373
366
223
215
240
100
258
179
275
11
237
246
157
272
217
347
280
292
373
143
285
129
396
40
361
62
392
280
389
379
167
376
189
105
329
385
56
107
393
139
105
140
288
299
50
320
3
252
375
88
380
277
38
284
167
342
129
151
184
350
172
373
69
69
300
167
131
362
14
325
382
35
117
44
333
13
231
272
135
31
311
284
223
49
195
162
228
58
258
65
323
99
214
132
153
322
35
117
91
395
91
193
32
122
166
275
372
226
325
9
8
146
131
349
374
108
108
261
382
146
68
350
343
59
393
38
151
264
254
393
326
143
193
103
233
52
176
142
74
369
91
0
189
8
387
146
345
63
12
331
257
190
31
201
286
389
24
380
41
346
314
291
211
276
181
259
278
299
243
130
348
384
65
139
321
86
165
202
344
282
396
198
107
176
147
179
16
248
340
372
367
198
230
352
104
14
216
214
329
306
225
172
252
26
329
142
301
29
366
56
12
111
166
360
9
117
145
240
282
42
21
244
282
389
375
28
259
128
361
286
250
90
224
369
226
309
30
373
319
253
191
383
204
285
54
188
108
145
359
52
97
94
129
23
233
93
318
360
115
111
25
336
213
225
100
384
272
394
159
104
371
274
268
341
170
235
169
187
310
216
326
57
324
30
50
157
393
91
142
324
59
91
281
77
249
244
24
154
239
342
364
96
376
110
186
397
235
181
210
359
74
121
257
259
156
18
138
205
290
209
354
398
390
213
180
306
343
56
74
63
260
321
360
243
287
53
49
161
349
231
319
182
390
316
194
154
9
143
338
37
18
31
249
259
283
142
316
237
150
149
0
174
43
385
61
194
120
368
338
147
231
78
231
292
92
281
289
361
13
346
58
10
196
347
156
6
57
370
357
78
45
335
340
138
156
72
368
388
42
186
68
9
338
245
35
51
269
59
78
111
391
102
28
212
338
145
205
155
176
167
359
183
15
20
259
304
283
32
94
355
109
135
165
67
309
228
162
147
394
56
206
77
76
130
340
215
60
162
143
289
309
26
202
268
348
232
181
2
98
24
355
287
130
256
274
302
309
37
20
356
145
166
73
307
124
381
371
345
242
163
72
62
22
182
142
274
90
236
313
114
357
274
60
36
83
232
14
41
147
335
125
55
391
121
219
183
360
260
34
198
77
190
252
174
0
228
22
243
222
7
316
58
362
33
210
389
257
222
332
349
58
288
249
73
11
21
109
107
11
128
47
14
72
55
353
284
107
158
249
375
281
113
242
296
339
40
51
174
301
220
365
144
96
307
338
267
169
127
329
224
279
121
337
277
85
244
89
343
40
328
73
204
128
258
260
295
348
334
165
372
141
210
221
136
340
256
49
29
92
348
178
107
227
130
314
298
219
105
115
15
267
30
48
341
48
305
275
214
19
3
284
123
321
340
41
205
207
7
26
311
270
179
166
213
180
379
158
276
291
