298
219
280
307
230
19
43
69
227
340
274
184
0
316
357
78
284
150
124
22
112
307
150
107
204
253
270
186
168
298
23
13
158
184
133
217
294
122
277
222
51
209
102
219
280
292
358
55
216
230
350
285
82
103
172
150
12
165
153
228
347
372
219
97
339
178
308
178
51
374
162
105
1
305
80
17
119
326
114
261
86
277
262
313
313
77
379
77
74
103
327
284
289
139
109
65
302
1
190
129
330
134
260
384
84
116
83
38
207
367
358
174
396
278
136
32
3
203
200
103
86
151
146
387
150
351
223
127
9
308
308
105
135
45
232
84
122
140
324
83
150
127
275
98
207
175
316
84
173
300
57
277
372
0
228
105
122
281
79
86
115
277
37
13
337
301
321
111
152
262
129
229
124
152
34
239
150
103
372
122
250
124
367
101
30
376
21
27
114
174
34
150
201
115
394
6
147
207
115
343
265
20
277
336
230
277
342
336
29
59
192
27
231
234
340
111
300
21
178
28
136
51
119
262
150
99
164
277
255
288
181
86
385
11
232
244
220
278
316
369
304
82
344
347
306
243
29
201
8
227
253
54
354
251
269
377
372
297
24
273
186
376
16
71
103
15
13
128
217
262
258
258
138
268
12
105
279
103
75
86
201
172
308
97
127
174
162
269
199
149
212
339
207
291
111
224
150
80
185
150
16
203
132
102
192
326
306
219
129
87
28
45
301
259
164
389
67
28
316
19
134
304
87
357
150
304
75
302
87
169
319
133
12
52
103
227
274
91
291
269
350
63
158
228
288
362
258
86
267
358
351
210
224
184
269
289
378
237
245
91
46
149
370
314
43
100
398
347
372
235
261
285
343
379
79
151
341
280
330
261
105
101
142
198
150
218
77
43
223
266
186
307
31
207
303
26
232
160
227
255
95
242
203
339
105
115
150
240
1
83
280
150
172
255
373
351
140
201
282
129
201
157
105
64
304
394
366
307
292
308
55
207
69
181
99
172
127
69
286
49
276
115
300
340
184
334
278
40
65
48
238
340
3
8
313
239
129
268
142
148
336
27
150
31
147
118
43
150
373
167
243
199
5
388
20
47
336
59
150
151
247
279
289
74
289
306
56
164
121
133
109
157
265
148
127
86
28
140
281
13
351
382
231
60
265
312
109
183
61
281
360
82
75
325
43
253
79
232
65
261
112
87
67
315
87
6
231
100
77
104
232
67
115
270
150
129
304
371
342
326
132
149
235
306
186
355
128
125
223
201
265
13
117
301
79
115
262
46
77
399
277
107
74
295
43
75
164
255
19
149
51
398
270
8
87
136
313
236
34
356
153
123
150
27
67
277
186
330
57
203
152
19
394
127
358
105
83
331
140
360
44
140
382
224
107
382
190
258
299
277
16
146
150
351
189
28
372
124
80
83
138
291
16
133
68
87
207
102
313
185
79
368
133
149
301
227
16
236
302
15
263
233
323
0
103
44
370
258
22
180
28
285
125
345
31
233
287
331
286
322
285
16
184
143
161
277
258
327
398
336
219
256
102
103
259
68
174
227
277
372
166
63
67
1
101
207
211
390
125
70
256
104
19
35
109
128
258
345
207
291
68
307
150
22
351
19
31
242
3
158
68
88
179
19
322
200
180
220
122
277
104
52
27
265
304
250
392
40
362
131
243
292
47
197
69
285
376
204
87
203
261
78
67
362
212
170
207
16
11
355
232
184
210
253
354
27
145
204
235
128
254
332
372
170
208
239
204
278
57
204
55
391
283
352
308
214
235
273
278
203
47
324
176
43
105
350
150
83
24
103
372
133
12
224
16
384
104
255
185
97
257
87
12
157
129
307
203
283
105
192
236
257
13
316
227
181
1
100
20
124
6
60
9
150
304
69
316
140
28
109
144
143
303
224
232
365
213
67
261
283
342
316
372
6
136
83
253
250
86
77
109
272
39
109
249
82
292
99
64
197
160
34
373
273
211
228
207
368
67
256
371
30
304
31
19
302
378
351
117
1
152
207
115
278
140
378
103
189
312
94
150
247
18
107
294
331
307
19
389
104
110
307
391
277
380
301
9
28
148
280
277
62
270
275
23
79
364
265
100
75
361
174
248
160
230
136
365
367
69
265
203
376
172
249
150
164
80
14
223
141
192
115
269
88
57
105
87
330
34
21
280
166
389
311
288
269
1
339
140
60
1
147
95
86
127
184
319
149
356
46
122
273
299
206
384
93
368
121
174
227
238
143
68
238
370
285
230
259
24
115
127
379
214
228
103
277
261
40
136
87
56
73
188
389
292
300
173
105
332
374
238
373
133
373
264
239
68
12
1
94
377
336
274
129
69
209
111
59
275
27
122
153
86
379
358
301
37
265
277
245
372
220
68
307
186
305
173
382
261
27
105
140
164
19
322
322
395
105
334
312
373
336
192
365
199
382
351
288
258
4
201
277
48
210
48
346
304
336
134
257
28
288
396
26
2
49
321
236
327
13
122
105
326
180
277
6
122
103
65
138
301
147
283
140
164
227
45
208
314
13
286
364
395
232
227
115
157
27
186
124
140
103
102
280
18
174
56
349
148
283
382
173
370
281
86
57
394
23
277
116
149
390
161
228
149
12
22
337
49
277
87
315
308
6
144
153
364
143
317
300
283
244
243
324
133
292
276
257
292
399
273
12
278
318
307
149
348
150
313
6
334
239
313
55
151
140
262
286
250
127
19
99
262
368
321
20
150
104
160
179
133
394
399
164
88
277
107
373
198
232
156
67
173
247
161
122
9
283
152
255
217
322
43
150
105
238
24
141
164
6
150
1
202
355
60
339
21
399
23
103
169
79
19
364
253
127
89
129
220
8
291
232
280
305
167
384
184
253
150
126
235
346
390
188
8
130
84
156
1
382
165
173
278
67
262
262
280
68
75
214
372
127
345
142
163
242
158
397
12
332
121
101
395
56
37
259
179
285
258
2
105
339
224
189
357
395
278
48
98
334
59
248
16
267
105
325
374
117
105
227
299
17
243
160
301
116
106
387
105
42
394
150
207
261
142
394
289
302
150
207
179
151
19
201
329
339
236
44
330
250
122
334
345
161
219
303
87
74
387
107
230
105
322
150
145
67
304
377
31
161
27
150
228
104
75
300
360
152
105
283
378
12
263
258
268
1
232
99
16
386
105
27
186
201
73
214
241
160
288
67
267
86
225
335
129
255
111
56
241
272
147
198
198
177
293
294
313
277
11
288
391
164
69
133
37
69
21
1
255
16
306
308
115
210
355
123
243
68
283
306
88
313
5
150
304
277
249
219
265
40
127
398
199
91
262
219
304
289
263
188
312
26
21
203
149
7
276
240
45
358
329
150
370
242
323
215
232
173
172
114
243
371
253
389
105
101
200
379
156
207
233
115
19
104
150
160
103
97
174
67
168
43
100
329
294
86
82
261
302
211
276
63
108
356
243
258
80
289
261
227
44
149
40
103
164
368
280
190
303
219
296
324
96
107
304
223
140
372
82
373
103
20
351
150
86
277
306
19
105
200
156
203
186
147
307
255
297
122
245
285
241
128
329
182
391
150
261
351
255
324
378
19
16
297
101
179
137
1
112
159
58
84
230
265
172
148
27
230
89
235
304
150
188
115
191
394
79
127
54
285
372
101
292
369
172
149
391
399
284
50
95
100
376
107
152
77
19
254
129
164
256
312
135
128
149
360
331
172
1
256
9
305
233
4
262
45
115
82
128
389
226
53
105
273
283
24
51
55
207
26
387
143
218
235
283
304
173
184
210
353
389
316
168
284
152
103
395
218
106
45
275
148
3
291
184
163
189
37
52
208
150
88
152
87
251
252
105
34
308
312
261
31
157
232
161
79
115
347
179
323
380
373
266
235
106
12
283
105
203
364
172
317
127
63
105
354
256
362
232
17
219
375
88
278
395
301
277
278
389
301
230
230
360
203
304
150
16
398
198
172
28
261
188
129
302
128
262
13
57
304
133
121
256
24
334
164
304
14
232
143
124
316
305
275
173
1
115
160
153
372
160
325
315
240
140
379
165
192
263
103
125
312
302
261
318
46
64
32
373
67
184
6
1
300
87
343
396
46
2
128
256
21
12
155
114
1
362
192
97
291
150
193
103
49
103
204
185
65
316
150
242
229
41
150
399
356
113
105
105
21
243
152
286
365
361
315
104
262
283
103
150
262
352
322
89
288
148
186
186
1
47
255
68
137
150
105
150
255
130
236
128
16
91
98
288
1
104
28
80
399
336
90
150
398
103
203
150
67
220
201
153
15
289
128
160
150
112
277
114
23
122
74
13
274
53
309
228
318
159
203
245
114
51
227
242
298
55
220
172
374
162
291
130
106
288
114
376
290
211
167
227
6
15
336
122
57
105
105
131
140
134
376
382
258
226
156
230
63
392
44
46
358
115
38
132
214
165
328
351
256
292
83
264
303
17
97
1
77
103
304
69
63
142
75
8
149
293
45
105
148
336
37
300
124
43
41
144
26
87
143
189
344
261
55
339
105
300
172
380
326
277
320
242
11
185
277
217
317
164
79
367
214
104
323
222
150
23
321
325
1
170
372
394
358
172
87
362
224
46
342
302
211
211
74
242
188
107
209
286
133
6
329
74
106
336
239
239
185
277
156
223
106
11
67
346
268
230
164
345
230
115
91
1
390
105
304
395
245
261
15
199
345
291
86
256
63
26
152
288
243
51
298
307
70
135
384
152
223
367
27
104
213
129
224
373
139
105
68
364
118
184
43
150
150
97
240
196
246
163
258
269
262
398
6
358
215
217
197
68
399
170
277
266
262
67
221
149
152
30
384
104
242
86
32
93
37
310
125
25
173
1
223
277
131
198
242
346
262
150
277
261
316
29
368
151
395
152
178
161
53
147
388
295
207
291
96
227
262
218
394
109
316
242
112
55
50
108
12
105
99
12
391
184
223
340
113
326
14
30
293
87
313
312
210
280
321
34
116
117
345
243
304
109
241
89
174
186
22
150
19
243
332
170
68
227
306
189
150
144
220
37
370
203
181
179
300
115
1
150
19
172
302
27
358
385
185
135
87
203
101
343
314
243
31
276
150
302
156
367
278
279
124
1
304
161
152
326
40
248
351
299
367
189
182
70
150
254
329
149
273
1
367
103
394
314
184
313
241
19
197
323
83
219
208
80
369
88
255
348
291
285
112
173
84
105
219
183
277
40
97
355
278
277
56
125
30
277
278
40
360
165
150
152
366
323
339
318
292
64
203
86
91
103
149
247
399
103
15
87
150
3
173
224
323
192
137
19
200
332
396
127
199
391
313
92
174
60
219
263
301
160
289
292
373
28
207
360
326
362
136
51
310
236
317
337
27
376
380
257
57
164
378
210
204
261
122
164
150
203
110
261
112
109
41
116
230
113
112
152
149
16
308
298
97
129
255
1
91
167
68
159
336
28
294
352
282
11
281
128
26
258
82
313
101
67
104
130
239
200
160
152
122
243
24
261
188
41
134
243
18
395
210
150
223
55
109
351
149
243
121
32
12
178
103
229
122
258
159
60
173
112
26
150
28
230
203
207
152
270
274
277
97
147
127
108
336
14
244
204
86
28
105
268
64
358
224
53
207
65
184
123
369
116
150
79
149
374
204
262
84
150
247
275
16
37
184
388
244
351
112
129
277
310
150
103
258
137
105
277
288
236
105
103
13
306
313
379
140
245
288
103
94
107
292
56
236
157
365
267
62
171
64
62
159
7
265
150
207
326
115
156
189
86
16
118
101
4
198
128
261
295
199
347
293
103
1
7
223
53
31
159
55
151
12
105
261
385
222
306
354
9
232
227
197
330
251
52
151
129
277
354
28
87
147
156
385
172
340
86
142
74
63
313
1
380
16
133
254
6
207
36
9
142
1
37
103
395
103
156
261
124
115
140
6
357
198
152
258
251
260
293
307
48
247
139
179
22
257
302
166
226
150
117
201
256
372
79
270
112
149
87
101
238
232
253
261
350
138
345
287
122
219
151
278
292
214
97
84
254
317
105
223
388
235
176
1
126
227
19
34
235
16
168
373
31
307
399
122
342
68
120
398
373
97
304
270
294
207
346
84
252
61
103
380
130
202
44
306
253
186
380
285
171
103
254
57
288
204
77
261
207
326
226
31
121
71
105
301
365
21
152
224
376
107
150
229
305
171
149
302
28
207
330
387
81
351
112
144
219
174
149
220
109
270
274
262
252
65
323
301
283
273
16
103
174
188
399
227
350
179
240
17
23
172
295
285
374
181
16
199
16
132
385
233
51
367
122
185
15
55
336
32
332
28
128
351
26
60
117
103
108
204
204
378
257
129
181
2
267
142
258
152
109
130
254
265
105
379
114
346
133
261
223
272
345
12
258
389
166
390
200
399
23
103
207
299
214
366
245
164
261
291
230
278
342
277
97
225
241
159
198
151
46
6
227
149
232
121
151
186
242
36
286
304
101
377
75
326
336
330
333
13
188
164
118
362
225
224
328
19
242
150
125
1
186
150
200
186
288
160
164
43
131
186
229
369
394
330
280
207
147
227
354
396
10
329
160
52
109
235
300
383
326
380
140
134
174
242
315
207
197
191
298
339
174
150
301
128
128
367
28
68
277
321
382
306
60
56
152
316
140
243
105
262
45
16
243
260
268
109
261
6
204
360
245
288
8
219
306
190
193
266
245
103
286
256
0
172
243
307
391
243
84
376
242
243
370
248
68
318
150
258
203
207
236
336
150
232
105
203
63
67
218
21
103
281
266
21
1
304
243
35
19
254
322
318
29
249
103
1
209
112
89
209
259
103
24
13
115
92
81
63
25
1
199
179
106
262
332
103
188
134
147
329
273
207
170
364
379
209
278
104
134
149
287
105
67
14
255
226
304
199
382
20
160
97
329
312
240
301
83
147
74
28
18
133
385
189
286
180
329
336
131
300
101
371
218
199
240
150
388
337
67
244
12
182
176
375
201
261
204
389
314
277
27
212
31
1
394
184
283
186
339
150
394
283
347
184
274
56
387
234
398
370
150
103
278
394
262
124
19
280
140
259
244
90
68
108
285
318
179
235
262
245
79
338
203
348
79
313
139
83
74
150
143
101
232
322
101
125
40
109
82
217
121
132
121
12
186
277
217
227
372
236
60
277
253
243
88
51
53
116
281
86
324
243
49
238
31
84
254
277
283
20
150
100
67
246
389
122
227
70
72
332
80
164
226
335
238
101
276
51
176
138
130
136
97
307
298
308
220
14
67
87
235
312
174
74
1
131
367
128
21
231
153
277
116
231
142
67
80
258
80
316
144
34
86
16
115
298
199
258
105
306
336
150
320
105
15
127
240
275
382
233
398
139
184
242
105
142
238
284
103
349
277
355
358
294
147
103
368
138
130
316
79
301
122
182
151
235
6
358
220
304
256
387
173
150
12
57
20
372
301
246
103
106
172
354
379
176
376
184
87
150
36
314
371
18
1
301
67
199
227
291
304
13
31
128
210
173
276
69
97
256
345
105
324
309
122
44
288
220
286
165
19
205
16
354
103
232
156
300
232
230
199
289
200
203
57
11
371
242
29
248
4
329
174
262
120
105
34
142
241
173
304
378
31
295
189
36
316
192
298
239
127
348
227
104
15
172
150
340
9
185
140
134
250
161
105
147
201
122
204
36
146
116
160
263
277
219
103
105
62
249
87
67
96
314
342
134
27
378
190
398
160
277
74
382
16
273
59
384
314
88
217
124
311
316
192
99
258
114
255
115
219
203
274
301
115
67
142
34
376
99
199
165
239
177
232
235
31
60
101
113
261
7
87
207
313
106
198
186
157
323
83
283
87
105
346
133
6
97
6
105
239
69
108
360
106
198
198
26
379
185
202
12
304
39
383
317
43
242
373
45
304
154
349
347
152
84
246
161
15
84
359
140
377
265
28
6
134
130
256
316
291
219
97
336
301
150
12
201
157
51
55
379
167
19
387
113
19
293
13
116
227
174
157
293
135
292
78
270
277
162
385
20
60
142
207
81
89
53
49
73
381
209
324
53
126
69
236
27
3
68
382
316
288
267
165
238
286
301
113
115
51
20
79
63
262
313
150
200
207
16
150
164
161
100
257
109
83
133
150
129
336
127
3
19
179
347
69
150
235
77
105
16
304
138
217
31
276
280
56
43
79
365
167
159
320
336
278
69
301
152
258
37
93
109
43
40
95
69
159
268
239
51
360
373
205
262
113
37
211
131
275
252
160
192
278
19
332
220
339
283
262
179
116
243
215
365
349
307
227
86
299
189
101
243
262
356
110
79
169
150
84
209
394
127
258
80
334
226
380
155
383
69
11
351
42
227
277
153
318
68
199
77
333
307
215
82
207
103
244
122
67
7
394
140
86
118
140
184
84
262
115
382
17
70
149
84
228
101
252
368
258
67
152
47
243
232
287
169
82
209
104
184
150
65
186
188
27
162
114
67
67
372
294
124
322
324
270
150
76
60
150
105
150
247
49
262
86
236
39
243
37
204
115
167
168
257
84
302
77
264
303
18
68
399
56
304
122
198
31
364
243
330
287
142
88
49
220
387
350
388
126
322
243
189
52
277
364
301
258
241
103
132
77
16
262
385
160
125
389
109
170
278
159
103
103
31
67
34
236
303
69
31
274
106
261
19
129
331
37
44
389
220
128
261
71
382
184
372
77
179
19
109
301
261
288
79
270
243
14
107
227
220
370
113
277
336
188
328
258
149
121
2
55
9
258
150
130
129
243
138
147
34
198
229
398
94
99
109
367
147
27
341
199
152
256
67
309
25
308
27
34
160
121
150
186
24
91
115
109
67
0
262
172
101
58
277
104
288
113
258
195
209
248
371
49
148
111
376
115
192
314
107
28
207
166
219
398
57
160
231
105
43
138
107
160
309
227
210
160
150
95
281
87
257
111
18
189
39
178
257
270
103
375
277
1
1
257
164
165
303
348
334
263
340
223
128
235
186
232
139
349
15
127
302
369
93
6
311
239
276
203
123
321
140
122
79
254
43
152
28
100
243
65
203
44
349
105
367
366
378
87
109
301
205
209
104
181
37
122
55
275
277
262
172
62
88
114
150
300
106
103
275
148
189
92
86
156
67
316
150
185
178
262
261
370
310
278
304
126
9
380
127
52
68
49
338
149
200
201
314
150
357
67
280
107
107
201
79
52
8
133
97
196
251
84
28
233
32
398
283
16
281
256
20
229
34
179
176
150
22
385
13
117
69
227
152
232
41
19
87
189
45
8
140
19
51
156
1
104
33
261
388
104
249
146
1
127
67
306
399
105
69
103
99
317
341
341
150
28
360
115
203
228
211
199
336
276
27
203
223
83
109
305
316
140
345
273
185
28
60
314
370
203
203
68
258
255
203
112
40
314
84
179
367
367
252
326
1
49
262
207
114
115
378
258
19
57
125
306
294
258
125
150
199
149
398
277
12
28
100
81
186
1
160
128
389
150
256
122
121
288
68
68
152
79
312
215
63
379
122
135
68
140
373
297
254
147
357
46
1
292
93
97
30
360
29
385
19
289
122
105
219
210
129
207
297
354
354
261
184
169
134
308
87
322
197
31
57
87
138
103
79
88
140
278
280
275
258
365
214
277
100
184
63
380
328
304
178
160
242
84
287
105
83
165
104
252
150
79
149
27
394
257
209
291
330
260
172
329
263
398
84
112
306
2
55
372
58
281
204
364
56
105
233
93
304
149
340
283
2
387
78
49
316
175
385
262
281
83
67
108
257
201
126
7
257
197
150
103
56
13
350
140
285
373
82
207
277
199
182
108
385
281
387
160
250
107
105
6
122
389
27
345
183
21
203
278
16
318
97
207
151
160
303
97
296
105
133
171
28
301
124
142
139
255
150
303
258
254
133
185
184
150
285
43
355
46
304
336
242
326
211
107
186
278
186
384
383
330
134
140
304
204
86
88
228
12
294
171
14
387
164
250
238
126
86
326
99
135
260
131
19
67
227
301
284
210
144
129
181
202
392
105
133
179
6
210
186
209
304
172
236
204
222
50
51
308
398
193
117
124
276
255
289
122
278
15
367
317
23
184
160
239
30
109
4
192
227
303
124
232
30
73
79
151
110
223
373
100
152
265
224
69
3
306
27
299
203
129
152
273
336
24
131
150
336
316
304
140
278
147
208
336
301
333
178
132
214
297
143
93
273
86
223
70
358
355
214
244
259
151
106
173
301
224
75
385
115
186
140
104
42
105
346
208
62
302
83
103
149
283
16
362
144
269
100
203
262
84
1
65
192
19
249
218
6
67
216
149
122
257
34
51
64
181
184
12
79
258
75
367
149
258
150
232
366
13
50
283
288
220
155
243
103
315
367
377
207
185
304
265
149
182
326
16
204
389
149
167
66
164
245
192
234
331
323
244
255
204
313
123
10
67
292
243
325
256
227
188
67
376
112
81
255
172
107
36
218
6
93
275
159
185
155
270
322
301
252
20
253
204
229
376
335
122
138
161
138
201
160
151
214
258
305
184
256
136
336
306
26
151
24
243
88
105
277
164
134
43
389
79
148
246
371
27
373
157
148
204
107
304
208
227
330
222
40
169
158
331
150
188
130
150
234
399
87
129
243
210
51
280
314
67
185
203
152
236
254
43
315
341
258
188
262
29
105
56
196
31
243
109
268
94
395
34
312
101
193
141
121
277
262
236
367
316
227
300
286
317
114
67
309
160
245
391
207
5
256
262
367
121
193
243
105
373
305
131
323
258
243
127
83
150
5
288
28
121
138
106
172
258
34
20
144
3
278
31
148
322
236
198
235
125
32
251
124
262
20
6
362
20
256
277
389
91
358
150
67
244
185
277
192
79
207
138
137
133
180
313
326
198
172
278
39
279
175
236
1
87
228
161
266
303
236
108
151
167
51
309
312
138
107
22
1
344
87
367
314
363
303
372
45
188
67
222
189
174
242
338
148
150
285
60
274
142
389
227
314
230
192
322
150
8
387
127
304
101
118
152
140
126
104
380
390
59
103
103
28
221
115
149
160
152
219
389
188
371
103
105
376
311
350
84
127
395
150
51
51
277
67
295
17
105
313
320
375
388
101
340
19
278
201
227
17
150
164
394
52
235
294
14
103
57
389
34
361
51
87
19
19
390
283
395
322
227
312
87
16
62
273
388
385
170
124
387
87
200
150
180
181
130
31
302
227
393
104
185
203
105
122
227
104
274
214
67
198
235
55
16
302
374
275
344
74
307
394
316
180
87
268
115
109
164
173
312
185
31
304
6
149
75
203
238
150
315
304
342
121
367
130
341
302
104
329
142
125
186
67
239
303
372
20
203
339
358
141
351
263
283
349
34
250
16
116
109
387
1
394
256
6
20
229
186
326
164
304
316
326
102
258
221
180
190
245
351
332
150
30
69
261
117
300
118
217
278
60
150
192
49
109
14
316
299
2
30
373
394
83
51
275
256
126
371
367
286
122
110
290
220
34
60
284
88
258
242
140
389
336
322
329
227
238
258
207
160
243
126
312
116
197
121
150
150
192
305
109
100
209
65
384
289
48
129
101
115
70
80
44
351
263
107
285
274
220
298
238
86
169
117
112
387
244
18
306
152
277
217
140
82
159
248
262
74
334
325
223
101
368
372
289
204
378
150
91
125
112
128
204
1
219
106
263
160
104
56
203
85
275
160
105
105
167
150
326
398
129
360
256
391
198
268
107
113
387
122
227
42
350
67
24
18
77
15
1
16
398
70
372
277
123
337
188
225
233
300
276
379
117
4
334
68
129
217
258
32
150
283
342
50
304
150
6
249
83
256
68
233
206
147
334
115
307
174
256
127
389
44
218
243
368
379
354
171
19
227
1
385
278
371
277
280
180
248
34
282
229
356
278
207
219
87
70
372
280
304
326
8
206
336
392
286
287
308
160
377
247
202
27
172
45
151
24
292
142
80
129
305
320
115
6
258
354
317
233
83
19
184
184
113
207
188
65
192
380
122
250
28
82
316
160
201
159
217
233
192
105
396
373
348
260
379
101
12
317
198
31
219
16
142
27
129
218
150
283
254
159
249
252
180
231
103
290
315
189
150
300
187
103
238
363
207
160
160
161
150
292
389
253
15
313
209
127
370
40
240
83
185
97
105
200
201
351
269
83
115
82
297
235
340
8
191
391
103
261
209
64
115
242
150
231
129
373
22
31
316
149
164
105
40
127
242
1
150
127
396
91
129
21
34
294
249
206
24
256
147
164
242
367
297
190
290
188
64
305
281
306
115
160
119
335
101
59
97
218
163
178
242
362
143
20
48
8
354
142
135
150
292
239
326
79
66
29
79
360
399
80
316
147
301
231
89
288
19
125
277
301
203
12
23
374
101
148
304
292
283
127
232
277
254
354
378
376
159
277
351
238
256
355
351
109
200
52
273
374
17
329
6
83
105
169
82
250
283
249
198
22
346
397
106
185
105
299
203
94
174
153
138
360
306
227
289
18
389
204
227
222
180
230
78
160
71
294
84
219
148
262
27
288
186
37
378
68
254
278
368
1
140
1
55
283
172
372
283
357
105
2
107
129
165
114
61
220
343
105
184
286
380
247
274
138
268
150
16
255
67
285
245
121
15
149
59
121
162
249
262
189
261
160
192
114
13
146
138
2
267
56
230
298
67
103
251
109
334
247
29
263
204
1
105
394
30
367
349
277
87
269
203
15
129
174
199
150
310
5
188
46
164
252
279
227
186
71
106
321
125
150
203
112
214
399
323
103
122
12
124
152
169
276
2
315
192
280
138
70
384
150
124
125
31
111
250
135
265
51
285
249
181
127
145
105
322
376
11
346
100
181
180
278
224
104
98
8
398
188
261
236
122
99
193
255
318
28
150
331
40
244
124
101
204
108
128
350
382
330
172
12
130
171
205
209
75
15
164
330
87
252
130
20
109
197
134
103
243
174
227
116
392
1
232
277
128
18
329
143
103
150
179
344
153
346
68
113
308
258
66
29
399
197
256
277
316
8
253
117
59
189
398
1
129
399
130
115
303
3
1
19
306
31
20
160
190
343
278
72
101
186
86
261
148
140
37
256
295
8
79
172
159
189
300
393
326
270
301
65
370
330
367
393
51
382
6
229
254
143
160
264
273
189
380
105
396
242
299
22
55
1
148
151
301
2
185
227
29
262
144
322
291
117
157
91
184
150
169
369
105
379
151
243
235
262
8
220
172
398
82
262
330
206
369
261
140
143
122
27
367
18
107
67
127
289
143
317
105
283
151
107
289
218
140
13
40
197
67
186
67
115
205
178
14
244
82
149
207
109
373
164
118
116
312
188
159
125
258
293
394
192
160
277
285
133
249
150
354
354
179
336
276
56
322
378
246
150
43
228
27
351
305
228
349
204
68
164
122
304
67
7
119
237
1
109
399
17
210
289
273
1
105
163
105
149
276
16
93
131
12
98
105
150
112
247
138
291
204
382
256
16
218
324
210
31
51
138
34
332
261
372
159
370
29
105
246
209
399
5
258
184
114
109
198
180
324
30
270
133
219
19
122
253
184
224
106
42
170
232
68
16
107
16
301
323
100
275
258
168
243
305
349
37
2
201
257
171
209
48
397
279
111
204
113
122
233
114
15
106
131
124
214
131
245
292
105
207
105
268
204
122
223
16
277
207
132
164
53
107
150
175
89
6
143
393
270
17
105
218
86
235
258
386
49
55
390
6
35
1
149
149
281
164
398
219
200
277
11
131
325
87
114
207
361
24
230
348
37
220
107
229
366
4
105
281
370
172
150
105
152
27
257
242
280
358
288
148
172
262
258
317
173
156
103
254
232
83
109
115
216
285
203
358
188
276
247
277
140
187
89
264
68
312
277
251
275
395
367
110
250
339
51
201
173
31
143
284
138
315
36
218
106
380
376
115
203
250
277
127
356
227
134
34
285
45
133
159
152
112
150
153
192
201
262
361
367
103
279
184
379
214
164
115
103
6
292
28
391
278
138
152
317
105
247
150
261
150
355
277
165
43
304
196
262
300
254
101
115
257
222
393
12
389
1
103
227
150
40
86
122
233
192
211
382
189
19
327
134
399
75
249
301
236
356
81
80
224
313
206
288
248
292
27
398
312
27
1
70
276
1
378
258
239
96
26
344
187
361
67
277
339
264
93
28
104
133
105
92
258
139
389
79
188
284
218
252
186
274
245
272
251
77
376
87
242
341
186
283
1
202
3
302
30
102
16
238
275
86
68
283
250
280
53
14
350
277
220
203
87
329
201
386
305
205
119
379
204
31
100
399
262
12
123
318
84
293
29
83
5
261
188
133
174
103
150
339
209
168
245
27
239
211
51
87
240
204
388
59
67
117
232
103
115
338
105
87
149
297
223
86
262
224
122
351
351
192
99
388
160
360
258
339
372
105
377
156
256
285
258
258
305
224
150
55
45
304
43
258
256
251
392
21
7
198
390
109
180
230
190
228
280
391
18
203
47
336
103
277
34
180
115
277
220
150
307
84
34
384
205
333
374
192
78
87
288
125
16
280
258
2
330
276
203
399
185
56
8
27
277
97
248
324
186
358
75
385
148
40
340
104
126
233
399
119
29
273
226
219
53
121
36
299
270
172
84
246
170
122
174
329
129
389
377
16
312
171
107
249
369
301
318
298
258
164
170
223
186
173
104
174
252
45
318
100
51
219
188
89
132
112
43
364
150
117
59
112
67
227
286
244
340
182
51
283
387
188
105
278
243
386
140
245
317
105
292
109
227
55
152
275
383
16
235
192
224
265
20
82
183
286
102
256
203
147
262
28
230
34
220
186
1
300
372
252
200
302
150
172
26
87
164
262
37
395
114
389
251
276
283
151
256
351
385
150
140
54
48
144
224
9
277
300
27
150
317
31
107
376
350
286
261
103
103
140
243
301
15
186
276
258
40
235
288
161
382
308
16
372
256
391
2
332
379
43
316
248
295
251
301
101
64
363
173
9
379
393
160
28
282
2
210
302
150
109
84
313
310
135
292
273
321
161
267
188
346
261
26
275
320
160
283
140
382
149
56
150
91
242
54
340
362
150
275
332
363
187
370
68
127
110
326
181
68
1
12
12
106
370
150
67
150
187
67
101
220
9
288
93
152
230
223
186
294
376
87
289
14
272
310
335
358
245
133
0
147
243
83
294
398
217
15
188
40
105
130
1
219
75
87
140
179
201
19
224
170
200
237
318
304
280
223
1
223
185
155
277
368
219
306
326
87
360
112
196
268
113
234
367
105
173
40
278
188
201
263
278
27
142
345
380
38
279
336
283
28
115
301
322
68
232
312
172
310
103
173
346
113
326
160
164
174
13
279
84
370
19
197
299
360
34
59
104
77
225
256
68
36
209
140
84
393
133
291
105
43
299
40
34
316
136
382
179
203
31
123
127
320
273
88
340
160
210
155
246
301
56
245
382
6
242
106
372
151
137
37
103
40
258
370
147
200
43
11
28
287
161
55
152
160
261
304
239
125
160
245
373
125
260
11
398
248
44
197
102
270
286
312
52
335
142
70
278
351
223
173
190
46
179
152
385
227
312
358
370
132
152
86
354
229
238
223
336
86
91
385
278
140
117
239
31
324
104
7
131
19
324
114
96
219
248
304
277
318
80
159
279
109
150
300
229
323
287
384
209
255
169
172
270
174
173
389
65
1
126
160
164
306
114
318
1
19
227
71
346
114
229
305
264
387
224
303
27
164
277
168
49
262
174
59
151
131
20
227
27
277
1
286
278
122
344
200
257
257
103
256
105
230
15
293
260
192
260
277
389
177
160
298
268
280
313
233
16
325
30
313
241
75
104
188
122
221
160
19
223
188
115
105
127
270
88
197
19
56
292
372
67
130
74
239
185
150
320
71
248
173
74
46
385
140
322
325
6
338
35
16
180
77
327
21
302
291
292
103
350
31
21
43
231
199
150
186
40
352
105
109
28
207
164
86
34
131
121
374
261
106
128
330
105
300
220
147
200
132
216
97
184
142
83
152
344
219
191
1
120
373
172
262
117
217
115
154
127
105
31
303
342
146
12
319
399
34
250
360
203
129
157
200
227
267
172
281
51
56
251
77
342
375
67
150
247
171
64
351
258
120
204
219
147
15
394
147
242
239
12
346
181
87
297
55
103
105
65
257
278
393
160
109
151
385
336
340
180
84
107
299
171
390
86
278
12
316
292
204
179
1
390
68
15
258
35
1
82
27
259
150
348
241
103
101
157
140
8
77
106
15
256
280
123
236
343
138
336
105
358
115
191
188
201
170
159
127
384
364
192
68
150
150
333
258
140
87
329
336
113
261
124
242
210
380
138
322
115
233
129
172
27
277
40
101
331
256
27
387
313
120
82
105
349
301
31
181
104
389
351
277
298
83
12
277
248
143
276
220
68
43
19
364
86
233
113
46
119
15
338
34
363
368
15
65
127
128
131
348
39
128
362
94
127
283
84
95
160
304
232
130
278
150
36
173
282
246
316
101
164
151
6
151
337
329
278
304
220
133
59
28
264
121
300
189
343
389
373
121
258
259
244
120
99
278
152
150
65
283
366
301
395
245
21
261
203
304
103
247
228
150
24
275
85
17
150
84
243
241
259
374
27
151
105
96
174
383
325
122
283
223
74
114
288
375
87
252
63
101
34
167
40
107
208
190
97
300
231
229
302
1
152
337
184
258
362
74
150
150
181
181
245
387
256
267
262
283
226
346
351
32
129
197
103
206
1
211
279
157
257
57
256
281
218
181
107
245
172
243
339
278
88
276
230
255
113
209
277
382
304
41
121
311
1
161
170
79
256
262
348
399
306
68
379
122
45
266
140
15
31
31
276
105
360
19
43
281
350
376
150
247
30
71
367
165
372
115
101
281
107
241
105
105
150
307
191
122
130
181
140
100
302
270
278
277
270
91
382
105
186
317
386
87
114
68
394
245
223
207
19
167
173
241
149
280
327
107
177
101
239
258
343
318
205
133
391
207
40
110
122
24
143
17
394
336
55
108
232
150
105
20
277
304
281
304
101
234
329
125
204
257
251
1
97
76
164
226
197
304
298
207
292
232
99
204
133
301
282
107
19
27
107
189
55
277
238
352
2
41
186
88
278
125
173
227
179
323
31
347
81
115
174
379
249
184
206
150
200
248
242
246
74
150
288
326
109
129
52
48
150
77
329
47
398
67
150
343
101
339
256
105
273
261
379
77
299
70
354
254
57
4
241
6
12
172
147
114
258
31
65
86
292
106
217
87
354
204
283
299
393
370
232
150
181
87
256
307
239
143
258
382
94
384
55
286
121
199
304
278
114
388
315
15
112
146
124
340
304
197
378
242
372
2
269
275
160
125
103
220
14
307
179
156
129
151
23
131
318
288
183
20
297
244
36
122
55
354
55
113
278
64
80
1
277
68
27
191
105
238
105
307
127
368
389
149
256
116
369
317
258
24
243
46
305
243
158
188
125
160
203
287
170
103
121
291
149
52
127
346
1
370
19
30
68
243
46
215
267
87
262
160
304
128
238
244
179
230
277
124
173
388
37
336
159
7
122
393
232
227
267
137
92
103
346
235
243
68
183
60
129
105
2
273
360
258
87
398
346
301
13
27
34
186
192
306
389
61
128
128
313
149
278
211
316
142
151
211
257
114
383
373
60
165
67
67
16
124
184
378
262
227
227
336
220
210
15
152
206
318
186
385
175
120
253
124
264
187
202
31
373
255
77
382
262
326
183
344
394
340
203
60
227
115
107
321
223
283
134
288
56
57
270
60
28
150
389
369
257
211
304
136
218
377
318
241
117
134
243
109
80
133
159
85
17
339
223
276
236
176
26
313
128
292
67
256
169
147
150
256
271
19
279
15
275
68
149
90
112
52
150
1
202
174
329
189
243
253
223
12
77
106
235
346
34
67
261
199
122
68
391
122
160
95
197
164
186
87
146
360
288
147
121
200
128
348
19
277
257
61
301
348
160
105
82
270
304
16
225
16
103
270
389
140
110
87
89
350
370
382
122
256
79
200
1
86
222
291
152
382
256
275
87
173
335
105
372
78
150
203
200
150
251
180
19
228
79
7
182
362
93
318
243
34
109
374
324
187
133
127
152
15
204
109
362
260
56
258
68
55
101
292
247
157
156
330
152
201
99
23
217
190
348
299
185
387
389
151
239
389
316
230
248
103
27
188
207
169
209
249
197
183
291
376
8
345
285
104
160
170
230
293
278
357
262
305
2
227
242
278
83
65
142
197
150
308
79
311
122
340
207
230
397
19
157
344
390
244
227
351
398
150
391
101
18
83
105
330
322
251
150
34
110
330
13
15
164
104
151
238
34
15
103
48
120
115
304
280
379
172
277
176
142
307
398
116
160
182
179
58
218
116
262
68
304
72
84
156
87
34
336
227
273
175
261
165
86
87
299
261
16
199
75
150
260
393
297
19
36
160
355
336
152
201
340
27
255
105
258
173
15
115
258
1
108
124
255
303
207
152
377
17
60
60
242
37
13
289
227
289
242
251
67
122
96
277
99
198
186
105
224
18
158
374
127
116
250
133
2
188
88
236
55
366
150
354
151
227
323
305
227
248
60
80
186
89
150
174
150
254
186
277
332
277
282
301
150
199
268
166
150
394
365
103
203
71
150
278
112
108
121
388
302
245
68
377
234
160
261
380
289
41
273
292
258
39
288
388
301
188
316
26
104
372
31
69
276
382
238
41
59
320
38
6
234
124
133
8
394
63
395
332
283
372
150
46
300
121
82
312
394
1
261
235
182
143
304
1
150
395
209
31
283
48
184
106
214
55
19
51
256
379
105
156
101
388
188
84
373
55
210
15
28
94
262
17
261
262
140
214
24
115
262
74
47
39
151
162
118
67
16
308
94
220
113
173
227
101
232
160
307
147
1
253
36
312
1
288
31
369
55
289
227
103
28
258
152
105
265
86
332
68
55
91
111
330
372
86
386
364
85
103
180
372
97
350
169
270
118
180
1
161
56
306
165
377
107
181
147
258
134
164
19
235
232
391
396
42
122
262
276
332
69
197
369
302
134
336
43
26
15
101
181
16
277
39
6
395
301
276
275
14
122
41
43
134
1
150
298
387
8
392
362
378
107
18
244
88
135
19
128
129
211
273
186
60
121
31
232
55
330
84
160
164
1
184
122
106
43
304
304
150
16
300
1
147
15
107
112
60
19
16
211
29
343
42
337
124
192
342
162
179
86
303
94
152
147
203
277
389
219
288
228
120
114
68
109
277
136
273
219
67
399
331
1
389
152
24
307
104
147
128
38
278
1
227
246
152
326
114
12
29
250
106
75
303
22
122
86
150
19
127
190
389
67
127
105
15
16
87
19
372
340
8
8
324
77
354
252
103
72
286
84
294
126
186
220
271
240
105
5
285
150
297
266
299
142
34
59
117
384
127
209
136
377
82
143
385
276
122
87
105
150
339
151
135
332
277
46
262
31
281
151
339
197
170
181
277
338
80
74
167
173
45
115
151
201
357
232
161
27
271
120
174
87
19
207
31
351
381
116
134
67
151
122
258
149
186
307
372
399
114
90
203
254
322
129
261
219
223
15
379
255
31
152
304
278
214
261
150
143
57
172
372
125
57
243
29
307
124
227
368
305
69
191
115
70
150
170
250
332
275
147
147
310
184
266
270
124
19
142
312
209
6
232
348
24
56
255
6
20
262
270
277
147
186
203
338
80
179
322
83
301
105
218
204
323
277
368
368
105
105
336
124
359
61
316
101
339
14
227
74
217
262
204
329
149
390
398
122
43
243
67
298
340
242
332
301
13
40
283
214
161
150
369
207
262
385
103
268
31
304
163
342
55
172
334
150
7
381
238
99
140
102
278
116
257
69
341
336
87
38
256
107
105
43
330
150
285
258
129
345
18
83
399
291
243
205
214
271
188
267
360
367
315
181
164
45
275
281
217
17
292
172
150
257
121
189
127
304
351
273
221
176
224
227
27
277
139
309
115
203
219
262
180
198
108
51
315
151
31
107
226
262
174
184
265
181
19
289
82
252
188
271
66
119
107
387
184
358
159
246
16
192
130
191
123
368
354
203
260
203
230
316
398
160
127
99
129
365
124
382
146
375
385
285
277
110
143
107
388
349
0
26
40
230
99
346
125
1
229
127
245
218
122
86
86
325
277
142
235
122
105
127
199
348
55
289
3
202
28
105
13
278
105
178
1
105
75
318
84
173
342
7
184
262
174
179
304
369
207
161
208
105
208
2
274
273
104
23
259
28
314
368
183
144
376
230
360
3
105
277
203
105
343
3
278
179
34
226
227
1
362
368
127
87
58
242
330
44
350
171
386
399
186
66
150
79
223
87
264
34
367
20
1
199
269
115
210
280
243
6
149
312
298
102
171
385
278
115
174
219
340
1
209
104
206
215
309
322
305
37
174
387
34
223
208
243
219
121
105
84
294
46
210
5
241
150
289
170
345
382
133
1
103
307
233
52
20
264
398
68
67
149
179
375
347
184
205
292
243
77
68
53
258
186
13
315
56
105
309
69
143
216
339
364
388
337
214
18
184
179
164
107
391
69
242
65
192
248
298
255
305
379
21
84
395
262
334
383
368
242
101
19
327
345
207
79
345
262
246
292
314
230
249
152
19
387
92
122
45
148
105
49
150
47
278
15
128
103
66
218
277
242
71
115
273
288
199
320
19
150
11
117
31
150
184
171
235
389
192
150
276
230
30
288
186
364
269
355
372
380
31
26
82
56
90
259
284
6
275
345
227
97
103
7
302
283
244
19
40
130
95
109
130
369
152
241
348
270
304
163
121
260
261
134
1
263
70
100
115
19
236
55
316
147
277
186
398
97
364
242
103
39
262
54
303
150
215
183
174
19
316
382
11
92
367
258
317
201
150
69
15
111
227
364
380
15
178
67
109
173
336
124
8
81
207
124
300
203
74
67
354
39
284
89
55
334
2
149
179
144
160
67
387
211
207
175
152
360
87
6
14
378
32
89
84
165
49
389
134
150
109
105
262
277
122
233
292
259
253
3
229
160
184
258
167
330
217
304
109
177
277
260
215
209
350
48
174
115
326
323
149
15
308
306
136
27
234
19
144
256
103
308
280
26
130
389
227
242
185
303
334
351
29
1
236
389
368
225
318
144
97
284
231
58
152
114
55
258
324
34
228
250
14
124
174
366
129
313
347
157
301
283
128
321
191
27
188
389
386
231
159
190
5
203
113
215
161
247
323
32
114
164
175
341
217
74
331
114
109
169
197
242
270
16
32
378
286
367
304
77
328
312
316
301
166
273
192
251
99
235
34
131
376
105
369
152
179
15
316
79
239
1
91
315
281
227
82
358
37
235
167
19
103
160
80
302
289
87
133
120
79
1
218
305
95
13
204
349
26
373
149
351
348
20
239
364
299
283
31
236
163
127
343
67
15
97
261
351
147
147
161
325
105
232
390
341
30
16
1
169
114
5
150
380
395
373
330
83
337
240
69
280
197
209
201
340
105
67
112
367
169
398
379
391
312
207
240
336
24
150
313
128
169
336
91
123
336
110
97
67
107
121
292
43
233
70
318
128
150
281
97
183
19
75
256
256
103
40
54
220
258
106
174
359
392
107
214
350
394
187
277
238
15
149
40
176
303
184
126
56
182
226
89
151
137
120
65
220
34
45
283
100
75
97
319
169
203
199
281
67
379
289
106
147
4
34
215
398
40
109
360
0
317
278
343
252
82
59
87
27
362
172
120
147
55
86
301
314
70
336
148
27
291
342
28
164
206
207
193
285
150
106
16
31
174
20
37
127
389
141
159
114
248
122
235
351
60
288
120
127
152
133
28
157
19
395
398
398
314
169
49
292
367
16
261
149
254
152
394
315
152
373
45
232
6
204
83
391
121
122
68
152
142
309
120
203
160
100
103
12
144
109
158
277
310
227
130
375
330
31
204
317
224
220
281
29
268
256
84
255
233
277
255
277
290
339
215
202
167
385
165
307
150
262
277
27
362
316
264
348
42
180
1
149
319
32
13
114
140
159
60
329
307
363
60
256
117
34
232
268
305
34
308
360
75
19
255
1
374
150
68
389
88
223
261
352
160
245
318
46
107
314
106
6
186
343
376
360
351
258
239
67
37
115
87
169
259
349
64
86
348
277
318
130
87
160
207
66
67
211
207
398
338
22
278
234
203
395
149
351
150
325
51
75
150
161
399
108
183
16
389
393
258
138
312
56
304
315
313
129
152
248
17
336
150
16
294
225
19
274
164
172
103
19
217
224
336
229
34
283
364
91
160
197
142
117
127
105
205
83
372
88
92
207
262
157
336
259
84
74
1
150
2
243
245
103
304
49
242
347
198
284
203
172
27
282
224
1
360
57
214
140
250
67
219
252
59
305
377
37
250
335
339
101
19
104
24
278
389
103
217
379
70
306
106
260
230
30
322
121
360
261
19
6
87
149
101
62
84
337
309
242
161
127
227
239
378
184
68
277
164
159
275
200
58
134
363
122
323
105
40
243
104
394
298
210
163
299
236
115
227
34
297
270
70
79
140
398
200
243
59
230
227
161
383
258
253
331
16
303
160
298
288
234
160
105
242
257
265
276
79
11
104
176
127
277
307
387
232
67
71
304
34
304
345
242
170
322
31
304
38
288
6
227
243
305
262
112
292
56
34
86
150
310
14
391
8
133
28
258
360
84
241
172
101
285
70
243
16
312
257
200
218
144
114
75
245
318
19
13
338
113
269
133
382
345
379
83
351
357
67
143
317
150
281
197
205
312
283
235
113
188
66
234
232
385
19
46
217
19
29
229
24
15
149
0
355
340
201
280
370
149
97
338
322
389
150
330
219
57
149
386
277
170
121
288
373
149
86
57
277
315
1
295
184
280
115
338
67
138
134
301
246
205
150
19
103
134
184
394
50
122
182
122
175
368
372
107
367
150
393
367
127
57
389
127
46
45
181
223
19
127
103
104
316
19
115
95
56
114
398
334
6
192
172
364
236
38
59
105
87
174
151
159
300
389
201
207
376
185
224
207
202
367
121
391
83
16
86
170
143
32
198
268
138
97
395
187
115
277
34
150
164
283
243
262
84
252
122
1
94
179
125
6
394
237
265
277
174
325
1
396
160
142
19
91
206
104
248
164
31
11
247
172
243
385
164
1
115
68
112
279
150
53
399
110
124
100
204
82
245
398
128
373
89
270
351
362
249
376
256
55
88
3
187
21
377
86
341
390
60
115
204
256
367
73
305
311
18
192
384
55
152
204
144
51
114
12
306
79
203
115
60
203
346
190
140
348
95
31
391
5
330
65
77
262
160
1
259
209
87
15
238
301
82
306
333
150
109
49
262
169
140
374
360
101
255
110
160
371
67
384
102
65
178
68
274
37
190
261
127
139
108
214
103
322
151
19
385
176
262
65
140
291
220
121
45
382
242
79
277
252
342
262
391
198
104
250
97
367
339
300
108
215
105
273
204
378
197
268
372
51
37
142
232
389
291
373
199
103
55
149
13
53
330
298
16
129
306
360
326
197
220
188
75
262
382
229
262
85
275
286
277
227
334
378
199
13
211
243
250
303
9
249
262
396
153
389
254
150
337
11
223
141
150
79
77
391
15
372
372
34
351
303
19
251
105
383
304
280
160
59
239
69
351
84
55
122
379
47
68
262
27
2
45
236
79
135
278
122
121
265
100
374
77
262
339
82
112
208
77
339
258
379
73
87
236
190
68
117
277
71
40
379
16
312
296
385
48
55
283
281
67
1
173
371
1
133
210
150
288
26
109
350
217
240
117
152
16
130
79
24
149
315
284
48
186
1
150
379
316
264
123
67
186
68
80
242
26
277
207
124
326
188
270
262
314
351
271
150
74
227
166
203
351
140
31
39
129
209
63
197
340
382
218
37
168
7
20
374
20
114
88
138
255
349
277
105
358
150
258
300
268
136
383
278
1
294
197
87
125
5
318
106
165
86
15
312
12
105
300
220
173
277
173
171
44
149
130
336
278
329
101
19
1
1
301
67
192
127
122
214
103
329
149
91
78
217
15
230
386
127
374
368
184
31
78
13
185
86
172
387
332
278
267
368
291
258
117
321
146
27
19
348
105
48
208
261
26
28
150
129
8
316
7
319
40
285
218
55
260
300
188
34
117
160
278
130
182
16
255
14
37
227
153
179
234
326
240
45
208
232
368
146
293
19
150
82
170
255
37
289
379
104
342
150
230
385
201
149
291
250
31
105
102
30
277
149
27
214
30
64
207
64
256
109
270
360
303
172
97
13
248
339
186
263
150
394
227
150
339
164
214
291
362
97
200
29
392
114
242
152
128
103
86
180
64
169
13
248
204
360
43
134
21
305
261
150
60
372
127
256
15
370
303
351
326
368
257
149
67
89
185
122
340
171
385
44
186
211
16
150
43
372
150
292
105
389
79
172
323
334
14
256
248
105
185
121
264
52
19
45
380
85
284
87
387
393
253
265
34
227
158
181
326
76
289
379
282
68
31
336
209
315
82
39
30
150
150
306
87
164
2
329
351
389
192
134
106
151
105
129
283
323
88
101
68
283
288
13
189
387
233
317
300
243
8
150
102
344
278
240
182
11
352
9
227
240
123
242
114
107
105
291
55
44
278
105
181
379
259
257
84
399
313
355
279
190
216
27
198
378
37
281
380
318
309
91
68
261
84
1
16
171
346
150
304
186
207
338
227
214
95
367
279
291
312
281
346
105
51
230
382
302
71
248
153
45
399
0
346
149
360
43
107
28
106
88
122
86
150
22
261
254
243
277
186
269
109
275
284
345
340
372
118
278
28
55
192
377
232
150
232
143
313
172
15
174
323
350
28
301
304
323
97
150
186
103
192
205
6
204
253
336
129
155
244
77
87
269
301
105
398
209
385
137
345
372
37
73
186
243
317
102
80
277
161
63
370
174
362
280
6
378
282
28
37
97
28
278
189
143
277
306
204
256
316
301
109
172
242
105
117
217
251
276
174
45
288
249
336
174
150
384
151
309
50
139
219
294
304
124
29
318
79
227
107
83
23
60
21
150
28
312
254
227
304
258
1
380
152
1
287
112
281
95
294
390
119
184
306
355
335
278
6
322
336
339
312
185
89
389
150
186
59
325
179
276
152
227
103
150
13
384
93
97
388
269
6
171
396
234
345
150
52
150
150
114
22
171
80
322
304
67
151
207
51
107
150
351
149
83
56
396
88
54
37
6
349
329
261
60
181
199
385
277
255
244
186
271
296
277
285
288
263
68
168
161
20
65
84
132
67
173
220
115
46
291
122
364
128
398
174
86
43
97
294
150
16
336
277
190
122
209
391
389
148
377
19
262
118
4
20
186
283
289
114
87
143
68
275
150
160
222
104
8
103
283
174
235
277
102
152
7
285
159
152
377
140
169
150
127
104
6
27
208
66
224
362
75
6
172
182
363
220
98
203
84
274
67
114
245
200
27
277
389
209
150
389
165
331
1
373
232
140
261
208
89
13
227
150
1
153
268
380
24
46
371
261
123
220
306
6
221
95
48
160
372
217
152
49
233
387
217
258
50
138
227
68
344
157
164
65
355
161
336
216
150
150
235
94
379
345
376
280
57
44
133
56
32
37
6
16
190
106
115
258
171
230
277
258
205
140
122
122
105
21
263
1
185
192
31
126
277
375
369
256
67
185
269
283
330
31
258
166
208
210
247
362
107
86
173
373
116
16
101
354
297
126
327
204
334
242
199
130
241
30
91
214
242
256
370
150
117
104
393
262
200
31
285
175
46
214
346
176
59
376
6
258
240
181
6
9
224
209
68
129
182
272
12
115
150
198
399
391
5
193
207
98
351
212
285
280
277
130
347
161
150
302
220
1
77
55
149
346
180
1
12
263
55
87
184
293
134
245
51
150
121
390
115
130
293
380
243
86
74
161
257
283
324
271
384
180
68
60
260
374
12
198
164
262
226
348
162
210
301
202
103
13
105
201
47
337
306
185
378
365
358
21
248
20
117
106
301
393
200
374
207
45
258
159
107
365
231
179
219
248
188
270
186
1
105
179
384
6
346
331
36
323
232
129
210
147
193
256
1
219
305
297
294
147
350
315
302
186
127
179
358
56
101
148
140
263
45
192
105
12
135
19
147
100
170
147
114
294
210
104
342
46
345
199
149
16
13
1
149
149
121
286
200
28
164
42
147
206
60
358
181
302
149
184
244
150
322
28
270
368
97
255
300
389
160
198
172
203
289
12
150
164
112
307
370
274
278
317
207
82
6
257
270
82
291
181
19
84
152
250
301
106
150
245
292
254
370
150
83
387
358
372
322
34
340
394
43
55
41
105
49
67
147
57
283
316
258
258
186
97
105
323
242
244
14
75
357
153
167
203
291
255
6
160
253
1
255
209
114
164
105
192
11
129
262
129
278
301
316
208
105
150
227
105
16
190
170
30
99
88
105
147
220
230
220
307
138
312
189
122
387
6
63
1
68
356
186
140
281
178
336
133
299
127
365
178
118
199
103
68
227
88
69
43
277
169
348
204
173
325
118
159
207
88
354
107
245
215
61
345
173
130
231
43
227
278
362
148
208
121
107
218
45
121
386
15
97
220
105
372
200
222
84
389
313
150
372
106
95
300
22
166
308
6
150
87
150
35
283
268
369
199
139
104
258
368
374
277
396
40
240
332
169
176
262
1
341
122
138
256
19
331
114
91
305
375
107
62
1
346
68
223
5
245
150
245
18
314
150
128
345
376
160
186
207
199
278
1
302
287
114
104
256
129
101
31
358
326
374
242
277
395
249
26
224
114
0
211
39
278
134
339
277
189
164
248
207
232
314
45
242
351
150
87
201
350
34
190
384
159
21
172
312
28
181
105
107
270
232
278
301
36
209
1
247
375
385
13
336
263
258
271
28
164
218
298
367
262
301
150
86
228
160
104
306
336
265
268
387
276
201
104
250
270
301
28
98
168
331
391
16
122
306
115
261
164
115
3
332
245
188
309
182
395
1
280
109
245
218
217
16
262
103
292
330
255
315
174
37
203
16
301
104
37
253
302
345
83
284
117
28
329
231
142
203
202
277
188
235
283
140
367
269
227
301
284
200
351
149
169
60
39
20
140
149
298
161
8
197
122
109
6
254
346
372
350
192
251
340
227
256
150
150
221
148
167
12
57
91
26
256
326
188
381
364
64
16
136
121
49
380
67
266
180
135
28
206
140
60
312
150
82
257
278
40
160
34
308
372
204
156
184
106
360
398
187
250
398
384
219
173
20
18
369
234
250
318
13
269
79
112
67
131
56
175
166
278
84
295
278
383
263
227
172
217
184
398
142
220
79
143
149
122
336
326
46
192
398
389
339
258
395
156
270
43
343
390
302
380
46
142
128
297
147
86
301
264
340
97
242
244
355
230
147
255
203
269
188
52
67
322
2
79
150
243
150
59
115
192
262
146
220
252
67
221
390
336
257
249
280
382
277
242
135
310
314
24
164
207
164
172
382
281
241
323
380
86
277
243
49
379
298
318
150
201
59
326
192
270
18
57
34
69
30
362
132
20
31
251
19
150
314
284
22
105
159
201
36
174
67
13
1
130
153
217
218
133
16
27
133
252
27
15
8
378
253
220
390
314
169
60
376
264
43
255
16
75
40
254
227
300
65
262
60
207
273
89
247
351
303
49
201
78
247
306
99
399
164
159
277
207
15
44
16
240
18
261
113
391
11
394
186
290
1
69
204
200
227
150
122
56
374
170
20
262
344
7
219
87
147
335
231
77
150
249
277
182
320
190
103
303
97
83
43
51
271
246
292
292
168
283
203
19
37
103
87
30
97
224
87
318
150
316
308
398
186
63
27
250
245
19
268
1
150
149
1
384
123
139
377
28
1
198
335
131
285
262
76
304
127
114
304
111
31
124
75
150
19
252
82
362
258
84
289
336
97
180
19
252
216
97
323
305
67
150
165
124
33
256
387
105
227
382
203
19
27
24
312
7
140
104
308
17
367
115
243
105
369
257
128
60
174
300
333
56
185
273
188
284
37
60
147
351
1
21
164
1
232
151
120
325
16
373
343
249
304
58
150
110
94
26
249
149
331
227
316
124
188
253
376
40
191
331
179
357
277
287
67
207
227
149
27
6
147
160
168
127
150
127
97
330
108
67
47
188
288
19
140
370
186
37
67
65
358
294
258
356
150
174
78
398
124
42
394
130
40
370
233
160
40
140
164
233
87
174
304
170
159
235
262
281
12
83
203
236
313
153
313
203
394
174
329
298
101
387
240
124
22
304
114
204
31
160
51
293
346
262
89
178
150
127
116
172
199
150
150
332
336
8
273
118
243
367
48
219
239
68
258
106
289
138
227
348
283
258
165
316
298
21
21
172
280
227
277
75
261
91
389
115
209
152
123
219
122
265
254
144
11
150
277
306
150
55
37
103
207
179
107
261
74
1
162
274
20
219
277
301
301
164
208
76
249
157
6
28
342
105
15
122
281
306
149
137
276
200
18
127
224
70
288
164
248
74
283
382
227
87
87
81
40
219
97
128
281
57
203
280
105
362
150
70
318
278
244
243
350
227
36
391
343
27
248
18
186
360
150
43
329
253
114
261
306
28
156
217
273
257
253
86
135
131
281
339
106
241
45
150
105
150
360
258
97
261
149
323
373
25
257
305
319
64
376
151
43
67
68
262
83
74
15
351
235
190
105
150
304
150
56
36
188
67
275
105
270
252
398
367
229
207
148
336
213
182
160
247
122
396
312
329
115
79
233
160
134
277
83
249
276
348
252
318
140
199
171
1
16
150
258
203
105
322
227
339
150
179
247
256
53
60
72
87
160
101
357
56
232
164
91
247
263
362
185
376
92
46
313
20
348
270
227
276
181
69
187
256
345
103
306
277
69
372
123
288
247
360
207
8
364
1
179
186
323
199
103
172
292
278
200
287
306
348
164
321
186
329
150
77
92
60
304
150
142
202
51
140
150
97
186
20
122
304
305
395
5
269
251
265
374
121
40
256
8
6
133
87
114
150
28
336
133
36
197
190
220
208
149
332
189
164
384
237
114
207
188
300
99
336
399
16
347
208
142
27
51
217
354
306
103
67
112
360
42
211
288
261
69
302
259
201
293
127
302
399
233
151
179
91
6
324
1
65
256
7
147
362
34
326
98
1
19
82
45
130
232
172
242
306
285
150
21
34
19
206
279
306
152
129
354
172
27
267
382
28
172
377
21
122
221
165
122
31
151
133
277
150
232
270
312
245
164
18
2
40
150
97
24
217
289
134
59
55
179
306
43
180
150
285
27
367
16
16
127
86
210
266
371
118
1
49
372
157
115
19
268
207
40
382
17
129
86
156
16
159
164
376
105
298
358
95
235
150
174
232
199
262
184
115
152
108
68
132
43
2
89
294
229
234
103
267
261
113
249
307
301
227
385
1
290
329
251
2
13
256
150
285
269
1
171
67
67
258
380
305
372
66
184
262
143
232
41
179
192
150
256
192
51
149
172
219
173
313
258
285
211
43
20
354
352
87
18
373
318
27
75
268
115
227
337
121
19
253
364
81
277
150
332
148
184
31
86
347
133
262
277
150
277
277
398
174
304
175
348
324
227
333
68
329
306
2
125
186
75
306
227
40
136
377
336
109
262
252
169
307
243
36
28
44
288
172
362
369
324
210
340
250
395
258
27
288
283
134
277
201
278
389
103
91
253
88
319
30
1
362
16
67
289
351
115
34
28
105
150
216
307
122
40
272
31
57
351
241
101
308
316
261
256
236
341
114
399
360
262
151
330
20
113
204
115
122
68
308
16
253
294
332
399
258
64
249
115
100
6
358
207
319
192
19
346
130
362
117
149
105
1
173
152
185
172
21
151
36
288
148
262
109
100
20
65
16
203
373
139
160
278
389
258
67
289
159
198
329
366
6
83
101
293
360
380
22
53
239
386
324
147
50
160
203
150
287
59
227
97
340
31
127
270
250
314
159
179
235
345
248
242
262
399
339
244
299
28
41
13
182
172
91
116
301
207
330
43
394
373
336
202
301
172
55
284
276
20
376
105
4
224
378
82
300
340
114
97
177
276
67
101
258
255
201
199
278
104
57
220
105
105
364
166
87
95
18
207
306
346
207
253
214
187
118
150
382
185
165
227
125
105
200
105
104
285
199
235
392
150
114
358
207
140
283
288
142
220
340
107
207
329
108
304
287
86
130
322
275
379
258
277
365
104
54
140
13
217
301
182
105
283
16
107
227
336
105
277
20
89
152
204
334
25
258
130
331
192
105
150
43
168
1
103
376
258
114
248
277
225
103
277
149
128
203
269
177
243
265
64
177
27
229
312
227
8
171
193
139
300
1
395
172
149
321
107
103
218
292
173
182
289
304
248
368
201
129
21
230
84
113
185
122
128
103
315
125
0
223
150
150
150
254
19
36
157
201
240
140
365
376
389
184
219
200
368
119
134
360
127
133
304
6
3
207
162
157
207
197
343
109
354
345
289
124
150
27
149
318
160
105
302
150
151
398
87
316
67
130
124
288
278
220
149
281
179
271
167
184
259
68
358
243
262
110
103
67
258
150
103
68
49
105
310
227
378
67
224
115
124
169
317
373
247
270
373
276
389
364
143
16
106
243
261
105
279
130
164
288
336
161
306
68
88
150
62
209
30
126
110
5
189
277
79
184
236
138
236
0
43
27
379
112
192
273
304
2
184
248
16
247
325
150
151
1
133
382
67
339
170
165
358
169
151
69
298
30
150
16
104
344
398
360
281
149
186
288
305
110
356
350
179
101
357
126
277
204
121
236
227
150
245
283
200
308
373
106
359
147
362
197
141
110
150
386
253
181
283
258
360
122
116
394
230
304
379
69
373
236
101
105
97
109
172
112
150
374
211
250
342
60
288
258
60
172
6
182
43
227
6
97
67
101
107
150
150
21
1
379
203
394
103
84
298
366
31
129
110
150
232
223
331
207
149
358
65
127
14
48
109
263
170
45
127
149
379
389
181
259
105
173
227
387
258
152
19
277
1
127
351
243
380
229
189
150
304
181
183
255
179
346
199
272
20
256
314
157
103
55
1
127
149
253
349
380
30
75
43
140
339
6
172
339
255
235
24
171
334
275
116
45
210
12
46
258
87
114
170
19
105
129
266
373
232
394
149
258
174
316
2
217
292
292
240
181
382
188
156
89
77
31
256
150
277
36
5
291
55
38
105
180
110
151
147
159
227
239
274
299
325
147
83
30
78
127
75
151
214
288
262
217
126
210
57
286
330
138
177
358
285
79
181
181
105
7
46
134
306
379
184
127
115
127
242
0
265
17
283
376
265
243
261
28
189
195
220
262
128
172
16
210
166
368
373
164
31
88
31
149
204
299
284
29
51
277
270
69
56
28
305
132
172
253
223
116
161
374
382
173
15
198
298
256
331
224
34
184
292
84
186
171
125
175
243
151
13
46
225
399
270
27
299
328
228
133
267
262
356
276
108
236
223
129
69
305
31
20
239
189
79
188
15
277
125
164
67
181
129
44
380
301
278
242
387
202
70
258
284
179
285
192
227
207
301
309
289
389
150
150
364
148
241
305
181
378
164
260
277
28
268
51
303
398
46
6
82
64
95
335
6
16
43
86
129
109
170
345
277
242
139
278
185
1
143
176
172
243
128
306
204
262
197
306
258
274
152
12
291
31
220
277
280
214
150
60
223
362
389
37
107
351
174
209
240
258
262
190
346
268
266
398
268
24
164
301
14
129
177
179
329
48
58
258
137
102
187
367
19
345
256
349
122
122
202
36
16
18
398
382
214
154
184
399
18
186
209
330
42
316
150
277
208
100
287
43
349
1
105
390
116
115
345
234
229
184
347
127
106
380
201
211
261
328
256
57
57
77
89
351
102
216
24
278
362
128
298
104
314
114
362
306
326
172
236
1
55
68
271
367
139
338
316
175
232
169
329
133
26
283
137
122
342
122
389
220
257
65
292
79
13
261
262
92
178
82
336
355
169
262
277
330
127
301
313
105
12
389
103
185
389
223
256
53
1
149
217
138
209
369
48
227
345
339
150
399
294
219
161
129
155
270
192
233
168
99
374
28
7
127
40
118
172
148
103
82
393
80
197
178
189
322
103
339
283
259
128
279
127
332
225
388
253
262
227
57
227
389
200
1
398
88
388
86
252
115
324
106
323
385
219
188
53
104
28
232
65
316
200
302
240
95
2
1
91
150
150
373
261
329
75
218
198
242
223
105
229
193
112
26
113
42
57
51
361
152
343
382
396
12
351
372
306
288
298
147
169
383
122
242
316
369
64
227
379
19
219
283
77
372
84
136
54
332
140
304
340
277
101
277
261
104
41
286
200
75
102
49
133
277
248
105
16
336
186
126
104
151
219
235
204
229
383
151
192
159
358
149
227
258
391
79
1
103
377
206
174
172
96
249
275
137
373
93
143
230
242
226
217
84
306
102
102
393
122
367
48
75
262
390
122
19
4
131
161
105
27
150
182
48
101
322
228
12
289
29
1
268
67
77
160
26
71
265
34
287
1
373
105
67
37
13
302
238
15
186
283
234
124
252
245
308
348
32
281
150
107
279
214
122
277
390
367
112
288
140
360
321
247
222
18
209
350
19
14
179
182
199
77
393
32
278
206
188
242
140
378
67
378
112
150
303
27
50
173
18
77
80
279
68
256
4
276
95
364
22
375
67
293
376
103
165
277
258
68
250
51
270
235
71
109
242
88
396
276
12
283
260
26
178
68
28
101
199
161
28
165
100
27
170
151
7
226
349
292
366
6
273
386
305
1
173
227
339
316
46
243
74
184
118
253
274
27
262
150
376
24
222
217
185
160
18
234
34
227
207
6
142
302
250
125
386
181
276
128
82
138
75
261
337
67
104
68
210
1
275
386
129
89
304
382
34
285
186
215
105
6
7
80
375
288
270
312
207
103
220
153
144
27
270
152
149
301
227
87
86
134
204
122
229
180
372
135
19
1
358
149
105
122
204
351
6
1
19
304
280
186
316
301
236
13
232
398
256
324
77
195
84
258
236
19
132
136
116
186
225
40
82
109
18
277
87
384
85
204
273
150
233
19
294
198
257
29
203
248
336
243
47
388
214
114
151
28
399
59
103
360
91
299
179
67
103
129
329
365
236
149
304
339
120
345
210
234
20
200
259
315
60
170
6
396
13
277
304
396
152
148
204
330
203
104
132
6
36
380
20
336
69
181
303
170
160
113
129
297
267
370
204
234
354
362
275
262
277
114
364
181
314
307
57
49
82
241
103
354
277
270
302
36
301
239
170
367
109
148
256
334
80
16
30
45
27
43
207
219
317
179
105
387
378
65
151
315
207
268
134
362
160
326
386
105
171
19
399
218
382
67
208
111
270
24
143
104
372
1
304
143
150
208
150
282
92
301
308
1
108
136
387
159
152
134
358
84
21
322
355
278
130
257
397
382
150
97
67
379
278
239
336
224
71
22
348
26
108
134
165
164
288
362
243
176
201
288
173
257
300
173
186
60
274
367
348
288
179
160
227
262
150
151
121
240
216
87
249
393
340
95
256
379
140
370
218
207
216
103
123
79
174
97
240
278
80
262
95
37
280
387
24
84
149
6
249
258
150
293
382
217
58
329
285
256
56
252
84
336
152
102
200
150
346
66
124
139
303
36
236
147
345
148
122
5
50
340
373
127
275
161
79
115
1
280
183
225
87
231
147
220
374
103
115
373
55
351
347
77
223
241
230
41
91
301
48
3
51
334
164
399
278
174
32
160
63
242
190
304
285
389
193
137
393
187
21
330
325
7
315
133
241
174
274
106
148
107
302
385
150
24
115
346
209
129
230
369
351
288
370
360
150
275
301
287
277
115
312
390
204
110
93
385
84
128
394
125
122
140
313
114
242
381
83
223
227
232
390
68
128
28
114
19
84
359
128
173
223
394
18
171
182
142
107
284
188
82
314
316
332
312
376
350
133
277
268
34
94
232
389
115
149
12
148
354
261
150
304
387
357
322
277
150
324
45
318
60
258
133
280
290
171
203
34
129
105
275
317
241
135
77
164
110
367
1
203
339
259
395
79
42
188
16
43
176
201
341
34
301
161
289
11
74
151
276
104
182
380
16
162
167
133
105
333
272
382
278
104
202
6
160
103
184
88
389
113
24
262
164
188
164
351
174
161
91
173
37
34
325
192
298
150
317
61
388
208
262
369
283
41
346
111
127
19
288
203
342
152
341
374
304
160
77
118
150
160
3
87
34
215
84
270
369
39
269
252
106
203
238
262
87
122
248
100
214
207
277
342
151
49
105
236
326
220
183
122
228
333
258
30
122
262
6
55
228
172
192
12
364
257
23
391
227
11
45
179
172
308
376
251
150
1
236
28
199
288
263
39
6
219
256
148
204
105
305
34
63
389
301
159
1
14
67
67
109
55
1
101
103
116
19
39
176
261
284
168
360
268
52
339
257
114
186
185
101
223
189
164
169
342
152
218
128
74
316
204
151
278
172
1
97
114
151
256
74
325
244
59
114
351
40
8
114
34
124
118
230
209
243
340
12
210
203
207
227
101
160
345
160
129
325
278
265
68
307
171
243
233
389
292
258
1
59
304
106
132
150
322
257
150
298
151
16
372
150
304
105
128
99
220
207
219
243
348
82
106
227
304
43
115
262
133
136
380
85
105
306
98
107
15
315
172
264
103
261
116
264
381
173
13
254
354
87
150
105
203
312
20
324
138
138
330
18
389
164
140
303
117
281
153
204
376
131
105
181
127
29
262
99
396
367
302
244
79
258
207
308
188
161
362
95
313
354
331
201
67
377
184
122
345
37
324
384
399
152
1
224
140
285
28
31
120
140
235
101
91
199
233
283
74
126
238
359
235
219
345
68
341
150
179
221
1
103
160
205
118
173
57
249
351
184
192
283
83
316
115
59
186
127
36
75
174
105
316
304
20
168
354
13
251
203
121
86
27
203
6
56
211
108
122
283
389
5
224
268
385
127
86
258
285
51
82
282
302
1
370
379
368
202
369
309
260
179
269
235
20
362
241
228
151
285
262
124
255
53
171
258
312
345
227
18
103
182
348
207
8
172
211
235
109
40
346
199
192
148
150
318
149
302
267
256
325
233
95
36
336
261
258
321
261
64
343
293
229
87
286
97
150
16
40
79
19
105
97
30
1
138
16
396
114
83
109
150
258
224
97
57
304
55
278
99
109
164
353
28
49
116
186
362
236
1
301
285
313
105
150
114
371
377
196
61
77
396
214
112
134
371
160
242
261
43
81
280
203
36
143
199
227
83
232
258
21
189
277
239
346
305
9
372
396
150
398
15
173
399
115
15
207
105
236
52
170
310
326
232
173
242
362
326
326
170
227
65
394
179
279
248
46
1
170
291
107
281
389
195
77
51
318
118
268
157
39
283
306
351
258
122
277
343
67
364
277
258
138
278
6
351
91
243
226
105
150
203
150
283
209
253
164
323
242
262
315
107
366
390
60
181
233
84
26
275
240
45
110
354
278
240
24
380
0
89
256
352
251
68
170
373
355
206
201
103
222
261
168
22
104
280
245
127
160
24
89
82
91
277
313
258
182
220
259
294
207
174
218
389
276
336
339
113
290
49
37
181
197
371
112
68
189
53
6
275
114
51
257
140
249
89
45
115
230
285
140
83
82
109
15
255
314
107
219
66
105
7
281
130
3
38
115
277
68
277
298
358
1
283
105
43
150
256
376
138
227
317
382
16
227
27
41
258
80
313
172
336
283
45
313
283
150
1
124
45
185
313
19
129
304
330
254
37
64
113
173
67
128
357
115
2
283
130
122
115
249
278
59
398
113
142
20
303
262
365
122
79
112
346
388
251
5
28
12
252
108
115
277
152
253
27
152
18
386
74
8
362
150
278
172
266
105
104
220
134
121
109
258
1
6
253
164
270
1
255
282
278
309
204
227
150
150
197
107
121
29
77
132
323
277
18
77
349
246
294
158
101
245
97
274
320
75
86
15
280
276
164
150
345
262
180
305
335
28
284
278
258
3
238
13
338
273
350
1
358
49
256
46
160
245
160
188
135
84
373
16
298
64
395
298
104
394
277
13
254
114
122
258
254
56
36
21
342
192
87
1
227
266
164
95
143
68
262
207
71
150
174
306
188
210
80
299
121
37
300
232
265
167
40
227
396
91
19
164
151
293
115
51
262
31
257
105
340
263
159
387
67
181
181
299
204
109
13
262
167
288
209
51
39
85
340
129
305
108
316
291
165
218
107
112
215
82
127
198
151
273
20
87
34
304
324
199
201
196
150
336
373
264
340
114
112
188
270
387
210
185
121
199
362
133
227
207
396
124
230
19
399
51
278
3
79
394
149
376
115
64
130
265
352
209
309
19
392
303
88
11
40
107
133
287
389
13
45
107
314
44
249
289
115
166
160
241
307
289
43
315
125
117
186
1
68
140
98
245
186
7
77
107
84
316
234
152
105
281
153
185
12
107
116
170
24
150
292
118
92
203
82
12
227
224
105
19
302
151
19
278
304
193
28
396
138
366
372
94
234
173
182
283
399
281
150
128
79
257
355
197
1
282
285
285
304
134
6
161
318
209
325
152
274
210
240
84
201
209
261
28
202
169
354
130
193
258
129
205
398
211
173
371
261
101
31
285
252
242
172
227
360
394
389
308
399
340
43
297
278
192
277
178
103
109
258
220
306
160
103
86
329
381
277
19
12
282
150
291
303
109
283
378
315
332
304
174
253
51
143
19
301
360
370
150
1
262
265
164
297
67
188
280
259
64
326
360
15
105
242
122
67
393
229
316
1
273
256
103
87
229
107
186
185
91
122
208
245
152
387
136
132
33
395
207
66
68
68
28
150
254
262
79
135
251
19
88
177
329
203
312
105
87
283
132
256
227
174
203
16
342
68
222
326
329
292
107
105
181
274
261
48
67
224
315
19
40
346
167
244
109
173
19
39
7
395
123
105
340
152
369
41
313
294
105
249
105
107
173
258
65
150
200
6
227
301
172
170
366
278
104
307
105
89
153
386
306
243
371
27
75
19
241
391
100
153
316
190
0
150
345
382
278
132
110
87
214
197
69
266
354
281
69
55
68
138
188
379
150
208
56
1
19
152
97
226
147
180
358
308
252
352
101
391
16
274
1
207
150
281
153
9
208
129
184
56
1
292
236
255
204
376
258
129
273
99
150
188
152
184
87
258
104
380
11
16
129
221
86
96
65
77
152
125
135
26
16
370
62
256
124
255
346
19
313
177
254
11
206
329
150
150
16
99
0
339
219
44
157
224
329
377
160
99
12
83
232
153
184
277
150
140
201
254
186
150
156
175
204
152
273
152
180
165
53
177
179
127
152
149
16
133
277
101
62
103
224
300
390
390
161
277
1
301
379
103
121
221
105
200
161
277
63
142
227
247
209
133
231
17
360
203
12
59
56
164
176
57
307
39
283
127
362
351
378
279
11
273
380
218
256
201
262
375
69
393
15
258
351
147
277
53
107
371
142
199
32
87
136
362
150
107
299
286
316
265
241
56
43
124
28
229
89
291
262
345
304
280
127
328
83
59
179
336
68
354
354
22
276
59
204
389
2
100
148
317
243
256
97
127
150
243
109
373
255
181
289
116
252
294
147
49
394
351
184
301
107
278
135
224
245
131
179
227
318
122
122
207
280
362
16
129
348
317
217
15
339
372
341
147
20
227
241
285
1
301
305
198
19
1
178
258
316
131
239
268
362
19
27
55
84
149
149
324
378
315
1
225
392
173
71
139
301
122
67
203
220
143
129
307
203
203
314
149
270
309
203
114
140
68
270
251
276
105
182
166
191
203
179
37
252
330
377
379
198
150
208
47
351
40
229
377
97
281
258
122
179
87
15
56
257
14
74
16
304
67
258
108
259
230
55
249
229
137
102
241
99
260
99
105
201
84
150
16
347
261
18
51
330
142
275
77
132
147
88
289
177
65
240
251
1
149
87
347
305
319
203
243
186
103
2
297
358
340
230
48
207
323
227
300
164
55
84
240
133
304
115
108
389
249
262
251
224
172
105
105
79
290
151
112
112
242
354
387
98
349
99
185
34
160
67
121
75
202
80
150
108
292
20
258
205
103
105
121
134
126
291
367
49
270
360
87
258
67
150
82
133
368
105
314
45
84
122
12
254
142
312
140
133
150
1
192
101
18
117
396
315
180
31
203
197
83
70
366
277
99
16
246
107
160
113
1
281
293
197
262
203
19
55
345
281
105
27
379
15
169
127
243
277
382
147
140
291
183
350
219
150
305
245
107
265
360
27
198
239
304
351
150
244
186
151
164
103
101
21
346
389
101
107
346
190
105
96
152
287
278
392
48
227
144
394
112
312
101
115
368
346
126
174
140
150
64
52
190
294
291
100
112
288
389
22
204
203
203
192
333
21
86
215
198
351
176
349
313
124
8
19
127
277
200
188
1
262
351
183
257
299
115
227
166
307
262
96
256
182
4
315
285
184
339
179
241
315
299
86
354
273
301
277
150
8
1
300
159
182
30
307
98
262
15
142
258
207
342
67
370
221
9
64
345
100
87
336
247
122
106
6
394
150
101
309
114
170
182
261
142
387
223
360
180
159
223
109
379
388
152
151
149
151
150
27
368
87
105
1
209
243
97
172
233
221
304
185
255
267
354
326
128
238
288
249
28
125
389
277
273
34
112
74
127
316
173
20
305
389
140
336
6
105
109
48
326
75
305
186
56
391
127
289
244
105
399
186
294
160
34
115
192
204
398
18
180
227
86
150
143
315
134
239
358
155
379
321
385
276
27
20
130
223
56
168
377
16
260
288
105
304
369
243
11
211
24
389
391
190
49
117
232
87
66
26
210
292
284
380
184
339
169
172
192
149
105
129
155
54
227
200
19
41
122
47
161
3
367
218
84
122
159
31
288
368
9
81
199
16
13
69
240
43
150
30
278
367
298
122
300
122
112
262
373
340
272
56
160
226
339
159
292
150
37
294
106
229
251
277
124
31
207
386
203
117
19
122
37
243
246
109
81
221
55
203
387
220
342
86
262
339
187
152
56
87
69
17
5
269
234
46
324
388
84
299
176
75
142
389
358
313
159
288
75
311
291
192
227
51
367
207
220
288
125
366
31
114
242
281
55
107
380
227
391
105
156
46
2
255
322
360
270
51
101
28
262
173
161
123
258
277
379
75
149
312
89
101
127
340
217
259
267
60
399
280
133
149
16
94
210
390
144
34
17
105
45
160
150
19
101
393
49
207
317
207
230
24
277
183
39
312
68
43
212
254
126
153
60
388
16
41
349
373
103
227
174
306
97
19
394
278
175
89
386
379
318
106
301
393
197
150
227
263
218
204
16
242
227
255
369
378
365
282
207
83
234
16
87
172
94
66
281
64
150
156
19
254
160
240
45
329
67
147
142
280
241
186
13
202
105
227
116
273
237
51
292
261
87
135
248
280
39
33
105
262
190
362
1
201
223
31
98
115
358
83
326
292
109
308
15
365
128
173
149
207
246
376
396
258
87
192
91
68
336
336
179
357
164
150
232
199
225
370
218
283
207
244
151
147
204
370
19
321
242
274
143
301
71
160
230
28
306
150
125
229
107
274
18
283
15
234
335
318
330
107
41
140
274
162
368
253
133
287
122
387
270
6
151
105
80
84
105
122
95
127
147
315
152
34
68
263
150
31
127
164
32
172
198
115
5
37
125
258
224
274
162
387
34
107
316
314
149
283
184
385
150
85
74
270
156
97
121
232
220
351
172
43
142
200
376
364
300
82
322
150
214
185
148
150
97
186
291
204
330
155
173
172
162
343
277
392
277
324
142
45
40
105
197
86
198
226
105
100
72
209
362
103
308
80
285
252
159
150
208
1
369
95
114
102
168
363
354
160
307
171
236
308
223
118
323
280
220
129
19
7
19
215
393
150
382
274
97
379
312
269
322
394
92
109
228
150
374
247
172
55
340
82
129
18
112
109
342
170
316
87
253
79
369
174
67
24
300
363
124
283
258
241
354
12
88
329
85
184
394
198
276
26
57
336
55
292
86
378
301
53
55
101
277
7
221
90
372
13
233
285
239
277
174
354
122
188
367
258
270
129
394
303
151
32
147
227
219
105
385
355
261
130
258
329
150
127
273
314
172
396
300
165
174
150
206
261
306
174
55
1
373
112
288
220
334
351
151
258
389
31
16
277
151
241
50
37
223
13
103
4
150
117
7
309
204
150
262
318
261
88
149
307
263
292
291
372
221
123
122
336
261
56
51
262
264
6
203
338
204
372
124
85
223
137
396
193
227
49
245
186
227
104
101
389
19
227
99
133
314
159
140
253
51
245
326
281
253
131
188
127
317
395
331
180
136
302
51
219
150
128
2
117
351
301
236
263
372
253
302
86
124
388
105
371
394
302
307
379
133
69
75
114
254
116
235
243
19
298
255
109
351
100
227
304
150
376
269
298
188
86
140
105
198
12
27
288
276
377
24
294
294
88
376
34
219
67
373
292
329
75
362
138
395
109
235
249
150
32
174
17
15
219
157
226
164
398
293
178
201
150
114
351
134
146
268
370
323
133
103
220
288
279
51
150
107
8
164
298
150
283
105
150
387
92
358
180
362
281
324
243
261
380
243
131
312
276
52
398
168
288
79
136
15
74
74
134
107
151
18
150
115
349
104
15
176
91
37
239
58
253
284
150
109
110
162
160
373
199
220
398
198
235
6
164
122
153
114
239
280
122
362
131
58
105
109
52
164
87
203
95
134
340
173
51
299
181
230
231
144
311
264
360
301
256
351
192
300
150
227
129
226
321
122
227
189
186
118
154
104
87
224
256
186
289
186
32
160
66
109
159
230
161
231
67
286
122
378
307
227
105
31
387
131
203
245
243
258
17
154
373
150
44
214
25
262
79
39
367
118
251
188
124
169
330
383
269
28
305
35
77
348
195
384
241
306
241
367
66
391
150
227
140
143
184
289
379
313
65
42
19
182
227
65
190
248
398
27
399
283
101
293
351
385
189
360
123
109
198
214
336
306
153
67
289
151
263
13
291
258
242
134
188
166
153
172
170
321
202
235
204
336
183
236
13
222
218
173
307
16
314
227
20
285
79
319
172
193
313
16
20
363
88
305
67
124
133
220
215
67
385
179
184
184
187
150
89
379
174
32
258
238
367
243
376
87
219
75
140
174
107
258
175
60
150
67
379
110
302
105
204
288
288
285
17
268
242
316
122
29
105
109
58
112
61
135
205
217
254
95
236
275
302
67
121
207
67
9
28
105
129
214
300
144
384
227
399
179
19
207
336
183
373
192
362
239
151
197
134
171
276
67
67
117
150
149
258
236
224
68
48
254
192
230
231
29
21
339
103
227
106
150
115
259
323
315
385
255
211
105
288
300
260
301
298
36
392
288
27
251
264
150
179
367
133
150
31
67
9
278
173
109
68
223
95
262
103
323
67
19
391
103
1
22
372
303
202
330
389
115
101
150
110
150
220
47
261
80
331
130
127
38
134
172
326
149
7
285
230
162
172
15
338
122
302
301
27
232
163
232
28
255
286
301
40
51
273
60
278
209
198
207
79
8
284
149
358
224
79
204
294
255
27
377
398
278
107
226
2
302
129
174
368
387
288
302
312
185
243
261
277
87
358
256
255
277
107
153
148
88
19
258
140
114
235
229
348
60
336
175
200
235
97
259
115
150
26
15
302
83
118
322
258
268
203
121
86
18
334
326
198
306
150
239
362
255
399
19
204
245
114
348
274
347
39
278
386
58
56
396
220
70
1
16
179
103
25
298
301
195
8
274
334
129
183
86
326
150
156
325
120
283
218
327
394
100
224
284
322
313
164
176
109
86
334
247
267
107
336
16
18
173
105
261
301
207
82
325
204
105
147
395
40
172
83
68
285
87
80
68
34
101
1
302
72
358
340
266
258
157
214
117
92
230
171
34
317
164
24
94
280
182
97
124
256
153
244
174
88
261
256
133
121
308
243
91
286
227
49
285
125
285
374
143
139
181
322
230
19
18
28
181
399
124
88
40
117
329
243
105
153
65
276
232
148
19
229
185
174
103
325
138
289
123
107
3
399
278
179
367
315
362
150
150
109
1
232
348
105
192
99
43
339
149
16
86
303
87
379
57
314
22
325
47
97
187
186
288
115
41
207
152
105
87
312
362
43
28
244
217
164
107
339
8
245
67
275
388
253
18
102
247
203
220
268
147
97
206
217
152
260
314
326
67
55
314
274
5
22
226
22
207
396
235
362
40
46
399
250
104
304
359
235
245
186
362
281
107
129
19
362
227
233
218
160
159
183
208
370
375
105
6
253
381
150
16
351
336
29
144
350
134
1
189
271
127
21
103
395
172
313
108
41
68
258
329
101
150
29
288
19
147
172
40
13
151
191
323
178
201
107
299
227
262
105
134
219
329
257
150
123
80
313
171
152
269
254
106
100
55
250
258
174
142
222
124
30
28
149
247
372
152
362
40
258
292
74
220
399
169
376
324
370
174
274
143
185
226
220
127
348
150
262
241
103
97
302
307
293
329
128
304
129
378
189
306
340
238
15
31
104
273
205
101
177
53
161
230
372
395
157
230
245
325
134
384
113
15
55
53
280
128
288
234
44
115
236
362
369
388
333
207
69
249
55
313
257
180
95
250
301
59
351
90
389
18
150
94
152
180
34
273
150
354
304
101
277
200
37
351
6
122
24
388
220
55
2
242
379
11
21
109
216
282
235
149
375
300
102
371
150
107
115
350
377
360
122
347
208
230
138
103
256
367
121
253
372
261
322
148
114
382
324
262
285
292
278
377
150
382
40
256
235
27
304
289
37
109
360
185
385
150
51
214
15
243
1
77
150
144
183
11
109
20
30
1
298
46
21
22
396
244
354
379
122
31
299
98
294
147
67
171
220
257
184
172
64
128
379
30
108
127
281
288
134
3
150
223
370
152
377
38
125
317
232
67
370
256
124
19
268
238
189
254
389
388
258
157
395
358
24
235
67
186
217
1
149
40
343
253
122
228
149
241
240
377
40
329
150
329
345
215
218
111
27
262
67
367
371
387
277
192
277
292
162
114
183
164
140
206
360
186
0
298
42
242
187
245
270
56
105
308
38
148
232
16
19
339
130
378
286
339
311
204
277
252
194
134
245
301
87
234
276
1
272
203
88
208
367
1
127
156
46
27
68
55
143
228
88
181
1
379
107
77
311
203
121
289
115
160
266
102
361
249
307
103
28
337
362
307
276
107
385
64
87
232
312
102
68
15
127
23
138
74
203
102
248
287
256
277
147
184
388
302
233
261
55
109
67
267
131
48
180
133
307
28
367
107
220
152
379
162
99
277
39
360
152
104
358
254
185
262
394
143
211
243
262
99
277
340
372
122
105
170
1
306
339
282
156
1
76
399
313
324
300
67
278
388
261
241
300
200
186
288
362
55
244
369
281
130
322
224
121
382
347
232
16
129
114
245
208
306
339
153
277
334
179
210
224
153
352
51
43
291
304
250
126
168
24
322
150
186
204
168
374
91
184
286
164
301
242
223
172
214
184
216
84
6
283
355
147
280
312
318
115
370
211
185
192
251
301
150
291
58
83
334
64
12
236
283
139
186
122
391
372
13
393
149
60
278
239
109
373
107
127
1
275
115
258
179
275
256
174
50
105
278
217
258
55
355
373
143
285
129
187
40
6
199
16
157
293
379
167
376
189
105
329
304
56
107
393
160
142
55
86
261
151
150
278
252
375
278
219
182
186
284
167
345
256
182
184
143
172
150
45
1
236
167
37
362
121
325
113
97
117
265
388
74
243
272
135
31
156
284
223
49
389
149
1
120
258
101
323
99
68
188
153
130
127
117
18
395
91
193
394
322
130
275
200
129
122
91
8
1
34
349
140
79
108
186
382
292
68
150
227
59
282
125
367
264
254
393
326
143
129
3
378
12
243
142
28
369
256
278
336
8
387
13
107
293
12
303
136
190
31
201
286
97
150
133
41
277
150
203
11
351
186
346
278
20
39
227
258
43
121
258
286
256
83
2
255
282
329
16
107
316
160
277
257
150
340
372
160
338
230
113
104
47
216
192
329
207
304
172
252
26
329
142
301
21
67
56
12
351
253
360
9
19
145
92
122
42
29
389
282
67
150
3
376
256
277
40
75
236
224
316
226
309
30
103
109
253
191
160
27
1
54
258
388
317
19
105
97
94
129
23
283
34
318
189
289
289
92
336
213
244
242
172
272
204
159
104
389
274
356
339
15
34
147
115
308
140
313
57
324
376
48
345
150
84
142
360
330
91
6
261
279
304
24
164
239
342
278
379
55
276
200
331
235
181
211
1
74
277
257
259
156
18
138
207
29
233
354
398
385
115
180
306
330
56
340
63
260
172
360
304
116
53
227
161
152
277
180
253
390
150
13
109
48
227
198
37
18
31
232
395
283
56
316
142
150
149
136
174
43
385
391
219
147
394
198
147
243
261
69
292
56
122
289
361
382
55
58
6
388
293
357
279
149
84
220
103
45
232
339
115
156
14
301
388
320
165
68
140
338
245
278
140
346
59
199
115
391
352
150
320
150
150
0
6
149
172
127
183
27
20
258
277
87
317
208
371
109
188
165
67
160
230
37
325
338
56
172
77
243
313
172
385
0
278
143
289
164
77
127
278
348
43
181
304
169
19
355
287
358
115
284
302
122
200
20
69
150
166
150
307
218
292
382
122
1
170
68
62
22
298
326
262
257
236
67
9
288
274
127
36
200
277
14
277
382
103
125
399
391
67
261
142
235
6
149
34
77
190
150
174
22
228
199
243
394
385
165
203
362
184
1
102
242
301
332
84
287
2
230
70
69
254
109
107
109
26
114
14
294
55
67
284
266
55
223
375
86
43
242
296
339
40
51
174
127
220
365
144
60
360
43
267
1
256
329
79
288
28
337
277
85
150
89
79
40
67
150
132
200
258
260
97
348
186
124
186
142
258
221
277
340
170
105
186
299
283
178
107
150
306
279
298
219
34
115
15
275
30
227
340
274
122
275
214
19
51
284
150
124
340
248
205
122
214
204
253
270
277
166
200
26
317
158
184
133
