381
215
395
211
334
313
329
240
132
166
48
176
169
131
109
100
61
83
237
276
140
344
380
41
311
265
375
98
271
216
328
230
287
216
271
168
3
316
304
40
238
215
286
209
228
375
194
363
242
246
331
316
12
58
241
94
162
397
38
227
77
56
319
68
395
116
199
380
51
183
7
320
148
114
80
97
324
395
293
43
77
98
356
94
370
174
285
181
389
73
0
155
140
156
383
59
136
209
105
228
331
251
109
116
45
44
184
377
364
170
70
359
397
392
282
132
364
57
24
172
89
1
149
281
46
51
329
216
228
204
346
354
183
28
308
72
25
98
326
185
354
299
364
101
135
342
208
181
305
394
17
65
37
136
150
314
83
296
152
0
244
183
91
171
62
247
299
172
186
373
352
171
16
371
310
214
296
109
350
356
84
212
2
146
292
170
110
113
115
272
242
208
36
74
43
229
200
75
119
48
246
395
180
109
217
265
274
322
365
368
283
237
230
106
221
160
389
167
189
116
275
137
273
223
232
24
112
20
316
127
257
71
216
344
125
149
208
11
235
80
169
7
294
154
355
171
392
240
326
83
74
378
95
84
17
59
79
368
69
152
81
123
242
377
375
196
335
14
97
307
311
377
203
149
377
17
333
147
79
275
197
373
122
71
154
193
0
42
113
302
380
84
231
193
51
145
316
65
16
83
295
295
147
68
0
149
166
75
223
229
399
49
377
361
71
105
198
264
319
153
72
58
236
25
41
129
199
104
89
34
292
330
143
215
155
121
346
227
249
68
176
16
310
117
41
234
44
301
398
357
228
325
179
66
367
18
121
268
275
139
32
72
261
267
215
2
221
58
74
90
118
33
270
29
198
89
92
150
280
53
248
183
180
343
388
307
386
199
268
304
120
134
227
179
7
230
218
376
16
133
312
322
331
302
204
21
128
205
18
182
50
212
238
248
87
164
291
289
201
2
382
106
11
62
142
217
145
288
138
10
182
242
349
361
397
310
75
5
322
273
396
42
168
242
121
254
309
384
120
164
364
267
347
142
81
182
158
38
357
197
150
43
19
269
133
187
166
209
114
48
212
261
103
363
123
122
53
182
85
383
138
264
42
20
27
291
172
293
288
317
65
261
209
227
266
355
398
363
148
202
285
140
14
87
263
110
245
152
43
206
266
69
78
94
228
275
250
87
148
176
392
227
297
11
138
215
50
79
222
14
327
303
99
364
143
58
181
263
278
101
22
366
169
67
88
95
240
110
250
120
376
82
261
21
204
351
253
281
316
189
110
219
61
287
44
343
159
38
322
192
306
360
309
146
25
263
95
224
47
224
326
145
279
238
390
320
151
308
144
250
383
296
269
292
223
74
67
307
208
49
52
154
168
17
133
288
224
92
24
123
163
366
257
322
360
19
396
224
370
285
282
339
372
11
178
18
42
237
274
263
200
335
28
32
163
86
16
247
228
72
279
28
244
253
40
240
348
339
197
186
7
234
93
161
235
344
131
70
194
164
1
393
106
366
292
187
380
140
378
388
265
111
236
329
388
2
353
145
120
80
314
336
352
171
24
255
384
280
184
313
223
79
60
35
317
161
86
275
103
263
155
258
58
124
270
323
37
169
51
29
36
199
32
35
153
190
11
177
335
38
322
241
148
151
109
145
235
11
260
136
127
306
343
80
333
298
342
331
80
149
241
36
203
367
381
320
63
341
50
196
29
260
352
168
332
14
177
319
161
200
303
93
219
82
189
337
266
366
277
180
36
231
57
308
329
48
380
207
270
90
163
244
56
265
298
256
20
295
180
84
190
242
137
179
247
377
193
388
24
208
68
272
57
114
380
76
188
34
394
340
317
144
366
264
43
335
232
300
180
276
5
44
45
227
52
106
246
196
63
126
251
34
108
19
132
246
146
73
160
201
258
355
40
285
47
25
44
163
249
209
355
317
380
260
162
25
211
159
101
199
105
166
194
20
271
358
205
199
88
72
267
196
364
330
256
146
69
259
316
376
105
277
145
276
352
46
180
362
277
173
224
316
330
239
53
243
48
50
299
68
331
398
319
120
274
217
352
270
207
367
241
34
302
41
204
289
10
257
179
310
32
85
379
293
79
174
18
366
131
362
179
218
297
34
67
239
56
44
299
189
128
211
325
395
324
135
367
88
306
304
10
1
278
68
180
58
183
294
330
276
184
201
176
219
44
286
89
255
30
191
240
0
220
270
235
356
340
214
92
133
251
348
162
375
301
128
14
267
330
189
131
150
262
150
110
55
43
17
106
235
172
128
387
107
388
175
186
54
159
310
230
170
339
214
140
352
318
42
39
59
212
240
323
104
61
80
243
320
293
384
242
118
154
296
311
76
181
127
32
398
67
190
157
147
245
187
360
146
333
367
20
87
152
143
204
361
40
309
108
351
171
128
123
347
242
144
348
37
64
316
387
161
375
203
367
240
345
311
268
394
191
114
77
393
55
3
294
143
67
49
310
23
108
262
360
199
41
382
196
392
322
276
135
44
89
116
244
45
286
94
260
184
59
192
313
388
131
272
271
162
20
105
346
266
307
263
348
244
274
389
348
185
325
221
149
287
339
364
363
30
321
292
364
311
106
284
276
221
41
323
337
219
116
294
46
200
347
287
314
55
327
57
130
22
308
175
216
252
85
242
161
71
233
3
77
59
275
51
254
208
275
213
368
14
118
367
258
274
82
357
266
246
209
132
69
131
358
338
73
35
387
68
202
372
309
371
140
210
128
233
21
391
41
263
151
7
280
383
327
58
336
91
32
97
375
59
231
362
193
209
66
323
76
227
165
257
85
140
368
109
171
237
235
146
10
365
278
301
38
160
6
14
4
71
360
203
99
358
388
17
70
225
133
68
73
357
94
30
108
372
59
47
328
14
133
127
147
382
137
220
293
225
290
155
75
61
37
253
118
341
357
231
284
281
46
258
220
60
55
259
282
316
267
179
90
103
104
85
389
82
194
303
290
62
286
350
134
368
46
214
227
377
394
286
64
255
34
393
133
179
367
290
289
32
56
205
287
83
336
229
155
332
1
10
154
258
36
380
64
185
340
295
227
338
220
357
364
15
360
87
346
93
397
311
246
93
394
196
130
206
366
121
383
1
95
56
359
8
385
21
171
90
357
382
134
372
297
64
263
360
285
289
100
255
334
326
50
69
59
339
84
285
176
254
213
8
311
147
287
240
283
171
231
364
239
3
91
386
69
241
9
390
344
87
305
243
267
166
260
302
9
267
45
321
84
24
6
305
217
82
110
366
70
195
226
207
69
185
165
337
38
258
43
66
390
317
252
189
67
347
267
175
129
274
175
107
267
85
147
316
119
315
54
271
7
345
105
190
320
119
30
330
297
308
158
397
213
215
62
311
101
37
298
379
278
172
114
217
182
152
3
303
173
165
195
167
163
12
72
110
287
185
353
94
176
392
112
234
170
239
43
123
338
191
274
184
161
310
193
110
247
151
266
265
178
328
136
111
358
257
280
65
264
242
386
292
268
349
223
69
43
267
186
397
80
371
241
23
325
25
170
171
116
20
52
235
375
288
114
323
30
299
137
67
238
180
205
56
79
253
84
75
9
178
158
80
312
353
36
293
329
377
296
268
11
208
266
244
373
70
268
362
234
120
373
66
376
38
157
65
248
226
281
341
340
288
144
175
261
268
300
42
392
300
1
313
253
370
298
303
310
103
16
77
156
136
9
374
44
194
242
238
208
10
162
87
325
65
279
71
158
359
149
318
116
378
259
350
280
1
132
363
305
43
193
369
195
239
386
179
177
15
210
100
149
23
272
48
27
314
169
74
292
150
26
81
243
386
208
382
125
83
379
257
319
22
146
288
106
286
205
248
294
293
155
262
71
5
73
245
136
262
49
143
339
326
136
269
235
221
207
393
141
56
92
227
317
181
158
282
74
314
115
119
86
355
290
209
248
294
335
70
361
234
164
87
73
113
93
105
313
336
80
247
193
186
242
218
348
29
344
85
286
61
72
312
261
13
29
375
30
313
165
356
209
188
271
52
88
339
193
215
98
385
147
127
374
296
314
47
348
4
396
365
164
277
87
138
387
367
190
272
180
307
191
214
215
238
93
87
123
178
107
228
71
12
284
364
18
73
81
309
0
355
103
354
152
371
49
98
313
23
80
282
296
246
58
383
88
10
342
210
200
330
53
293
100
235
41
380
170
184
241
174
111
64
152
319
192
71
364
304
164
173
119
246
97
192
361
347
140
166
316
356
40
34
368
285
80
134
212
243
319
309
77
160
81
73
142
277
263
261
268
300
341
141
94
282
79
279
273
351
51
377
6
166
386
17
181
238
195
13
178
162
320
166
330
136
136
44
212
217
265
89
101
113
327
184
333
363
369
103
390
190
150
64
12
9
140
304
153
193
395
108
398
159
247
41
34
31
67
329
161
322
113
394
198
187
9
136
384
107
39
308
137
311
341
121
239
326
157
133
85
339
338
320
72
275
364
176
87
325
150
380
128
332
305
381
232
23
351
372
285
394
114
313
147
41
343
318
320
167
34
217
232
346
28
270
323
55
194
178
83
34
234
51
224
164
129
299
286
156
97
305
156
331
221
73
282
126
272
332
334
55
172
174
122
72
140
86
262
353
345
227
31
25
316
256
369
128
208
396
328
149
9
211
54
84
386
384
251
242
189
297
332
186
385
210
307
243
221
74
183
105
199
163
208
149
293
39
219
232
333
153
30
320
46
155
201
211
155
303
182
198
109
6
158
352
34
295
196
105
79
356
304
96
31
295
0
265
10
188
392
236
131
137
62
38
268
38
120
95
346
318
347
264
246
131
366
38
85
74
270
375
116
253
266
336
303
121
13
150
374
63
10
306
81
169
306
262
108
324
366
264
289
11
184
76
366
243
173
313
267
38
243
367
356
341
53
173
371
336
132
381
176
82
399
123
398
279
67
46
366
116
15
347
64
277
124
226
6
231
53
4
378
312
130
57
83
384
45
360
12
398
218
293
391
221
112
215
385
122
16
74
4
329
37
151
360
19
395
159
368
169
246
210
2
95
212
376
262
30
349
103
269
160
256
145
113
360
107
331
227
145
249
286
80
134
50
86
3
312
17
188
210
318
313
113
63
178
39
396
147
378
8
245
348
188
132
311
53
248
200
379
110
108
112
180
393
350
234
113
203
337
153
357
369
58
132
231
195
34
312
143
169
214
146
325
313
310
198
79
220
263
65
272
55
394
346
257
108
30
335
131
215
41
372
74
46
27
204
18
225
277
92
72
72
293
261
293
102
99
89
22
98
75
232
219
302
13
108
206
274
365
215
288
316
381
32
32
199
390
238
180
196
71
179
393
50
208
1
297
334
29
238
77
285
93
54
166
135
324
369
373
102
218
234
303
51
227
277
100
149
31
100
275
128
124
215
212
289
218
110
303
211
197
114
278
305
175
274
336
196
229
133
322
297
246
99
132
315
87
311
82
319
306
353
312
319
155
332
266
362
141
144
61
208
387
8
194
250
171
379
207
283
338
348
9
347
281
273
146
143
275
183
181
70
303
218
108
76
119
201
97
67
355
55
329
73
313
343
97
230
384
13
113
37
19
135
230
135
124
144
155
260
302
55
126
65
336
110
126
108
179
239
377
56
90
4
191
290
281
105
301
211
152
384
376
342
145
86
88
112
339
333
343
229
41
181
94
375
77
393
273
31
264
274
223
284
131
122
365
53
92
21
374
300
76
356
378
119
268
394
363
393
389
360
81
376
130
162
21
10
138
60
331
38
379
342
209
152
394
388
312
373
139
281
207
40
156
215
26
356
267
239
216
172
349
15
387
265
366
304
354
319
215
146
376
331
232
115
385
264
117
316
204
266
16
190
392
7
97
248
83
154
366
263
343
68
107
27
82
77
314
378
295
171
167
49
283
285
351
366
4
27
117
215
354
172
39
326
37
11
23
225
365
385
234
141
72
348
22
315
318
254
289
387
333
386
67
169
14
306
68
133
54
194
385
84
398
205
52
317
203
280
395
385
226
12
160
300
10
178
1
242
91
344
209
173
302
30
298
122
355
289
251
154
391
32
290
292
7
248
310
172
172
340
40
120
145
295
276
105
284
203
117
185
112
169
388
342
387
306
201
191
269
33
109
388
251
23
241
76
149
18
199
174
213
286
133
244
54
90
197
11
371
383
79
234
64
362
341
167
96
160
63
287
238
25
101
231
256
33
75
251
158
251
280
324
152
145
229
364
134
31
225
288
46
189
161
213
160
216
231
326
78
267
186
187
279
283
68
117
324
188
79
223
371
359
347
335
204
167
181
161
361
10
132
53
289
118
230
213
257
387
40
28
381
235
195
98
123
26
302
204
183
311
86
337
174
321
334
178
333
368
94
321
244
73
171
124
209
262
385
229
208
84
244
30
218
282
124
183
65
125
202
133
120
344
366
130
346
315
157
136
318
383
127
308
205
353
189
32
364
157
360
316
39
390
49
214
77
232
8
342
319
160
390
25
54
265
359
323
218
39
270
186
236
245
318
314
244
293
26
183
397
225
244
129
226
78
335
377
127
42
200
321
102
342
91
330
392
115
36
203
359
229
220
246
85
287
292
119
195
51
27
299
281
236
369
250
213
249
207
239
276
264
215
276
75
391
26
70
260
150
272
152
135
188
386
37
235
237
127
337
389
297
378
327
31
129
398
227
61
236
183
372
356
261
170
356
343
51
92
379
320
194
141
368
175
61
107
206
250
108
264
232
350
170
195
36
190
89
16
327
67
146
65
285
338
149
194
218
211
192
267
331
96
20
381
167
338
343
98
62
225
188
100
255
330
135
377
306
305
311
219
379
193
224
192
178
310
305
199
291
155
75
18
157
168
301
100
72
148
297
183
136
20
235
163
212
63
227
274
179
107
206
44
211
345
345
352
149
167
127
383
43
51
264
348
27
250
253
5
172
50
387
310
139
77
19
324
349
46
32
215
15
269
172
2
26
193
266
147
139
366
177
93
262
365
354
363
15
100
34
43
160
157
371
182
285
112
10
101
327
122
343
344
78
300
239
209
45
254
203
143
384
106
128
1
149
42
228
4
123
340
139
290
154
132
269
316
325
6
61
187
173
177
233
274
305
69
203
374
49
353
129
378
100
86
331
0
43
145
126
345
194
223
339
1
356
374
173
162
213
197
330
137
228
286
340
221
265
69
188
168
322
349
206
132
134
205
77
241
299
353
13
217
12
176
362
161
154
58
241
69
85
288
90
389
356
13
31
82
81
315
119
303
296
357
163
370
315
14
344
296
36
181
175
317
242
150
229
361
258
83
307
254
384
131
284
177
374
333
252
351
363
62
40
378
223
201
192
134
142
172
39
207
8
389
166
328
391
211
387
152
376
85
208
278
247
56
315
215
105
228
307
78
147
299
94
162
41
72
219
145
281
304
31
234
235
317
61
307
361
230
85
280
233
285
157
42
325
169
357
255
121
164
172
294
357
99
248
102
78
70
295
398
146
78
29
348
217
216
271
250
141
71
304
7
208
255
6
120
353
83
100
223
25
149
301
275
346
34
262
22
127
47
215
85
57
122
332
183
339
323
185
355
124
399
223
391
193
290
194
391
86
117
225
395
201
298
198
67
110
183
238
113
195
276
86
321
19
38
204
33
140
234
198
106
196
257
289
214
191
140
330
253
8
22
48
114
12
0
345
309
356
166
324
22
309
108
21
254
128
263
109
57
28
116
281
179
142
258
138
125
203
97
376
73
335
35
0
114
309
88
347
119
187
25
163
89
3
328
212
329
298
31
329
350
151
243
48
356
226
337
306
27
285
350
22
156
174
210
159
351
56
226
354
53
242
199
349
20
137
53
293
357
167
383
86
108
352
9
313
78
44
385
201
397
139
119
115
366
391
194
346
335
55
275
107
321
136
96
103
11
261
295
58
92
236
247
129
34
354
280
366
70
130
105
231
365
310
390
138
361
358
276
395
82
259
264
249
311
327
215
70
19
282
271
46
184
234
99
390
45
313
101
103
324
393
261
285
256
184
112
21
328
398
180
172
170
379
54
391
66
309
349
66
68
144
376
250
383
182
109
218
390
308
160
394
167
97
234
16
222
248
352
352
16
192
264
266
305
362
265
199
21
132
299
359
127
38
334
399
35
313
80
48
19
112
168
258
105
109
119
53
111
211
352
281
287
173
380
188
308
252
261
134
297
66
149
365
126
301
194
382
373
221
215
13
205
98
250
399
108
87
313
52
239
311
320
56
388
287
257
184
157
64
25
260
331
351
255
324
74
199
212
282
228
325
372
338
283
194
188
225
151
164
73
99
322
104
281
287
316
60
342
8
34
323
118
399
71
14
319
23
309
309
222
221
151
56
345
257
42
38
134
376
251
5
94
0
254
41
259
51
275
177
271
364
189
51
198
302
62
174
125
169
137
218
146
358
358
185
145
355
81
188
136
330
201
20
89
252
128
50
116
319
64
8
237
240
87
247
139
248
275
238
336
56
281
316
138
381
221
110
160
272
25
115
314
292
42
375
245
12
9
296
240
46
306
288
234
50
86
82
51
66
116
112
271
35
287
169
171
35
57
372
100
10
332
2
305
388
348
333
40
396
165
232
124
336
66
1
332
93
334
94
55
117
8
379
22
349
377
144
84
118
240
220
160
38
202
250
222
292
220
40
398
381
16
117
395
122
306
232
298
153
363
28
397
82
272
134
317
24
57
284
190
376
139
257
352
65
12
36
274
266
248
330
187
181
369
245
328
257
250
230
374
104
298
90
286
99
115
96
120
99
31
188
306
176
288
180
265
111
151
166
114
29
71
52
307
306
399
64
221
259
211
105
354
44
343
139
273
58
231
133
115
201
126
96
291
251
344
1
79
25
196
315
300
286
200
101
341
314
277
103
195
207
214
54
265
12
322
10
230
115
176
124
38
194
134
279
102
249
376
297
231
188
178
109
244
15
380
33
19
98
90
4
198
160
319
338
5
285
30
254
277
96
195
320
67
85
378
80
120
35
220
203
252
0
391
255
361
332
199
139
291
197
316
140
96
107
49
294
362
234
211
127
205
273
305
231
191
162
287
152
174
395
392
195
273
298
375
240
255
229
47
27
30
283
126
269
268
121
213
60
317
364
288
275
257
194
113
157
7
230
296
286
359
262
44
131
191
133
12
308
346
45
166
1
56
338
180
192
60
314
366
368
164
50
101
182
288
60
360
187
121
373
174
377
348
65
365
339
394
83
22
379
372
374
372
183
341
31
315
124
262
272
382
311
221
206
245
142
295
327
110
216
54
15
145
179
13
81
345
157
36
86
184
41
121
293
230
40
180
341
174
166
183
384
254
230
106
202
344
28
364
203
27
256
231
231
333
187
229
350
279
278
275
170
191
231
287
286
145
278
249
353
367
67
217
311
161
59
302
383
135
22
270
38
244
100
302
344
166
360
95
3
302
185
132
5
202
311
20
361
26
18
230
174
83
90
129
279
226
302
9
83
113
11
34
259
72
223
41
115
276
332
242
140
283
254
216
116
62
262
22
116
90
327
284
101
356
133
245
192
205
163
141
390
120
190
72
138
1
143
269
274
251
283
71
71
183
380
336
21
380
254
220
234
240
80
177
263
79
148
165
314
297
333
57
26
137
245
384
217
358
22
41
277
197
345
242
255
376
177
286
90
317
30
209
29
16
57
232
387
135
306
98
352
76
335
48
148
233
46
117
2
368
393
91
342
318
160
14
141
387
173
321
114
10
105
83
354
329
375
26
129
244
31
132
199
259
166
86
105
305
212
34
1
51
347
390
197
372
129
260
296
313
133
16
231
163
171
340
250
364
362
10
37
299
131
69
30
167
34
120
384
147
145
266
288
354
372
156
215
226
64
111
365
162
16
209
390
100
61
319
39
379
301
120
181
305
84
33
341
275
322
72
318
225
94
150
254
193
15
355
14
276
108
184
295
129
395
317
356
311
237
30
181
207
239
135
243
261
339
351
272
24
212
196
157
323
297
82
352
237
371
16
284
261
128
54
357
380
23
181
357
134
228
174
46
197
219
320
115
389
254
79
365
184
206
240
280
390
137
183
323
287
139
118
67
236
3
231
290
383
195
45
55
88
236
107
317
69
227
368
58
182
252
383
339
156
52
298
176
343
345
130
97
118
287
272
85
255
290
265
294
160
140
392
260
373
343
157
361
207
118
86
230
49
237
54
314
119
211
215
60
2
129
169
385
325
152
294
73
70
336
222
397
230
360
330
253
353
252
133
344
218
61
184
31
315
347
105
349
92
102
9
346
0
282
35
217
47
222
94
8
138
151
41
15
32
64
54
257
150
160
134
389
24
255
217
201
13
391
312
95
349
94
365
155
341
90
107
115
360
167
115
61
323
327
150
97
397
345
366
377
217
319
188
335
165
213
253
243
212
93
357
134
159
75
299
250
398
347
147
269
249
54
189
367
135
279
39
189
186
342
316
215
86
304
221
195
384
138
351
44
155
129
196
72
346
198
33
182
313
284
61
194
281
259
255
211
316
199
82
178
396
138
65
92
250
252
107
337
238
60
334
72
264
178
366
83
263
52
231
109
212
226
298
195
210
340
340
148
367
308
211
338
105
247
125
253
52
348
153
319
336
110
52
113
233
158
229
187
105
17
137
53
37
168
223
127
139
106
237
54
202
29
89
332
240
130
5
82
282
159
21
359
207
322
101
65
26
76
177
364
283
121
301
292
100
387
147
246
278
13
140
255
303
369
322
140
262
26
128
345
137
355
71
179
189
339
139
371
246
205
367
136
371
102
340
181
11
125
147
46
82
109
35
326
42
230
125
185
288
261
118
383
2
85
66
245
167
83
240
172
160
69
9
285
312
28
43
18
245
361
396
107
181
344
23
155
241
244
358
30
222
261
79
10
185
312
100
215
236
32
304
239
318
148
63
205
161
114
248
291
116
348
119
289
233
57
37
25
63
176
114
303
220
260
235
210
355
393
222
283
175
147
307
114
158
47
95
102
72
247
336
122
32
13
222
150
52
121
283
146
116
294
229
150
70
30
270
396
147
159
287
276
136
314
173
219
132
115
158
285
289
154
71
291
309
303
210
277
134
316
294
229
297
145
366
389
175
69
51
54
169
176
163
97
350
378
338
388
244
221
174
304
395
304
235
160
52
254
308
214
199
15
328
182
213
234
115
147
24
182
238
388
356
159
333
193
327
123
65
186
201
224
226
314
204
199
233
182
29
56
250
326
378
56
149
98
388
43
352
10
369
24
294
307
174
279
399
300
367
134
99
180
174
228
246
87
325
374
347
203
393
325
368
142
16
5
305
167
43
184
278
157
186
124
224
317
2
164
184
148
147
244
196
95
35
27
246
262
145
26
302
210
78
369
218
116
193
227
295
205
123
257
220
185
235
65
266
374
304
90
331
121
40
314
148
20
70
120
370
222
353
128
204
241
40
381
251
340
344
23
101
245
323
44
391
105
35
132
110
48
123
224
30
302
125
311
180
138
325
381
294
239
231
204
183
252
253
97
13
123
140
184
348
152
180
181
149
21
35
20
185
138
251
3
92
157
334
73
65
230
278
20
304
45
220
137
176
233
177
63
232
351
154
195
53
64
138
21
394
127
292
220
132
35
316
37
386
17
371
396
284
228
210
66
216
83
382
113
258
315
396
107
90
224
248
397
161
164
167
287
36
149
187
171
180
97
258
350
254
270
104
245
131
260
265
236
353
121
378
282
327
176
221
244
337
261
392
155
123
330
325
14
213
187
197
302
378
302
178
261
270
165
250
190
96
298
247
248
344
336
96
188
67
29
229
230
95
290
147
392
36
134
3
208
271
367
318
173
80
153
155
292
251
349
334
48
190
287
382
271
126
94
382
279
269
57
112
241
203
106
396
116
386
33
137
106
289
76
72
372
371
139
142
186
399
157
36
182
312
16
77
248
197
209
287
327
373
165
162
72
299
97
290
180
283
365
315
366
112
24
252
123
267
243
106
188
310
29
166
384
84
68
14
96
387
166
170
90
167
236
275
111
154
36
343
268
198
240
130
283
198
107
234
170
337
23
166
127
373
19
325
86
304
82
105
75
168
277
269
60
363
286
33
365
339
204
171
321
76
101
171
387
290
241
52
140
234
321
113
284
345
199
308
90
387
25
177
31
202
69
48
229
179
135
360
167
305
17
278
66
314
160
72
281
171
159
285
1
278
120
325
102
121
370
104
48
75
197
53
241
290
88
242
9
267
394
168
183
368
359
45
28
52
394
39
7
316
103
157
41
39
161
128
195
44
142
161
20
240
360
16
340
299
283
139
394
321
4
65
192
234
100
92
225
321
162
212
3
254
116
39
100
72
196
399
337
68
369
33
173
382
206
304
146
333
145
386
93
290
228
104
396
334
43
100
208
233
95
81
232
155
213
152
117
201
141
362
340
131
190
196
336
124
317
309
300
156
21
279
370
55
50
227
235
136
53
279
38
310
188
370
198
72
332
328
210
353
94
116
182
270
158
109
150
106
122
18
343
351
154
251
326
155
40
149
334
80
101
285
62
350
255
114
282
98
341
104
32
242
23
54
266
358
200
284
117
337
156
213
97
315
291
397
278
286
299
232
182
99
136
11
376
193
183
393
207
174
178
205
288
111
111
164
331
306
260
40
220
244
353
346
174
278
219
75
317
369
139
199
297
3
301
156
161
30
273
75
396
91
159
15
91
191
169
142
397
35
383
193
61
132
116
315
126
264
93
313
122
78
91
10
28
264
236
6
110
211
118
111
264
1
293
335
315
10
358
2
216
99
209
155
394
201
135
30
34
202
78
19
33
399
364
216
32
292
182
39
395
28
143
332
252
377
1
239
249
229
156
36
283
323
233
38
137
279
32
282
307
367
327
310
198
247
180
134
193
130
319
17
175
14
378
374
0
347
76
180
255
217
371
363
66
165
18
69
244
355
301
200
200
132
192
1
78
308
210
301
137
120
22
66
159
264
306
259
237
363
377
143
130
360
119
360
26
51
260
235
20
339
200
86
271
48
302
310
17
198
71
137
339
146
63
165
92
389
394
131
374
262
21
40
366
13
211
376
266
296
361
232
42
41
150
190
201
112
22
334
130
83
181
353
212
264
118
27
24
302
83
15
379
318
246
87
237
46
221
345
214
250
197
160
157
303
295
195
43
338
63
130
274
374
49
131
131
384
358
192
22
278
377
21
146
360
334
191
110
336
376
73
42
134
153
336
57
266
210
106
121
337
37
334
303
17
156
371
164
237
252
282
0
366
170
144
384
382
265
102
79
328
34
167
377
110
170
317
275
126
15
143
16
12
217
311
307
315
397
380
339
192
375
337
32
21
0
242
263
257
42
276
271
18
319
156
289
287
75
116
61
345
231
328
356
3
269
72
54
243
162
92
13
274
310
243
335
386
197
49
299
388
197
240
301
46
153
228
195
352
117
351
6
267
29
301
72
67
276
82
99
218
94
245
80
255
42
236
195
302
141
141
65
164
50
345
124
81
191
5
266
1
112
194
379
321
377
338
262
236
58
297
191
0
340
80
47
109
65
24
22
262
210
189
353
384
138
271
327
74
4
179
108
385
297
36
398
82
397
128
377
372
391
111
45
371
6
75
293
171
19
387
127
243
396
256
346
289
153
260
147
324
326
37
270
138
288
102
88
48
80
106
389
321
255
159
69
99
77
374
69
138
30
65
91
190
155
300
244
93
311
94
259
85
140
220
391
224
290
333
92
310
398
102
291
209
364
163
378
282
191
325
135
287
318
389
128
387
145
59
158
280
270
111
327
201
267
330
209
35
368
321
189
128
390
321
319
162
388
267
86
223
117
355
33
91
69
104
190
267
112
147
62
330
361
28
179
232
225
340
342
202
214
236
1
124
284
6
306
181
353
172
185
182
103
204
284
36
71
164
246
34
278
349
395
345
164
263
53
339
326
183
250
343
392
49
393
222
318
361
314
356
70
189
71
264
21
162
107
170
307
363
180
217
230
60
70
75
267
367
52
9
3
305
285
113
258
94
344
330
217
171
69
263
125
49
153
164
349
247
212
359
158
347
360
107
214
195
106
140
52
385
51
82
189
158
31
359
268
288
85
33
169
96
285
74
101
50
266
162
64
15
17
273
174
294
144
231
266
50
223
72
364
260
22
7
397
121
22
218
375
318
96
327
152
129
235
217
102
32
254
208
192
111
154
203
218
328
77
97
144
313
265
243
386
305
141
238
351
186
286
218
37
352
260
28
98
89
241
226
314
46
270
287
270
52
340
130
287
247
300
391
382
117
324
367
51
354
222
247
273
242
288
330
249
176
66
399
187
185
25
80
297
312
188
219
19
175
178
368
98
182
23
379
351
219
170
36
208
356
316
236
48
173
33
363
349
367
283
331
334
205
279
25
190
349
94
110
278
147
217
214
259
66
208
214
148
195
253
160
301
90
268
205
216
101
96
163
92
187
48
367
184
21
31
122
21
21
4
95
134
222
31
153
250
28
40
147
276
68
396
216
17
1
338
28
2
176
36
79
153
376
108
60
130
53
327
196
136
79
186
275
30
350
370
268
58
46
133
384
117
153
195
1
56
248
266
288
185
156
361
113
54
391
232
53
358
359
212
119
79
192
266
397
293
291
358
142
336
57
219
341
51
100
257
74
190
373
69
22
80
33
141
165
259
153
34
136
397
277
220
93
4
232
354
194
353
142
385
364
37
81
333
339
262
393
213
83
250
323
2
26
95
285
63
332
217
158
302
300
281
181
379
219
373
141
141
218
351
216
52
393
299
272
353
173
245
82
51
300
290
385
320
81
83
255
77
63
135
384
165
364
391
22
258
27
62
56
60
60
157
122
66
260
355
99
382
63
334
50
386
71
197
245
186
33
39
373
136
336
356
9
294
143
42
316
121
254
101
50
323
63
40
125
328
2
359
68
130
24
134
41
221
309
181
48
180
321
333
63
35
191
207
259
144
129
66
242
390
219
282
228
169
300
40
94
142
212
104
197
227
283
156
189
129
160
219
228
374
356
238
14
65
347
236
142
306
380
313
149
78
218
42
189
262
240
283
260
298
140
390
202
44
138
125
128
246
177
196
320
314
339
303
278
225
263
58
385
284
19
127
151
43
331
389
202
359
323
122
39
335
177
328
269
252
242
81
289
205
323
177
123
251
335
43
25
179
25
121
86
162
227
235
61
10
67
359
68
381
199
368
179
253
373
242
148
336
95
168
377
205
78
110
221
350
62
376
345
328
398
144
278
41
155
289
274
35
15
324
311
364
370
116
383
323
340
280
228
210
363
9
0
101
377
101
181
58
207
211
343
378
81
35
68
74
262
263
181
291
46
375
216
226
198
393
147
2
151
255
347
125
386
39
253
338
182
127
222
246
69
291
139
397
208
128
30
50
280
276
359
137
345
109
281
297
211
294
148
360
311
341
332
42
105
153
19
111
183
25
172
308
12
191
336
110
382
183
378
278
167
35
307
323
311
180
144
374
109
191
271
197
256
195
191
17
259
64
70
355
227
194
244
256
52
334
60
320
302
282
131
274
307
353
21
312
229
201
269
358
391
54
291
130
335
221
258
249
283
140
91
52
357
100
130
266
222
54
182
265
9
134
188
81
267
142
196
399
138
203
353
170
331
53
0
330
205
128
154
253
20
245
196
363
12
246
304
81
344
352
271
126
365
210
299
145
397
78
334
141
117
356
77
102
22
152
391
377
157
148
237
174
14
26
30
45
298
212
95
392
73
288
329
29
277
194
335
199
288
361
283
139
248
90
37
309
110
25
336
126
234
66
154
101
161
26
289
325
217
81
158
331
91
331
213
101
52
119
75
340
386
358
90
282
235
161
134
327
106
16
319
167
190
160
151
224
104
85
234
116
205
208
19
130
207
333
20
354
17
348
292
208
169
246
296
129
148
271
326
237
341
360
60
389
357
336
297
140
27
358
320
189
6
77
40
238
211
223
368
292
66
125
153
311
130
300
184
385
135
343
59
376
310
263
38
301
298
76
198
14
248
308
137
363
137
92
355
31
396
322
120
113
24
307
125
187
259
233
376
392
7
59
177
306
152
174
204
112
188
246
33
81
39
279
98
175
341
362
47
29
135
118
298
288
139
116
283
293
341
175
73
23
362
397
264
233
310
367
30
186
295
318
182
34
226
153
68
239
5
260
167
110
84
366
363
285
303
298
55
159
297
5
386
180
265
159
61
84
325
20
394
317
287
268
244
320
321
38
90
48
187
318
152
159
214
268
30
332
323
104
276
293
298
131
244
134
33
259
370
327
19
275
25
188
317
240
172
117
154
313
156
79
158
344
328
132
241
240
127
226
60
369
339
348
213
276
390
112
399
5
182
141
361
38
262
188
182
246
94
367
185
282
235
243
14
191
311
194
48
61
376
268
82
0
29
326
202
349
190
26
386
67
157
273
281
43
237
43
202
256
138
38
12
130
133
315
124
87
293
49
125
209
137
384
268
290
395
68
5
322
339
353
11
253
182
13
299
87
135
169
96
354
367
166
359
230
183
63
39
120
44
231
7
2
212
328
74
151
162
105
130
227
27
25
18
91
342
154
31
316
122
59
156
253
34
20
276
195
357
224
8
365
8
45
342
350
50
296
362
238
368
336
208
385
225
356
386
28
118
342
59
103
117
219
119
78
231
302
114
114
294
107
157
348
342
270
2
297
97
76
318
375
25
354
200
103
350
233
112
151
189
80
21
125
3
341
141
201
262
225
196
61
308
48
373
206
136
338
152
203
318
377
137
61
240
214
39
384
331
166
54
45
247
30
310
49
398
287
58
51
210
57
207
153
83
312
12
133
221
198
267
136
54
184
175
12
340
130
374
41
245
143
97
0
60
124
177
131
61
361
244
54
127
315
240
347
264
26
348
148
323
86
23
291
21
148
62
147
303
221
119
368
7
350
294
90
91
399
298
382
112
381
256
104
382
224
212
136
303
37
251
64
113
288
398
339
390
85
228
352
190
334
241
311
263
287
379
26
187
203
209
123
96
356
202
13
280
112
212
259
114
15
114
327
123
195
17
84
96
218
187
360
196
178
45
132
222
24
68
67
253
118
382
273
249
205
253
12
304
295
176
318
35
106
305
157
290
222
206
165
146
63
75
296
337
39
88
118
350
232
34
73
18
195
337
396
327
157
8
335
177
61
104
375
43
115
29
83
160
248
338
389
91
358
384
191
365
65
360
232
278
222
340
130
343
237
267
296
332
55
128
395
92
149
240
57
322
16
28
53
140
1
330
43
363
291
18
176
13
241
103
241
71
277
362
323
304
160
57
324
268
221
132
209
297
135
361
252
253
147
37
215
261
18
368
304
157
128
335
136
16
370
231
201
12
228
163
298
175
120
226
283
343
235
190
86
125
92
106
320
80
344
188
84
158
310
299
213
252
360
273
208
41
151
33
181
324
310
277
11
172
255
158
290
340
315
0
324
127
332
297
354
69
197
308
355
114
38
275
223
216
355
304
308
353
169
349
324
209
39
240
333
232
166
168
84
345
27
206
179
358
261
151
168
364
118
103
174
393
390
296
144
34
198
323
328
193
367
7
309
56
272
278
255
49
189
222
161
213
67
284
336
61
292
255
28
165
158
53
349
229
399
197
119
178
47
106
13
17
64
235
103
257
126
175
366
95
221
291
44
110
226
8
32
187
325
198
381
153
66
355
210
34
305
344
50
23
8
332
59
237
229
108
366
70
115
223
113
279
112
155
11
201
14
158
92
197
84
261
38
384
218
354
111
76
270
58
332
70
334
399
198
157
145
342
11
232
151
358
98
388
12
312
27
158
124
167
320
300
154
285
51
265
17
150
136
362
393
159
318
228
74
165
221
124
343
234
210
304
11
344
154
356
250
362
47
53
263
149
224
345
193
179
126
22
157
47
220
363
19
146
123
306
369
59
377
325
75
63
70
106
92
329
303
352
383
170
33
321
158
149
46
214
183
129
354
194
102
260
79
177
379
343
39
307
343
77
134
9
17
36
323
298
295
80
14
273
234
281
223
4
118
181
28
203
380
182
344
140
291
3
191
94
116
379
47
54
350
50
49
52
367
230
163
40
222
332
16
9
146
107
5
69
352
321
316
279
12
241
157
152
148
363
333
290
399
274
104
133
332
372
284
223
343
39
275
315
251
25
101
230
4
291
102
101
175
362
178
115
216
77
1
351
312
23
222
218
360
181
265
256
274
41
227
129
294
197
292
242
259
145
187
0
109
53
328
271
215
248
320
83
169
234
373
215
317
237
194
110
307
118
113
13
178
121
26
285
1
331
321
76
248
59
121
198
19
138
6
93
173
151
319
77
205
126
380
305
91
326
84
286
20
66
88
59
383
180
90
212
215
201
277
302
253
11
211
285
249
69
121
13
345
43
135
246
229
316
58
64
358
108
172
272
308
125
387
277
161
293
155
376
8
195
70
240
40
103
140
248
293
275
204
323
20
189
291
138
43
346
137
396
272
100
253
307
386
263
375
62
130
143
141
195
295
249
44
380
36
297
382
377
35
44
284
345
229
205
146
27
397
373
184
181
274
84
261
195
114
152
135
187
14
352
67
233
369
44
48
306
150
54
164
71
224
245
146
307
71
91
55
103
84
137
254
159
226
252
381
389
328
43
346
266
15
367
207
310
98
49
17
10
52
143
154
288
383
252
155
258
119
93
269
253
91
236
114
169
144
258
308
223
331
365
324
236
141
187
141
127
156
130
57
271
195
314
254
339
352
137
155
70
23
119
42
245
290
172
139
144
338
157
41
7
27
379
392
205
155
327
134
297
307
324
188
181
390
218
58
24
189
130
255
34
173
16
221
9
296
393
266
282
34
225
308
331
333
173
70
247
23
172
149
178
241
340
312
384
175
95
50
234
392
128
149
379
108
9
22
362
364
95
140
162
78
148
264
265
179
260
13
117
296
111
271
173
209
104
98
199
355
373
139
289
318
321
323
363
143
389
112
119
249
316
338
76
131
258
170
311
42
326
48
9
103
286
180
271
185
156
136
129
217
128
67
12
315
350
231
65
182
255
5
336
304
41
146
266
160
88
391
37
6
64
143
212
371
3
92
120
162
6
324
312
389
331
321
163
36
142
95
72
293
36
383
380
3
68
264
259
306
80
290
320
0
20
3
34
228
365
175
109
20
306
122
258
342
286
221
246
62
208
359
95
97
51
121
148
363
299
143
90
103
128
356
188
171
143
328
359
225
289
324
174
35
228
339
29
74
75
264
233
228
94
398
94
180
36
325
54
102
265
146
81
394
226
373
375
326
124
293
302
246
81
15
151
149
151
0
143
213
261
177
131
237
69
303
191
66
289
217
68
236
303
4
254
161
78
61
336
122
92
65
176
259
392
255
76
353
131
396
87
98
263
330
111
51
361
335
318
129
82
318
33
288
97
12
395
54
176
114
189
207
257
292
57
397
18
308
98
128
125
19
362
275
140
125
41
72
292
81
192
160
317
344
204
202
250
186
44
341
353
332
237
212
1
199
188
89
35
9
61
288
284
247
391
18
206
29
280
173
157
74
314
13
150
101
150
249
358
197
73
222
229
352
202
345
258
40
132
192
370
293
46
45
242
306
79
224
280
350
359
129
312
4
36
23
31
367
270
29
262
270
354
165
211
78
3
300
280
329
237
325
184
38
0
314
111
198
129
392
261
228
238
36
258
370
339
314
207
280
346
212
85
89
8
248
333
194
5
11
175
14
282
66
345
305
122
12
185
136
208
249
224
55
332
329
383
56
138
259
220
262
298
368
257
158
348
49
362
294
109
188
12
227
6
392
31
169
21
48
59
41
145
154
167
100
126
302
10
27
274
340
113
181
238
93
96
126
240
72
366
319
60
263
334
70
266
245
202
17
335
360
138
43
319
128
4
51
5
150
386
151
20
362
71
109
2
196
269
101
374
192
45
333
118
324
135
233
256
397
376
330
146
347
62
231
238
141
33
349
177
300
3
134
170
30
76
273
386
96
329
385
117
66
262
250
370
82
171
377
247
375
395
237
396
45
293
319
150
92
126
219
394
62
122
181
45
132
295
338
142
129
271
235
144
65
163
327
188
42
134
277
333
19
96
370
126
15
48
204
269
392
247
292
376
270
296
72
214
300
72
293
289
86
138
136
186
65
28
201
224
154
103
160
248
137
305
94
388
70
145
304
23
361
252
162
387
394
16
71
366
273
190
324
222
223
312
262
40
53
61
327
176
369
160
92
104
350
337
189
95
259
303
93
280
150
116
131
152
172
68
172
257
398
75
269
273
58
398
359
321
175
145
322
380
396
73
395
56
16
127
62
100
56
150
277
219
275
83
253
369
85
79
226
370
97
356
391
213
131
256
215
130
138
22
395
170
246
101
123
5
2
149
331
165
243
40
70
377
46
206
279
396
355
5
98
58
394
264
7
50
186
329
116
161
13
335
278
74
8
67
257
193
301
298
142
50
139
174
399
192
257
231
186
353
215
350
84
162
39
59
46
346
395
50
364
280
331
173
71
298
200
106
222
296
299
353
254
60
294
319
205
154
22
195
3
318
255
144
56
203
240
305
284
221
76
251
166
119
193
381
371
302
110
279
40
114
302
145
331
219
60
128
250
270
94
359
24
119
357
26
174
391
203
354
383
62
374
369
227
145
15
4
162
90
248
343
2
112
82
139
143
104
216
121
137
261
330
129
301
118
286
183
271
78
130
91
102
267
136
380
123
336
109
34
279
306
45
85
118
396
152
326
178
200
192
384
238
117
59
119
384
133
209
258
77
67
82
223
318
50
233
164
119
200
173
168
55
91
398
23
218
272
112
47
153
186
211
75
300
211
30
126
83
19
257
213
396
126
74
250
109
78
102
376
80
301
205
184
368
75
207
346
87
211
36
245
219
183
60
270
173
42
15
64
281
318
138
309
385
251
13
77
333
387
202
293
15
330
68
210
177
158
252
82
210
122
346
97
40
13
143
151
360
298
378
395
392
171
131
127
83
382
124
322
56
3
381
219
334
90
150
168
183
176
397
384
216
273
356
313
352
123
390
267
4
78
237
337
109
111
389
177
330
256
327
279
164
380
309
322
237
108
376
288
23
160
117
376
46
310
131
152
240
186
53
204
381
286
49
236
335
44
96
247
390
5
284
296
80
92
117
13
211
11
202
142
312
209
46
361
178
392
314
37
337
342
246
116
44
361
46
284
307
22
324
240
148
88
40
370
317
374
395
298
193
21
338
121
126
112
234
225
141
340
20
204
117
199
188
115
355
152
185
213
290
381
265
48
307
37
15
153
24
42
389
216
112
118
37
118
186
339
133
272
11
271
234
219
250
187
194
334
351
206
68
258
218
275
71
326
38
215
229
238
36
56
398
71
308
301
148
280
177
93
352
379
367
330
289
21
201
139
191
191
132
70
177
220
16
2
223
7
335
186
258
113
69
379
362
42
102
209
363
151
85
380
55
104
291
75
185
339
269
264
45
321
300
214
365
159
119
132
331
74
126
196
206
92
93
158
332
93
82
100
37
337
313
167
120
254
280
315
51
358
341
275
172
131
321
305
271
280
182
194
65
257
327
9
0
174
368
382
5
295
238
114
23
154
230
222
213
234
212
231
26
191
87
251
200
351
152
308
83
185
233
365
281
51
191
374
329
89
8
193
195
227
169
122
330
31
46
115
382
26
142
304
64
324
66
39
341
168
147
77
324
71
150
219
151
247
270
376
349
374
9
37
160
86
305
39
382
248
76
154
306
286
285
87
328
131
228
164
295
272
13
336
333
47
204
359
251
229
13
0
200
27
202
1
333
284
22
268
184
286
293
199
164
242
297
315
113
55
340
247
77
218
223
256
322
149
260
111
329
128
34
263
24
9
171
16
131
261
296
258
31
99
257
230
374
391
226
185
247
234
32
159
44
310
18
275
90
24
340
39
180
363
116
217
170
172
36
359
272
70
267
350
18
385
74
116
243
240
337
259
157
129
183
186
387
349
58
397
256
20
176
97
296
88
245
126
308
348
63
383
391
49
222
132
242
327
354
349
291
106
296
245
83
371
309
115
273
258
347
386
239
14
395
220
226
168
137
327
104
206
22
129
27
203
218
50
56
366
192
99
351
112
331
244
36
34
47
166
302
209
299
372
204
344
79
315
249
126
58
319
62
195
10
289
315
144
56
251
310
119
169
224
51
117
229
31
197
22
399
148
76
220
345
68
168
253
384
81
190
378
273
127
120
384
170
328
392
238
279
119
340
193
1
397
257
153
59
211
266
123
233
321
299
223
353
15
18
19
282
351
367
234
199
258
326
140
265
36
210
341
334
107
352
40
165
224
175
20
301
388
278
281
319
383
310
106
45
243
80
214
295
280
107
165
357
359
385
329
211
88
297
196
20
172
197
233
355
266
25
168
93
55
312
58
86
287
36
172
14
282
16
80
352
229
29
185
8
8
34
284
323
373
88
9
271
115
301
363
24
280
382
134
85
378
239
93
187
369
253
142
105
382
377
99
234
166
318
88
388
145
30
217
217
42
91
184
153
124
175
110
69
205
194
345
19
264
178
52
170
22
16
161
287
255
325
60
18
88
0
337
220
219
155
8
124
344
285
264
2
171
82
96
96
141
338
62
281
31
190
249
396
108
358
246
295
377
187
203
105
125
201
166
247
254
218
2
355
74
385
399
8
313
113
227
319
308
308
113
79
119
228
249
120
19
268
360
296
372
360
108
16
352
395
196
211
369
95
9
281
83
111
343
89
259
28
248
167
375
203
375
375
397
388
276
118
65
19
256
176
248
293
156
241
325
64
25
234
151
42
38
272
32
359
187
67
259
247
10
213
306
350
98
262
217
294
228
260
273
201
245
136
240
33
251
129
222
63
27
265
28
26
286
219
354
161
216
121
161
24
257
145
258
204
331
318
135
388
3
105
70
18
103
292
116
388
347
91
220
296
383
346
241
297
141
337
358
351
5
348
231
251
41
62
44
198
43
57
183
171
220
388
347
31
310
88
193
256
148
202
391
334
377
264
276
355
260
383
379
312
229
6
173
230
313
351
114
206
119
221
217
387
60
145
256
251
357
59
349
203
365
25
83
367
94
93
138
202
7
194
252
372
284
210
104
190
225
63
102
298
312
326
354
297
166
210
207
277
340
267
338
198
147
206
381
206
137
37
20
92
158
276
277
343
392
393
79
201
333
391
330
235
373
1
288
156
185
190
150
288
23
186
82
326
98
347
313
280
306
108
258
231
239
100
63
261
304
70
339
334
169
309
267
117
244
354
361
106
88
378
324
225
295
71
165
91
252
277
287
133
32
346
362
291
224
62
224
323
178
203
82
92
120
229
243
77
310
307
67
238
33
56
56
116
323
310
354
359
284
59
200
248
187
357
56
238
156
293
282
2
350
32
51
3
238
347
55
393
27
180
200
0
337
68
111
263
136
266
225
11
303
283
348
338
228
365
150
96
334
58
5
47
386
173
72
99
361
96
146
46
271
388
379
58
206
300
1
173
49
12
292
166
257
153
398
272
254
109
318
284
114
37
201
338
210
163
226
184
32
395
130
79
203
262
273
135
330
137
80
84
75
78
164
33
373
133
356
392
130
40
359
76
209
55
51
210
30
187
6
308
2
125
354
277
109
296
387
384
236
8
388
182
57
272
92
85
388
256
137
122
326
117
87
186
252
7
274
108
298
45
351
113
109
3
74
81
338
5
4
389
161
89
140
130
375
323
213
314
398
108
33
375
272
155
233
4
183
61
285
273
86
77
175
95
231
49
159
276
350
97
357
102
120
117
123
189
131
80
383
346
148
259
54
280
137
281
300
161
166
49
178
377
362
255
219
329
127
318
223
381
174
176
117
223
282
398
193
190
269
367
124
216
170
368
308
139
399
159
197
262
367
55
71
158
11
212
371
28
135
138
169
41
305
280
299
194
246
184
245
345
273
228
144
14
29
142
60
275
72
282
14
393
184
204
55
124
82
100
295
293
378
79
81
223
227
280
185
170
291
29
370
344
231
153
268
27
225
394
89
315
233
369
314
333
146
243
395
150
62
191
381
13
216
17
12
103
111
300
135
302
277
38
163
282
188
70
106
353
5
239
336
293
62
117
52
151
292
357
382
321
121
321
274
372
301
243
390
8
84
123
6
199
77
193
165
90
149
232
119
69
214
95
179
11
137
393
245
210
156
143
52
372
85
254
201
314
350
362
66
136
370
358
8
290
238
233
156
292
230
1
283
131
99
32
276
24
197
112
224
362
382
114
53
284
140
334
90
334
137
89
152
349
76
269
298
116
304
341
333
178
396
138
167
164
65
263
312
195
176
191
251
109
377
357
189
309
84
256
224
2
134
280
325
89
278
44
239
383
276
166
291
172
39
18
247
50
354
361
112
320
299
132
296
17
239
123
256
68
154
292
75
377
217
270
191
310
97
348
120
212
386
138
155
24
244
391
378
277
60
126
355
43
263
69
150
264
15
81
190
53
28
138
331
24
239
67
330
133
263
127
204
93
327
293
87
4
144
199
78
226
165
343
198
166
382
225
289
153
64
88
337
193
204
16
224
86
21
199
175
288
142
335
59
270
389
347
352
40
220
338
57
199
329
398
220
371
204
328
218
131
32
359
45
292
375
252
356
25
238
335
99
351
138
352
246
227
314
376
3
97
56
322
176
81
61
252
247
25
177
309
315
333
42
286
102
304
2
203
48
218
175
134
269
26
365
91
73
159
343
362
292
180
59
211
248
259
164
120
224
370
348
170
392
11
257
120
370
376
9
196
186
120
359
2
193
120
269
391
171
215
158
172
93
201
194
278
361
303
119
104
262
100
178
200
285
337
307
358
203
289
218
72
245
136
211
269
340
164
160
361
222
203
99
327
312
292
390
217
291
393
178
228
65
29
27
300
110
25
328
112
129
357
38
311
84
317
300
104
83
101
90
348
73
47
25
136
316
220
370
152
11
346
373
369
239
261
89
194
94
80
198
291
68
314
290
125
14
88
254
333
366
34
173
177
78
283
352
168
366
369
387
384
316
201
206
219
111
284
51
164
64
276
201
100
248
372
84
253
206
310
175
147
214
148
212
382
14
208
74
267
250
189
393
241
296
173
206
33
309
301
375
76
182
208
95
211
332
137
202
129
171
328
258
76
233
241
326
251
59
186
247
153
29
27
84
88
236
39
49
342
257
90
395
237
376
385
306
312
209
117
145
209
92
192
87
173
369
81
108
167
124
308
171
295
337
200
165
379
352
39
254
296
50
340
332
384
296
219
166
374
331
336
61
152
147
210
327
351
364
198
58
278
112
306
284
299
355
157
142
40
197
164
118
8
59
357
241
60
70
142
73
122
316
238
30
181
232
302
224
128
340
10
230
265
115
273
37
222
294
388
297
275
100
397
351
394
399
187
337
89
119
269
197
162
226
307
276
384
248
227
146
33
332
10
106
125
377
204
331
98
166
269
257
188
268
350
23
63
210
7
25
2
115
196
263
91
323
168
283
186
356
235
107
130
68
382
316
151
80
285
51
67
336
179
96
50
22
35
258
175
213
110
384
85
360
320
93
71
316
196
280
340
173
196
241
74
117
328
159
60
325
56
58
212
384
261
161
76
396
44
17
238
236
249
97
289
393
6
172
124
143
227
61
104
47
126
247
27
383
8
223
299
243
269
125
96
327
378
340
355
123
53
203
244
166
282
278
294
239
88
130
236
286
17
244
14
95
26
79
1
205
318
52
224
129
100
11
102
328
57
277
72
332
359
343
212
275
353
149
262
115
158
256
180
309
395
235
102
40
38
289
334
337
196
289
393
225
28
158
2
159
102
180
18
99
166
55
4
319
227
160
341
26
291
305
309
258
69
101
181
357
59
295
283
397
48
257
204
312
243
345
224
161
313
323
341
374
47
166
345
109
17
179
261
158
399
256
182
198
88
49
104
0
385
262
369
385
308
6
323
85
128
168
243
257
3
67
175
306
146
22
51
160
87
156
399
372
105
118
389
283
293
327
39
323
108
148
344
208
372
108
31
177
163
396
348
322
164
329
40
240
196
21
182
181
48
179
369
64
156
366
50
396
198
396
192
45
337
174
237
121
178
55
268
105
31
159
180
311
155
199
227
163
58
397
328
210
229
53
145
236
18
321
162
211
352
35
352
268
121
60
106
46
358
43
359
151
39
52
345
214
33
257
104
321
96
383
333
223
365
56
224
201
11
72
254
4
159
72
238
84
8
229
162
266
313
352
169
141
216
351
247
168
168
183
245
230
64
239
335
85
137
148
78
342
120
194
20
34
360
166
216
371
284
7
223
44
332
325
152
146
376
29
342
119
152
218
91
199
30
32
295
156
244
15
133
289
264
230
381
233
61
347
241
168
85
170
98
84
102
99
353
162
395
299
54
294
398
366
353
64
264
132
160
347
343
150
356
265
161
326
127
236
292
147
13
251
173
178
320
4
203
5
354
62
77
297
49
15
349
197
22
271
90
274
309
353
269
395
359
141
354
281
45
361
53
379
129
381
81
266
386
305
371
378
86
268
152
332
326
79
217
28
334
379
21
228
226
369
71
133
388
139
362
276
144
399
375
245
306
90
199
258
278
371
105
296
348
77
327
98
263
253
121
389
172
352
28
159
1
380
82
348
306
87
9
23
133
309
353
182
355
115
370
66
220
35
73
249
221
206
370
280
307
328
147
228
48
2
87
168
382
390
334
272
313
268
21
114
303
107
372
176
304
229
48
276
358
283
312
144
65
30
381
44
302
136
60
245
336
208
324
155
139
153
199
147
371
329
294
345
260
255
216
107
62
292
55
216
255
250
202
312
246
144
62
321
148
17
99
19
299
319
205
268
154
132
209
94
165
6
373
4
105
253
49
179
286
78
298
176
249
247
95
386
319
386
57
300
50
395
220
334
225
363
153
89
194
256
45
237
228
276
286
2
214
61
78
328
357
7
279
207
60
48
376
147
245
231
395
392
268
80
248
87
320
390
23
121
387
173
37
58
41
124
355
60
15
167
259
179
184
305
235
335
253
104
42
346
84
166
290
315
317
175
253
397
261
35
87
93
233
272
2
221
214
28
394
371
66
14
329
291
307
319
351
123
393
204
185
382
10
206
76
8
354
225
389
270
126
165
82
67
64
192
360
11
160
159
231
146
100
392
94
121
133
344
92
101
290
364
250
128
274
104
304
81
179
193
246
105
129
157
398
223
136
43
397
186
214
281
79
372
320
279
363
388
136
399
235
187
399
329
138
326
130
347
155
218
201
66
335
372
184
125
122
269
350
9
326
71
161
242
208
294
239
8
295
142
219
273
200
364
243
352
4
126
129
3
203
150
131
59
390
237
269
206
17
66
252
103
210
101
93
13
35
350
24
266
306
242
373
94
189
130
378
379
274
291
307
52
190
74
256
165
233
338
328
245
296
320
179
88
113
251
23
246
370
78
289
363
230
182
121
62
83
394
335
334
261
63
185
254
88
271
133
339
112
55
369
330
151
230
339
223
265
359
38
294
26
205
109
193
130
223
213
339
193
396
270
26
73
144
63
13
96
361
113
391
28
23
298
175
315
78
211
337
90
368
221
168
93
196
242
304
372
337
373
3
271
291
138
251
379
186
255
52
370
179
393
397
33
69
108
126
312
285
52
10
238
121
282
120
204
206
86
175
213
225
256
97
119
303
5
122
320
228
183
349
328
64
271
240
175
177
35
42
111
261
176
370
144
393
378
0
76
343
156
24
242
33
302
159
20
208
143
221
262
93
32
6
91
257
335
96
203
128
40
74
48
213
373
115
310
35
289
144
263
199
196
148
316
52
364
181
19
233
76
259
215
101
110
60
284
55
29
219
383
391
237
18
12
153
109
382
84
235
218
226
161
12
385
224
231
171
125
197
223
4
113
144
336
222
150
4
280
285
139
17
99
243
290
170
111
135
142
162
10
12
372
205
205
21
306
391
368
298
197
100
203
2
324
169
329
22
318
0
203
269
7
249
379
373
382
184
380
307
12
59
373
363
49
11
66
135
214
140
185
239
62
77
241
373
249
282
238
234
362
185
122
299
172
259
157
91
164
306
31
241
18
35
6
202
152
338
382
97
190
40
117
237
157
153
287
392
27
303
143
52
263
364
230
377
26
331
228
16
103
317
275
185
135
60
191
6
106
324
36
365
337
318
168
152
262
340
197
276
94
85
80
93
100
266
53
310
200
290
234
393
178
54
221
44
313
201
394
124
35
165
283
290
161
9
123
47
107
180
151
59
220
283
315
382
16
104
339
313
347
336
268
325
251
77
381
118
23
276
210
262
358
96
79
247
247
131
275
159
293
364
162
142
81
102
159
371
361
296
139
364
295
81
292
162
196
362
268
321
104
105
55
184
165
313
92
34
164
340
136
299
322
160
264
248
110
219
73
148
323
238
259
218
187
317
7
242
161
257
137
331
101
168
11
247
10
192
326
170
227
52
382
86
389
293
194
290
65
52
19
124
256
174
188
318
125
314
40
285
370
313
378
177
356
176
332
299
93
185
349
360
123
380
331
108
281
272
110
289
291
285
296
58
372
309
82
295
274
388
190
165
384
62
365
394
156
158
62
151
170
249
318
281
94
14
341
73
176
109
367
225
20
276
77
344
151
342
98
165
45
296
263
167
232
342
113
6
134
52
199
171
220
381
210
148
313
385
209
298
374
327
28
274
22
325
266
113
245
52
308
245
249
97
21
159
81
222
385
228
209
192
270
336
381
79
250
26
321
37
155
321
227
282
158
83
197
291
279
324
194
373
395
25
55
194
85
91
334
370
309
258
193
144
335
206
98
191
121
281
131
40
357
21
330
156
103
268
163
376
87
246
5
128
135
142
58
244
17
237
302
284
284
391
160
175
305
167
58
134
79
245
97
162
315
250
184
319
94
390
372
398
3
260
244
251
62
325
334
243
170
261
74
224
65
207
365
26
342
118
350
2
7
303
283
155
11
382
81
308
136
209
254
216
119
164
78
196
133
338
34
393
137
348
292
285
133
301
301
154
46
71
233
351
84
66
0
17
308
349
78
140
335
369
117
23
113
53
374
112
224
141
194
361
306
239
386
356
245
204
322
291
265
92
292
112
280
301
92
247
215
8
261
236
293
241
49
296
31
48
6
250
100
137
69
320
231
399
263
18
120
344
78
214
227
279
388
286
279
380
353
251
101
318
283
247
208
129
180
63
143
17
321
378
359
381
49
226
240
277
369
86
224
161
287
119
287
324
306
321
339
197
213
84
201
336
351
68
322
37
39
330
353
184
321
254
30
157
9
88
112
221
389
82
270
202
334
4
62
200
59
91
270
88
83
43
197
239
187
301
243
223
298
61
354
343
344
119
57
235
26
277
137
386
354
166
384
98
54
341
368
169
227
395
352
244
346
302
218
258
28
396
148
390
5
247
248
102
279
44
87
241
60
396
50
273
149
116
390
64
317
175
225
111
116
181
135
26
212
331
191
98
161
134
233
349
250
100
186
61
115
177
68
319
310
176
48
29
399
132
31
153
350
175
218
24
365
111
182
386
174
48
280
24
84
103
37
212
57
246
152
187
82
78
127
104
40
360
198
307
190
121
310
131
351
372
190
18
333
253
236
101
386
273
210
50
331
178
6
105
70
258
102
9
382
152
395
82
179
354
101
208
111
91
99
250
219
39
143
311
307
390
148
338
138
365
249
230
398
329
308
335
215
300
25
329
208
5
337
362
139
296
294
196
99
306
347
357
26
101
303
136
60
166
200
151
220
351
146
41
391
28
2
73
287
338
36
201
172
85
359
393
127
270
285
227
93
105
387
58
46
256
28
104
218
275
10
5
217
176
359
190
197
232
12
36
262
54
311
294
130
26
168
216
73
293
140
356
290
43
174
338
139
14
169
185
169
370
381
99
1
238
371
86
54
122
194
294
50
91
178
156
186
180
318
155
327
243
398
371
395
29
171
33
92
204
25
24
261
258
234
97
326
141
241
73
321
335
116
115
199
56
274
44
173
299
379
185
26
277
346
287
79
147
394
26
192
100
115
19
247
98
174
168
228
388
261
248
376
162
90
47
340
198
383
89
149
260
19
28
305
74
355
186
240
79
145
81
299
22
164
290
222
397
113
237
218
299
193
370
281
122
262
70
357
178
263
32
93
269
333
352
87
6
7
254
188
232
59
148
385
6
206
349
314
286
49
20
99
106
199
306
361
41
37
150
284
380
302
268
194
278
367
332
127
380
255
379
232
162
94
297
0
162
180
194
13
113
192
151
323
305
384
257
241
154
29
154
106
4
391
39
288
49
97
88
164
82
398
372
35
328
280
227
341
42
315
188
222
297
149
347
274
180
354
290
25
178
149
189
385
8
291
123
106
336
314
131
56
27
220
148
172
172
300
161
332
184
335
220
273
362
27
207
227
315
106
74
365
308
347
49
370
143
150
79
290
116
170
41
280
69
80
135
300
250
23
287
197
5
50
322
211
292
1
56
60
315
359
73
113
130
315
183
216
217
272
243
37
202
22
201
22
12
142
124
74
214
190
324
362
234
247
86
345
117
343
105
174
237
234
154
269
39
225
45
279
117
73
114
92
181
169
76
186
257
101
273
262
165
20
242
152
71
23
389
212
322
45
189
338
29
378
358
157
226
272
391
209
133
31
158
42
368
195
259
349
388
341
350
266
258
363
60
333
32
398
394
142
362
180
124
287
259
198
17
344
102
18
347
225
182
117
353
214
148
221
5
175
344
381
278
48
112
322
374
3
289
104
188
274
59
239
55
202
246
393
212
249
244
330
64
83
382
14
325
227
156
394
322
145
125
358
270
139
329
281
347
74
145
296
42
98
78
80
264
7
387
63
110
67
124
133
366
357
28
1
325
163
335
344
347
359
312
270
365
124
44
130
114
240
167
138
131
198
246
12
389
252
368
114
201
9
174
196
168
208
227
204
232
135
215
213
291
33
102
376
328
132
248
226
340
370
369
91
373
349
355
95
383
300
319
398
15
275
399
327
32
88
351
74
186
232
354
355
114
374
76
56
271
7
346
104
387
365
29
29
317
270
189
295
8
327
247
390
233
345
334
134
198
252
150
51
68
121
113
261
47
236
387
356
306
348
347
257
182
11
115
379
371
312
199
269
76
133
379
385
32
17
198
313
165
254
369
173
250
140
2
27
89
38
15
332
143
391
273
80
168
239
233
51
214
199
91
307
159
259
330
70
58
230
138
37
365
198
117
63
348
43
122
31
315
339
346
75
42
265
4
81
258
278
7
192
52
299
349
281
110
392
141
67
301
271
73
276
378
383
144
209
203
192
345
369
242
345
18
149
308
100
239
384
188
140
92
69
53
359
282
195
47
393
140
169
135
304
169
181
218
267
216
134
299
68
165
113
20
117
342
282
93
239
53
234
194
377
141
73
235
172
343
346
374
12
305
181
385
154
315
153
322
78
267
373
354
57
367
378
355
43
115
206
362
374
184
272
177
66
125
141
398
69
372
127
96
147
3
261
203
209
82
260
130
57
69
311
236
372
352
210
50
57
226
399
136
115
179
63
309
127
42
126
47
385
40
250
112
277
9
359
221
147
200
222
91
36
301
67
353
288
143
56
64
88
62
191
77
170
71
312
379
232
124
292
342
50
302
156
104
134
144
280
320
152
170
82
219
262
326
207
221
22
217
101
158
338
126
267
389
362
370
19
319
252
268
249
45
320
132
348
336
388
12
342
396
188
19
204
276
53
294
371
399
372
170
325
146
67
0
14
178
106
38
362
140
380
392
175
68
205
273
307
112
66
326
124
398
355
145
317
54
16
14
11
289
53
89
132
155
329
302
112
376
159
216
209
345
368
83
206
351
373
300
244
374
283
329
133
49
143
19
157
31
23
111
239
358
233
131
363
239
70
66
251
156
253
154
393
13
184
217
16
95
270
47
45
260
101
222
221
89
222
143
250
231
193
25
107
237
46
232
18
322
305
112
189
185
192
390
209
249
82
339
225
196
9
152
73
90
317
323
126
286
348
142
69
364
349
131
260
389
214
43
333
114
46
5
246
43
243
335
193
70
141
124
195
163
49
63
173
247
294
194
43
264
98
383
333
260
211
92
120
391
163
379
362
64
298
59
224
262
116
249
274
177
31
24
224
203
218
207
282
23
351
174
251
151
31
372
5
61
231
115
286
245
11
383
272
202
64
291
334
74
96
33
116
197
290
387
242
48
27
5
247
150
175
341
341
349
144
219
353
155
34
297
324
45
124
120
341
381
360
185
398
337
60
235
344
240
332
368
100
118
243
14
152
127
346
331
391
274
305
301
210
151
169
237
386
87
117
118
214
329
105
131
135
139
386
367
298
38
274
387
343
223
92
57
129
114
42
367
154
285
95
117
57
254
295
229
270
179
339
302
84
79
58
204
123
369
351
8
112
386
160
303
292
141
14
326
308
169
114
70
84
326
279
306
260
216
286
285
8
363
242
227
196
71
374
73
6
296
255
217
394
99
341
299
193
249
230
387
19
326
331
146
380
110
130
389
383
293
72
360
95
277
1
399
398
21
371
120
225
277
62
237
256
104
205
49
385
355
89
98
20
220
3
183
303
264
65
227
112
171
241
380
183
133
369
341
103
50
344
47
342
155
192
22
145
210
174
343
180
45
44
360
202
111
379
292
261
185
8
96
159
185
347
166
65
370
204
236
49
281
345
177
165
30
301
398
350
89
189
148
70
280
30
179
323
189
192
231
229
284
102
243
357
62
165
41
110
370
62
173
290
330
29
232
51
309
81
61
166
117
277
346
24
195
191
282
353
220
348
208
372
163
205
36
80
385
8
130
347
74
66
165
286
250
394
330
6
382
135
295
83
119
44
168
127
59
377
125
233
149
389
256
271
113
328
37
108
391
202
366
183
136
344
302
39
269
147
309
0
155
164
294
24
111
94
309
374
270
348
81
310
313
372
282
57
348
179
65
209
242
151
318
21
86
186
331
140
337
46
200
212
25
153
386
67
181
135
223
121
86
58
44
237
352
219
55
196
304
269
284
57
304
144
385
139
27
78
79
179
372
388
269
337
111
295
371
378
278
214
366
79
251
193
85
109
22
91
200
150
289
95
91
115
312
225
57
254
217
273
159
297
182
78
308
99
202
247
333
40
396
333
388
288
121
384
60
161
375
124
151
48
164
222
379
362
217
347
6
302
322
214
296
61
324
216
369
277
254
361
184
263
52
326
302
198
14
3
178
9
114
1
107
380
242
31
55
398
397
74
279
125
50
348
169
30
294
167
280
358
79
253
100
71
361
242
107
396
145
121
209
110
308
351
294
294
300
173
192
94
229
25
150
38
29
337
21
344
187
21
393
143
67
51
77
265
365
228
332
314
301
170
368
181
228
128
127
119
137
232
52
35
178
211
383
343
55
139
42
346
272
232
75
319
95
175
192
331
249
140
216
258
122
392
177
252
317
46
77
70
251
125
86
267
35
234
307
165
135
342
301
269
331
32
127
113
340
323
370
387
289
66
334
84
226
305
309
20
60
376
390
253
329
293
295
208
146
298
279
94
147
206
305
294
42
50
252
335
210
154
392
177
199
258
74
243
310
104
90
325
368
96
193
111
61
100
156
281
192
10
132
166
278
265
84
249
393
97
113
174
210
45
126
332
304
200
342
328
179
57
61
179
355
339
283
255
115
183
162
255
11
107
78
276
222
160
320
255
165
56
259
203
224
205
49
328
161
237
57
192
129
1
97
398
383
234
177
352
132
274
256
315
304
2
313
237
214
375
365
72
34
3
318
106
3
75
167
190
381
16
22
312
33
5
63
300
165
396
189
343
388
28
62
265
172
164
80
311
250
279
314
334
246
56
387
69
201
156
49
151
351
208
96
200
320
225
305
225
228
378
301
288
322
116
21
115
256
87
299
8
378
233
370
301
290
69
221
177
222
285
232
338
86
322
223
325
330
389
396
37
99
183
333
282
115
381
199
109
29
54
271
24
30
22
343
6
2
111
52
1
319
354
55
249
244
361
366
334
67
260
236
143
195
181
61
2
103
8
368
216
280
94
223
350
200
197
288
188
35
236
260
226
127
301
260
6
156
307
119
181
330
144
71
167
270
397
166
264
187
162
351
185
131
97
337
190
50
4
117
314
299
44
13
342
306
54
67
106
111
279
326
331
164
153
281
177
259
72
52
340
388
99
226
119
168
311
5
280
48
102
187
176
268
19
14
198
345
235
37
390
238
274
223
69
323
275
89
195
179
60
383
309
223
316
109
143
123
353
7
338
282
321
15
19
342
291
243
164
167
326
17
294
56
211
377
397
327
146
208
192
128
361
211
204
54
399
126
261
116
129
232
153
338
256
320
328
36
248
243
384
189
215
208
163
367
212
100
78
74
186
88
122
68
86
55
107
381
357
84
214
291
373
231
2
25
395
354
368
36
397
226
226
230
187
349
246
159
220
371
394
192
103
225
277
13
376
389
114
148
366
238
304
226
108
19
332
312
191
101
83
188
18
240
271
49
60
35
207
275
217
170
141
262
167
289
311
141
267
71
339
392
375
95
88
322
329
47
6
83
131
72
49
282
82
235
169
97
164
138
394
103
272
282
141
219
109
102
352
365
350
336
138
17
124
2
252
163
286
341
341
51
147
117
96
5
88
357
247
86
353
5
45
177
67
35
122
37
158
294
205
123
121
81
314
371
155
54
157
177
112
285
67
310
253
244
78
14
330
233
199
301
55
308
273
292
370
200
270
170
125
316
233
188
143
104
226
274
114
248
365
74
213
25
338
267
357
180
108
140
161
336
323
295
36
98
224
386
252
326
160
82
120
77
240
64
317
24
375
341
281
13
290
282
354
78
273
300
45
310
327
20
253
357
146
350
279
71
392
2
335
390
69
80
75
286
163
160
4
11
227
167
73
394
278
175
389
340
9
30
351
205
251
144
197
76
54
397
340
147
95
65
29
134
75
189
387
168
38
47
337
130
86
124
276
270
349
272
215
154
266
56
371
199
280
266
308
24
191
239
15
347
377
242
395
299
390
149
41
137
158
397
28
205
10
134
15
323
187
113
264
212
66
33
320
85
30
250
295
22
33
39
249
34
166
354
88
197
304
390
392
72
227
72
131
111
304
136
147
118
350
102
380
353
128
199
281
73
0
19
141
85
370
218
55
202
331
25
142
121
268
144
304
202
356
203
286
274
281
388
323
38
322
244
75
332
32
204
312
171
298
335
31
280
48
271
392
278
37
23
235
200
139
210
151
119
219
317
259
220
122
234
37
192
184
371
43
355
252
20
251
36
19
118
233
53
134
296
265
80
172
134
182
86
206
206
21
269
45
213
165
210
273
225
356
310
313
75
172
352
342
100
98
342
132
320
396
118
388
76
15
102
53
378
392
139
86
279
182
208
300
337
216
354
155
234
352
10
342
378
217
383
273
369
24
76
112
241
387
283
200
249
8
108
49
397
88
299
341
384
113
147
126
189
316
224
226
156
57
394
291
367
64
29
312
222
302
171
317
165
266
227
323
317
186
63
393
278
136
120
387
27
171
382
171
213
167
111
199
284
13
125
42
365
55
15
256
378
75
380
71
191
33
164
322
372
303
51
244
47
207
68
168
63
44
110
35
0
372
256
318
141
263
157
299
93
301
71
133
121
163
65
264
255
378
62
381
252
312
204
29
98
200
178
229
291
47
332
241
150
277
202
145
156
27
61
178
137
331
243
389
20
215
277
86
85
132
200
149
359
184
237
357
31
367
28
169
378
22
161
77
127
313
202
283
213
332
398
231
160
193
27
327
246
113
344
397
28
36
271
35
259
129
35
98
200
43
179
68
354
156
215
382
261
240
44
372
145
26
365
225
76
223
16
218
308
30
390
122
163
256
178
134
361
283
122
235
339
363
239
277
367
80
41
99
315
223
272
182
184
294
225
17
13
212
159
121
155
122
241
213
392
389
38
216
373
147
330
29
212
239
364
364
79
47
55
380
154
247
294
77
40
100
13
358
100
150
13
167
1
187
316
165
191
185
276
159
151
163
326
314
13
288
366
18
307
91
209
370
368
99
8
173
342
342
24
213
317
213
23
177
52
162
345
76
365
108
381
32
322
7
304
79
11
337
387
6
143
222
314
348
218
364
37
86
83
302
280
152
194
211
234
58
351
364
22
209
123
122
391
142
3
239
33
77
102
151
132
173
242
48
259
326
263
393
256
153
63
377
159
75
174
283
356
244
65
282
398
75
198
224
180
236
256
346
254
156
48
331
9
106
348
374
267
24
328
319
144
15
379
222
96
3
137
370
255
132
301
193
153
305
32
314
156
369
108
188
217
182
206
202
65
289
12
84
356
153
44
359
129
231
106
209
120
210
16
168
82
268
141
334
132
163
193
41
84
187
186
122
293
4
30
312
320
272
390
8
267
305
117
181
159
150
115
65
241
52
18
256
99
47
110
189
200
364
4
42
55
279
274
3
140
45
246
146
216
299
142
26
51
343
301
312
180
335
16
317
35
126
67
178
288
335
336
202
239
61
284
28
325
134
288
183
388
284
101
386
263
275
39
150
5
373
135
38
270
236
100
264
94
38
360
341
359
4
264
162
364
61
317
290
298
7
175
7
295
125
105
107
346
6
82
142
305
6
68
252
43
18
78
83
266
123
26
335
284
345
173
169
166
259
135
45
297
73
157
96
196
247
63
85
329
124
21
300
244
200
91
318
177
207
302
372
98
233
13
248
328
52
370
171
160
216
324
253
324
179
280
111
372
223
154
188
75
255
192
313
188
371
63
307
42
191
126
107
66
93
338
368
3
92
11
294
15
143
74
267
292
19
382
303
232
93
228
17
265
39
34
329
309
363
0
308
39
13
33
3
249
324
154
140
118
311
226
261
235
95
138
316
190
309
336
206
344
111
292
144
75
255
245
62
111
8
219
161
289
384
46
211
102
46
68
171
297
189
395
381
217
114
89
355
249
33
347
195
337
350
344
205
233
375
373
64
382
300
53
104
184
326
43
271
122
208
165
126
31
24
95
381
140
118
299
15
271
305
79
264
138
219
273
352
84
191
46
211
2
205
381
55
147
171
74
253
77
353
104
153
185
196
324
17
386
111
80
282
90
243
86
290
306
380
135
346
266
102
65
314
180
185
12
135
260
27
47
230
398
283
62
249
205
281
377
284
38
4
70
36
67
123
99
283
162
302
54
6
377
50
397
276
330
198
65
262
179
109
380
256
223
362
114
46
60
157
59
368
156
301
195
393
108
267
261
255
186
130
328
295
220
61
384
167
326
337
333
108
288
396
225
298
111
266
260
120
51
369
174
109
19
317
63
12
141
328
219
337
201
229
162
221
31
208
345
104
189
97
254
319
74
59
76
275
156
127
229
36
296
387
117
312
2
10
41
98
204
89
287
174
268
103
187
208
95
106
225
255
396
267
193
14
54
369
272
357
31
87
34
181
288
347
103
165
229
338
53
265
244
157
279
386
143
170
41
41
4
262
260
263
226
121
29
372
381
74
134
341
299
202
32
7
246
127
224
75
350
379
325
27
362
88
217
176
321
291
230
273
128
396
206
359
385
348
292
115
176
355
349
292
307
89
330
233
31
31
139
335
191
268
181
77
366
121
103
92
259
174
95
138
219
224
315
112
91
21
254
189
41
202
61
290
296
203
361
348
109
256
29
174
156
167
36
202
76
228
170
357
21
87
380
40
63
81
132
126
292
277
357
145
389
54
295
391
271
148
149
116
341
284
88
93
85
384
155
251
253
33
236
339
178
380
178
221
142
346
151
274
301
261
194
70
47
334
321
17
276
133
322
2
322
329
47
188
229
138
287
296
140
72
24
106
89
252
215
303
375
142
91
399
177
167
222
39
115
281
326
203
315
62
86
141
313
0
207
393
73
200
340
377
350
74
286
47
98
244
234
223
324
380
386
349
256
320
81
68
164
32
207
294
368
82
77
295
152
394
58
64
51
256
88
175
200
375
122
56
390
85
276
381
164
176
394
145
325
292
132
298
392
90
118
356
18
107
206
126
393
270
276
162
126
178
38
286
89
362
388
324
286
286
192
201
129
9
379
367
107
317
139
123
307
136
25
342
123
265
105
347
134
371
122
173
133
107
303
375
260
191
10
54
26
349
190
70
95
85
198
55
201
135
127
168
284
319
197
229
136
304
97
232
139
148
266
111
329
104
41
251
231
54
129
362
231
31
357
145
99
285
29
103
350
17
302
105
13
183
212
360
289
250
354
210
254
184
197
311
195
0
324
42
64
146
358
319
155
256
149
207
74
317
94
154
123
64
216
399
385
41
97
373
81
208
374
33
395
76
347
13
178
31
172
348
23
18
108
215
207
275
187
232
290
158
375
309
67
121
114
300
314
330
316
15
218
359
135
133
268
2
371
229
138
339
246
229
53
275
96
33
38
220
89
70
267
189
98
290
318
238
356
388
128
157
7
116
207
187
32
158
103
124
124
203
347
98
23
6
155
271
171
157
326
68
23
6
312
145
66
276
229
78
94
169
344
391
338
174
7
356
37
160
18
211
24
59
146
42
172
16
79
68
27
93
55
9
22
325
56
353
77
114
190
249
12
153
320
368
91
102
227
320
47
395
29
146
236
74
140
328
349
372
9
50
214
194
298
219
385
102
16
264
327
333
227
20
90
222
342
15
214
369
127
305
111
394
369
201
289
205
127
38
321
127
268
15
80
148
76
303
322
9
66
110
103
337
237
28
302
15
268
177
32
269
280
7
286
333
103
21
92
270
19
30
386
64
375
341
101
10
24
365
321
248
285
37
289
240
236
307
320
370
386
93
14
221
201
195
382
180
290
88
50
239
42
247
148
24
45
366
207
78
123
199
89
143
326
284
9
288
109
137
369
304
169
374
396
158
214
357
73
241
129
369
236
333
269
352
305
179
281
174
304
193
18
72
125
30
124
51
399
2
356
190
161
87
266
394
399
359
224
63
394
75
125
283
99
255
58
118
270
266
343
321
89
39
97
54
16
41
307
370
23
341
357
96
46
222
234
133
265
204
346
190
295
250
329
12
101
126
57
294
359
236
109
119
316
376
167
17
57
190
361
91
39
207
356
7
141
253
258
349
103
369
278
267
146
76
18
200
283
311
216
317
123
40
347
70
357
185
107
156
73
192
148
109
205
207
266
273
95
189
141
178
351
223
253
231
390
182
288
391
300
268
122
315
173
376
241
298
59
241
316
189
285
125
367
264
80
363
230
258
204
163
104
144
260
45
192
83
385
283
230
28
107
173
46
315
323
4
219
340
58
61
40
8
59
207
301
240
358
315
285
245
6
47
206
345
355
338
49
18
214
216
151
133
12
85
131
236
61
339
167
345
4
267
252
160
15
336
386
116
316
281
367
245
237
209
162
13
175
364
78
142
169
294
336
112
214
314
57
325
275
5
271
67
265
11
6
190
7
14
314
213
1
23
211
16
270
111
115
122
263
186
58
398
7
381
315
143
90
233
0
228
277
322
5
230
58
386
151
200
151
196
43
266
93
265
371
373
297
110
205
392
367
88
269
27
108
68
34
323
193
364
196
12
291
193
130
142
90
264
214
313
397
144
36
78
34
386
210
117
287
66
330
50
18
162
390
316
16
26
182
269
32
81
324
38
212
170
241
153
94
379
224
133
135
307
305
245
54
7
314
340
253
66
67
34
363
43
314
399
363
53
290
260
186
193
200
233
34
95
294
221
192
280
170
182
39
319
32
325
237
101
44
283
392
393
214
16
293
275
368
267
225
11
155
183
83
358
340
214
190
59
198
366
72
43
99
17
49
366
373
385
226
114
183
310
334
29
240
10
251
83
135
123
348
142
57
245
329
248
387
11
127
288
329
333
361
346
320
333
79
304
21
276
225
12
314
58
309
345
139
230
379
259
176
105
195
246
389
252
111
231
392
341
152
99
20
220
265
155
19
332
332
245
277
297
242
73
348
135
128
295
41
387
333
164
217
314
230
184
128
369
15
49
252
62
162
170
287
249
345
380
152
368
100
59
201
251
288
376
32
198
214
4
378
183
161
109
118
4
93
387
252
203
364
201
30
17
338
252
364
59
213
267
125
181
374
92
380
147
281
330
148
86
126
171
28
264
233
370
99
296
335
364
65
242
319
341
162
195
14
382
11
344
63
256
143
309
353
328
141
188
299
56
154
92
265
201
317
10
174
391
371
297
377
107
237
54
238
67
393
12
141
64
126
359
146
308
258
66
358
173
343
366
108
89
180
214
237
98
48
395
16
258
10
253
339
98
26
301
212
375
376
258
191
317
220
144
365
161
236
176
358
148
307
125
244
187
164
253
389
181
120
35
142
187
308
338
42
317
6
139
273
130
168
251
378
123
235
111
229
226
246
206
283
185
363
8
241
251
394
387
61
125
7
9
88
196
238
372
262
206
291
73
236
316
54
109
398
397
168
7
15
281
272
72
98
380
234
287
80
113
360
174
57
70
304
58
267
346
39
206
146
172
368
357
380
183
11
21
381
361
59
84
206
38
163
95
168
101
136
60
394
138
159
263
339
308
375
186
220
121
287
99
221
84
75
125
286
145
312
259
164
64
9
372
107
363
173
37
124
115
94
338
328
18
370
262
230
69
177
249
65
294
373
371
335
277
217
172
386
347
96
174
99
397
211
129
343
297
366
48
202
239
104
135
161
265
300
392
345
4
63
289
130
32
298
10
87
300
173
377
52
220
349
114
185
374
389
68
139
301
106
358
188
91
206
318
40
220
222
351
248
360
182
197
2
344
307
198
154
335
95
383
46
373
191
259
216
112
333
125
295
18
276
314
287
122
278
297
3
358
245
60
201
252
75
106
170
270
378
163
183
390
139
361
394
110
327
42
102
320
297
110
290
252
0
313
68
217
66
371
365
394
309
177
242
47
180
114
332
351
268
19
224
272
159
282
197
211
27
342
55
87
297
235
254
295
307
19
315
118
195
245
32
87
76
213
232
214
256
328
286
380
21
255
375
39
8
208
67
172
43
229
243
238
368
318
202
252
222
126
89
280
128
34
254
245
85
232
119
77
399
149
104
383
358
80
168
212
158
78
139
240
228
143
136
256
323
355
309
26
221
210
202
202
110
300
232
389
260
257
272
92
46
385
226
47
168
379
319
157
390
278
104
354
268
374
75
45
342
24
394
87
291
374
203
170
159
371
365
274
271
218
339
48
184
214
73
144
241
97
179
318
117
35
153
76
90
186
319
342
336
73
120
158
169
97
146
313
350
285
248
77
235
158
55
61
45
261
4
371
377
116
363
87
21
166
291
324
12
385
128
237
248
289
258
115
295
63
75
4
151
190
76
6
321
64
66
140
348
279
341
107
380
236
198
378
313
356
145
255
23
243
275
69
117
168
184
105
45
127
287
204
140
368
201
143
22
56
289
215
69
290
127
158
333
306
123
387
102
154
382
275
213
219
311
295
312
25
361
167
240
119
165
325
274
399
265
293
197
88
211
95
3
65
162
360
122
91
144
6
173
370
358
12
167
1
179
261
90
373
27
215
362
276
164
391
185
349
342
115
116
268
274
141
392
174
89
208
258
285
76
90
76
63
56
303
312
207
90
249
96
94
388
334
262
281
118
24
44
165
196
196
222
261
317
176
260
259
390
80
154
124
8
294
126
243
389
362
39
23
60
249
183
334
84
5
213
385
161
132
228
77
53
142
342
384
144
315
125
346
318
211
40
355
238
230
26
298
225
116
387
121
20
303
354
98
254
362
59
261
202
149
279
351
133
11
357
326
292
198
163
213
300
346
62
329
310
364
129
303
54
382
5
303
163
153
131
104
49
381
354
232
143
46
250
346
102
48
4
107
273
171
159
217
142
82
91
189
47
342
174
5
372
244
347
70
271
118
379
311
53
81
325
363
99
207
230
293
10
114
395
102
13
391
221
177
319
38
221
175
95
226
249
166
207
129
146
260
63
182
157
220
87
250
29
107
105
50
76
265
367
166
237
51
141
14
90
363
378
322
315
361
89
171
338
5
356
119
240
62
341
200
354
391
279
373
385
302
109
292
323
28
296
399
171
112
35
218
338
58
47
235
84
218
238
83
143
150
205
1
143
158
260
84
370
350
354
282
96
47
378
200
198
286
103
30
320
387
66
44
387
79
153
355
395
155
386
154
108
284
144
235
3
336
346
358
122
186
83
343
3
325
86
315
198
360
85
334
278
324
373
306
322
371
20
78
204
0
64
139
17
291
345
343
36
20
267
191
348
89
173
77
298
125
394
107
274
259
168
47
78
94
82
95
301
92
254
396
110
234
0
390
389
157
191
332
213
182
176
228
313
125
268
96
63
15
134
163
96
231
106
27
346
169
27
87
187
324
186
55
249
287
42
264
384
46
351
368
96
64
286
151
58
134
18
1
117
199
47
158
392
121
122
311
344
253
46
153
82
281
215
112
44
142
378
144
160
131
242
109
152
276
233
123
91
43
210
3
392
50
71
314
384
129
340
75
151
34
167
297
103
44
388
325
171
88
91
49
29
130
265
233
246
176
122
260
109
363
309
202
83
26
215
73
119
68
179
272
9
354
358
14
238
139
150
178
164
229
112
260
324
43
235
195
374
250
171
17
128
240
64
190
313
122
395
300
85
5
106
390
139
290
124
339
192
206
345
28
321
272
269
318
331
350
132
369
92
144
262
33
207
398
283
257
303
297
177
183
197
210
244
85
95
379
327
133
229
104
235
79
172
51
272
57
257
244
59
67
241
391
35
149
232
321
245
297
57
100
115
158
123
374
395
277
103
173
51
123
168
393
216
94
306
313
347
142
165
396
132
184
383
360
70
249
161
277
228
135
29
362
152
232
365
181
279
169
363
111
235
390
36
120
278
261
55
255
388
376
13
35
252
319
161
36
303
176
60
350
330
209
210
192
300
391
177
11
235
398
115
332
253
338
1
311
278
190
368
75
47
278
138
356
207
309
231
336
110
56
325
185
102
48
340
42
226
292
383
321
288
399
93
44
299
252
353
25
0
196
383
7
350
311
186
113
396
361
377
316
176
226
133
358
337
115
69
358
396
152
250
169
10
279
244
309
237
23
125
110
238
72
383
52
375
188
132
85
371
246
271
163
309
279
253
185
340
128
225
128
304
262
278
57
283
166
107
389
79
66
291
274
239
343
239
298
173
375
327
381
239
188
235
170
305
25
7
123
204
269
192
229
196
101
157
232
212
115
35
327
52
209
204
63
94
346
293
348
114
301
257
118
203
380
10
174
281
69
279
342
241
263
287
65
157
191
159
106
97
222
25
40
127
16
248
93
388
258
322
279
241
306
49
273
205
149
204
147
284
68
207
220
28
7
316
18
86
137
355
197
300
337
279
335
53
296
129
230
334
200
93
238
33
156
216
105
305
363
306
51
301
101
278
229
161
168
90
207
298
371
164
375
254
207
288
209
202
69
215
366
248
365
226
27
340
272
270
162
96
251
62
154
363
346
187
363
369
30
271
262
308
239
14
224
272
9
17
332
170
71
149
147
289
137
293
343
44
288
216
172
273
53
342
131
381
98
37
37
114
99
251
70
312
317
16
382
79
272
349
89
265
393
96
134
160
209
57
321
310
304
300
241
292
327
25
158
27
299
392
53
63
361
33
343
374
281
205
332
26
309
252
323
215
11
140
87
243
118
302
189
43
250
277
350
326
274
74
385
318
103
21
168
87
344
254
219
344
357
226
311
263
152
46
144
0
62
275
279
374
24
75
28
145
303
155
368
159
6
68
265
325
376
186
89
255
238
377
39
132
40
185
118
163
274
233
167
184
47
115
239
284
28
386
311
30
206
289
362
311
24
101
190
19
219
349
88
272
172
260
263
351
264
234
202
90
247
103
138
92
171
344
224
255
63
385
339
285
56
381
203
175
293
211
110
194
188
331
97
106
118
74
89
27
192
224
89
269
77
10
145
309
330
113
103
375
349
243
81
7
1
275
71
243
116
362
239
33
103
150
168
6
227
41
12
206
120
376
154
181
216
28
27
238
118
387
126
374
104
307
289
276
123
23
226
106
170
231
102
180
396
32
389
360
83
37
153
285
342
329
181
384
357
99
230
81
346
103
303
0
269
88
118
141
57
225
253
45
277
360
195
15
328
128
87
213
220
263
258
179
97
156
200
257
251
50
275
191
169
207
45
324
124
116
291
31
218
52
120
37
179
107
124
15
142
353
20
399
379
107
379
130
319
381
23
361
133
376
342
329
19
367
32
295
42
200
204
394
355
0
10
221
71
320
26
312
277
365
33
324
217
230
378
142
178
301
7
317
133
100
142
263
278
99
194
20
266
70
297
206
32
73
278
118
21
8
328
257
172
167
213
282
346
280
397
220
284
77
170
305
373
311
167
313
14
127
268
171
26
3
288
291
23
144
146
300
171
146
97
298
257
369
399
393
108
76
374
4
310
45
239
236
389
225
242
287
233
248
191
353
341
364
87
203
273
154
376
245
272
107
46
374
274
66
187
395
282
219
315
109
156
351
355
99
281
206
383
263
351
358
138
65
60
228
51
398
213
89
320
252
365
59
310
139
148
175
73
243
64
45
3
287
182
243
4
219
10
162
102
93
243
363
350
176
38
225
107
297
371
33
160
295
325
71
331
87
95
252
277
148
265
81
259
51
215
142
150
232
232
385
307
289
350
267
373
259
165
93
189
194
92
379
193
153
75
53
303
244
137
264
254
120
258
48
352
31
266
146
27
240
113
150
148
19
88
155
248
108
272
10
111
96
154
311
149
212
53
275
213
47
110
243
341
101
374
175
273
125
65
113
175
141
310
388
149
393
20
278
343
309
274
236
90
349
5
257
84
4
57
269
89
225
250
42
268
41
293
273
198
254
29
106
304
105
366
15
249
223
62
269
369
205
381
215
233
108
91
271
222
129
132
166
367
162
134
41
286
61
83
237
81
136
60
311
265
375
98
271
50
137
396
58
184
287
216
271
