382
104
199
211
105
47
172
240
133
166
118
16
169
204
114
101
56
83
237
276
140
325
389
219
280
49
168
98
271
328
28
230
287
200
271
168
2
80
241
40
238
215
321
49
230
375
334
363
242
246
331
317
12
58
169
94
162
79
1
227
77
82
111
68
172
116
199
380
37
183
7
387
148
112
80
187
307
395
398
277
77
396
356
218
394
174
71
181
389
73
0
6
140
156
172
59
123
209
105
228
397
251
109
116
45
44
285
114
364
170
70
359
158
392
306
132
364
57
24
172
89
1
149
389
46
217
329
181
228
204
346
354
330
315
308
264
25
98
326
239
354
299
364
346
135
34
208
181
305
394
56
65
37
294
288
188
70
220
302
0
225
183
140
256
65
247
299
172
186
373
210
220
1
186
310
378
99
109
350
356
84
212
319
269
292
18
353
114
233
272
242
208
36
74
30
229
67
75
357
153
246
395
276
111
217
74
274
322
365
132
283
237
230
106
232
49
6
42
46
116
271
137
330
223
232
24
256
349
316
51
265
82
216
78
125
149
208
11
235
80
169
7
294
164
291
171
127
240
170
83
295
378
283
84
17
318
293
368
69
283
81
123
242
377
375
381
232
191
81
322
311
192
301
149
377
17
334
147
79
275
197
8
199
287
346
193
205
42
115
302
195
84
52
18
51
145
170
65
317
83
21
63
147
68
0
256
358
75
223
229
399
168
306
346
285
259
60
264
37
107
124
58
180
356
41
129
199
104
89
256
336
330
143
201
155
261
346
153
249
68
304
336
308
116
41
234
44
301
334
69
268
45
283
66
367
18
121
268
275
139
32
72
261
78
215
101
226
58
266
278
118
11
270
343
283
89
92
105
164
53
247
183
79
343
388
307
292
199
268
277
260
134
227
123
7
230
218
147
215
133
312
322
112
302
204
28
36
205
18
367
50
146
27
248
256
164
222
16
201
202
103
373
89
329
142
217
145
288
138
388
367
242
349
123
180
310
349
5
322
273
396
42
104
301
121
254
308
384
120
164
364
267
381
142
301
182
77
38
245
146
44
43
256
269
204
355
166
209
192
48
212
261
103
208
325
105
53
182
283
383
41
204
42
234
27
291
172
213
219
127
244
262
209
153
316
109
84
363
148
303
285
380
14
27
240
109
245
152
43
206
280
69
78
94
228
312
250
87
148
140
392
227
297
11
292
215
50
389
222
14
27
127
99
364
143
58
181
263
278
101
2
366
170
378
88
399
240
110
250
334
280
82
103
165
252
351
253
281
392
189
110
219
61
287
44
257
159
38
307
192
306
360
309
294
123
150
95
224
146
224
170
145
170
74
134
392
151
308
144
250
383
218
269
292
223
211
67
307
208
166
52
164
209
165
133
51
224
173
24
123
163
68
74
322
360
19
396
224
370
285
282
339
136
97
127
18
42
237
274
168
200
335
122
32
163
87
16
225
228
187
188
28
244
253
40
240
348
339
197
186
7
234
93
280
235
344
325
70
204
164
112
393
106
214
292
178
380
140
363
128
265
111
289
329
388
279
353
196
12
80
248
336
352
171
24
255
384
280
362
87
223
180
284
97
317
161
86
275
103
263
204
258
58
124
270
323
37
169
219
29
36
199
32
35
153
190
11
177
232
129
308
241
166
151
109
145
235
11
120
125
127
306
334
128
243
298
342
158
80
149
241
203
163
153
256
145
303
341
303
146
53
260
352
168
332
2
130
77
161
200
139
93
219
82
322
93
266
68
277
180
36
231
288
322
329
48
13
207
270
278
163
244
275
133
298
256
1
371
180
84
190
352
137
179
247
103
194
386
24
208
68
272
57
114
380
305
188
34
394
339
317
144
214
264
43
335
232
300
347
276
240
44
207
227
52
106
153
196
63
126
251
34
327
19
133
246
146
11
160
201
258
355
30
211
47
201
69
163
304
130
355
350
389
260
164
262
211
159
203
103
150
166
194
277
271
358
205
199
88
72
267
196
364
330
281
146
69
259
203
376
105
277
145
276
352
46
150
362
86
189
224
316
330
239
168
243
240
50
299
68
319
20
79
357
274
217
101
270
207
367
241
34
302
170
26
289
319
257
329
310
32
85
215
387
79
174
18
82
204
362
170
251
175
34
67
105
56
44
56
189
36
211
45
105
324
135
182
88
306
304
10
16
278
378
79
58
229
294
302
388
127
201
149
219
44
286
89
255
30
379
240
254
220
84
235
240
172
176
92
369
251
348
92
375
301
4
14
275
330
189
390
3
262
208
115
55
43
181
351
235
172
128
387
107
388
175
181
54
159
310
230
170
339
214
101
370
318
42
372
59
145
240
323
104
216
80
3
109
81
172
242
118
164
220
311
76
181
277
381
398
67
188
287
147
245
203
360
146
260
367
147
87
152
143
27
227
40
309
108
351
171
36
123
372
242
144
57
37
64
316
387
161
375
15
367
240
227
55
104
394
191
114
77
393
55
140
294
143
67
209
310
299
316
262
360
240
304
371
196
316
162
204
135
44
89
113
244
173
286
50
260
211
59
192
313
388
131
273
271
162
325
105
107
147
322
348
348
244
274
389
277
109
325
249
149
287
340
364
363
30
124
386
306
311
351
284
79
221
41
323
177
219
116
294
187
200
319
132
347
399
327
288
323
22
322
175
29
252
342
242
161
285
303
336
77
376
275
51
254
208
164
213
368
14
68
367
258
274
82
153
345
246
356
287
69
233
358
338
71
35
387
215
202
207
309
371
140
211
128
233
132
391
233
263
151
7
275
383
133
58
149
91
32
97
375
59
231
362
389
92
66
323
140
227
165
257
159
109
368
114
220
237
235
81
10
365
278
301
29
160
6
14
16
71
360
382
99
358
388
378
70
225
133
278
84
99
94
30
240
372
59
78
216
14
368
127
147
382
101
220
380
225
369
385
75
61
37
315
118
341
147
231
284
281
115
258
220
60
55
259
0
316
267
179
90
103
109
92
389
82
398
303
178
62
317
102
134
394
46
214
227
51
204
286
96
255
34
393
133
34
367
290
150
388
299
205
327
83
336
229
202
265
336
10
235
258
158
380
64
382
341
295
227
338
220
357
364
15
360
336
84
93
397
311
246
93
394
196
130
337
366
148
162
1
84
56
150
8
385
21
171
90
220
382
59
136
175
64
263
360
362
149
137
255
229
326
50
69
59
339
84
285
176
254
213
140
311
147
390
240
346
173
231
364
277
3
389
389
69
241
9
390
325
149
305
36
267
166
260
49
9
267
105
321
84
24
140
305
217
82
110
68
70
195
226
321
69
14
165
337
38
258
43
66
390
317
204
189
67
150
267
175
129
263
175
105
267
85
147
316
358
315
53
271
7
43
240
190
6
229
30
330
166
322
158
319
213
90
62
311
379
379
298
117
278
172
269
244
182
179
57
376
152
165
195
167
163
12
72
110
188
33
137
107
128
263
257
247
170
84
43
123
338
152
274
184
161
310
288
115
247
151
239
276
178
24
136
125
166
257
280
121
79
373
316
236
212
342
223
24
43
78
186
304
80
197
223
328
325
25
170
171
116
140
52
235
375
349
6
323
30
299
353
67
238
180
205
56
6
253
18
75
9
178
176
80
205
116
292
389
329
118
107
268
11
208
314
244
373
71
378
362
234
120
373
66
376
371
157
65
244
226
281
340
340
176
144
252
261
268
300
42
232
300
1
201
356
368
298
303
22
103
304
77
156
372
9
373
44
194
242
238
208
10
323
87
167
328
279
71
277
81
149
318
110
17
259
350
280
145
132
302
305
43
263
8
193
225
387
179
337
15
24
203
149
336
273
153
352
394
169
1
37
150
204
109
231
386
208
382
125
83
184
257
331
22
105
288
106
286
205
248
215
389
352
261
71
5
70
245
104
262
49
143
340
326
372
271
235
149
209
393
141
56
92
147
317
186
145
282
394
388
116
119
86
332
216
208
249
294
335
58
123
234
164
399
73
113
93
174
40
336
243
247
193
186
242
45
101
29
68
85
286
61
14
312
261
13
29
375
30
313
165
361
209
188
271
103
330
339
193
215
98
215
43
127
206
220
101
47
233
115
316
365
164
277
75
292
386
182
191
273
77
40
184
31
90
238
84
87
123
178
107
228
188
91
284
364
18
71
81
308
0
267
199
354
302
371
49
98
313
23
80
282
107
246
58
383
88
176
342
210
200
367
53
293
100
154
278
380
170
185
236
174
331
64
176
289
192
71
364
233
22
18
20
246
97
192
279
16
140
209
248
356
40
34
370
285
370
134
233
243
110
309
77
160
204
102
142
186
263
261
268
300
341
141
361
42
37
16
273
351
51
377
6
166
386
90
181
204
195
13
178
162
233
166
19
136
103
44
212
352
265
89
101
112
327
379
119
201
369
261
390
190
258
60
12
140
140
304
153
195
395
108
18
159
247
41
283
31
67
325
161
322
114
379
198
187
91
121
172
107
39
307
137
311
341
121
236
326
157
300
18
339
79
101
72
275
364
176
1
277
392
380
108
332
305
381
232
23
351
104
285
394
114
15
151
28
183
318
317
167
179
217
350
346
51
270
323
55
194
369
83
34
234
300
224
164
129
354
286
183
97
305
156
116
221
135
282
126
272
332
334
55
172
201
306
72
15
87
262
353
197
227
31
366
316
179
369
128
208
371
328
149
9
211
54
84
386
384
251
242
189
297
332
186
385
82
28
243
221
186
183
34
199
163
208
149
389
39
219
230
193
153
30
316
46
155
201
185
114
303
147
198
114
389
81
352
34
189
193
105
79
298
304
96
31
295
22
265
79
188
392
236
27
378
172
38
268
93
120
31
130
318
149
112
246
26
366
38
75
74
270
375
117
253
150
336
303
121
13
101
374
190
205
306
301
169
306
262
108
324
366
140
388
265
379
365
366
243
173
313
267
229
243
367
356
341
257
173
36
336
13
382
176
82
399
156
398
6
67
378
366
116
15
258
64
157
124
226
6
231
69
4
378
312
105
69
83
384
105
360
12
194
227
293
266
221
112
201
355
34
16
74
4
329
37
151
323
19
105
159
145
169
246
210
2
95
204
376
201
30
75
103
269
160
57
145
112
360
107
139
121
288
249
286
80
134
50
86
214
312
39
185
117
318
313
108
186
178
39
291
376
61
8
245
223
188
132
311
53
248
200
379
115
108
57
257
393
350
197
331
201
337
153
357
369
58
132
231
195
34
312
143
169
214
146
45
313
310
338
4
220
378
162
278
55
368
346
257
128
30
151
131
215
41
104
74
149
27
204
18
225
41
92
72
72
64
261
204
16
99
89
22
132
75
232
219
302
234
108
205
274
365
215
288
316
36
316
80
378
390
238
239
388
135
88
393
105
208
41
366
302
29
238
77
109
78
103
166
135
22
369
373
270
218
234
18
51
168
87
102
87
31
101
68
32
124
189
212
289
218
116
303
211
124
114
278
395
317
274
336
388
229
276
322
297
246
99
132
315
87
311
109
180
173
109
312
319
127
332
266
362
227
144
61
208
387
8
194
250
171
379
207
283
378
348
292
347
281
227
273
143
275
277
181
70
87
218
108
76
119
201
97
67
52
55
329
387
105
343
115
230
209
13
112
37
19
135
230
287
124
144
109
260
302
55
126
65
336
127
126
80
179
239
87
56
104
108
191
290
281
68
301
211
152
42
376
75
145
1
88
112
339
87
302
229
41
181
94
375
77
393
146
31
112
306
223
284
131
347
15
53
92
316
261
300
76
356
378
260
268
394
122
393
389
360
81
147
312
91
21
359
288
216
331
38
256
283
256
55
291
388
312
373
139
258
207
40
156
215
76
356
267
176
65
172
283
15
101
236
366
304
277
233
215
146
376
283
232
115
385
264
117
116
204
121
289
190
263
7
97
248
83
154
366
263
330
68
121
27
82
77
314
274
263
171
167
105
283
14
351
209
4
115
117
240
354
172
39
326
37
132
23
225
365
125
234
141
258
87
240
253
88
303
289
387
119
12
197
169
14
306
68
133
54
46
104
84
398
205
52
317
13
280
395
385
226
109
160
369
10
390
345
242
91
40
208
173
277
357
358
122
52
1
251
173
391
32
290
292
7
243
310
172
172
340
24
260
112
295
351
105
65
203
117
190
112
69
137
55
387
306
201
191
136
184
109
292
251
23
241
76
283
18
267
209
212
286
133
244
53
90
197
11
371
383
79
234
165
362
341
167
196
207
63
132
262
25
101
231
256
190
75
399
156
49
280
324
86
145
229
364
134
31
249
363
46
189
161
213
160
216
243
326
78
267
186
187
150
283
5
320
52
24
79
223
264
387
347
335
389
167
332
161
361
10
132
53
77
131
149
219
257
387
40
14
382
235
193
98
124
26
302
204
183
34
86
337
313
321
334
354
333
370
160
321
244
73
171
124
77
262
385
229
208
84
244
30
218
393
124
183
65
125
140
203
120
68
68
182
313
22
86
122
84
383
127
308
205
353
189
32
364
157
22
389
39
113
174
214
359
232
379
342
319
208
204
25
54
265
13
323
55
67
270
186
241
245
318
87
244
389
26
119
319
225
244
191
226
378
335
377
366
42
186
321
149
283
91
330
149
212
150
1
20
229
220
246
220
287
292
134
194
326
27
104
281
236
369
250
213
264
207
89
276
74
215
276
75
391
331
285
260
150
272
358
91
188
359
262
154
237
279
337
386
208
378
327
31
129
398
227
61
239
330
104
356
103
149
356
343
41
356
379
233
255
141
368
175
67
378
206
250
131
204
43
350
170
195
36
14
89
16
327
67
65
65
285
338
150
380
218
58
192
267
180
77
45
108
167
60
50
65
298
225
314
31
255
330
135
6
306
305
283
75
38
195
224
192
178
310
305
199
184
203
75
18
157
168
301
115
72
148
169
183
121
45
235
163
158
370
218
274
179
107
206
308
211
345
345
102
149
167
127
323
43
336
265
348
6
231
253
235
172
130
387
310
139
77
19
324
43
46
32
61
15
269
172
319
26
256
304
147
387
199
177
93
262
365
354
363
258
386
277
43
160
157
204
182
285
112
10
101
306
344
334
344
78
300
239
209
43
254
203
143
384
1
128
230
149
42
228
32
123
340
139
231
154
238
269
316
149
6
61
187
349
177
200
199
318
69
203
374
49
115
129
378
164
86
331
278
399
145
126
345
289
223
339
1
356
374
168
162
213
197
330
16
228
286
339
221
242
69
188
41
162
247
206
132
16
205
77
241
299
353
13
217
12
176
211
161
164
110
241
283
349
288
90
389
356
13
31
82
13
315
119
303
220
357
163
368
315
389
192
303
276
87
118
304
351
259
243
349
258
83
309
254
384
131
284
177
264
333
252
351
47
30
40
175
223
201
192
277
140
172
39
93
8
389
166
23
391
390
242
152
376
85
208
394
247
63
315
215
105
228
307
78
147
299
94
162
41
72
219
136
281
304
31
234
235
317
63
307
361
230
85
280
304
285
157
167
45
169
183
255
201
164
172
294
379
99
248
352
78
285
295
398
328
78
29
18
217
121
275
85
143
71
41
7
208
255
6
304
37
83
180
223
61
43
301
306
346
107
262
162
127
47
215
283
3
122
332
134
172
323
291
355
124
87
223
145
193
290
194
391
86
117
225
395
215
298
198
67
115
183
238
113
195
132
157
321
19
303
283
33
247
234
198
106
388
257
289
68
191
140
330
253
8
22
329
9
12
0
345
309
356
151
103
240
309
108
391
254
32
179
359
279
28
116
150
179
142
258
138
125
291
97
376
70
232
35
278
113
315
2
150
183
187
201
163
283
3
328
125
329
298
31
329
350
151
243
48
209
16
337
306
27
71
336
360
218
174
82
159
351
56
226
91
53
242
199
349
20
203
53
293
164
167
172
51
184
277
9
311
205
289
385
201
10
139
43
115
366
53
233
277
249
55
275
107
321
103
96
103
184
103
295
295
92
239
247
129
34
354
280
366
63
130
41
243
101
308
82
380
211
148
276
140
82
258
204
41
84
23
215
70
19
282
0
46
101
234
99
366
325
313
333
103
315
393
261
258
256
389
242
29
328
393
180
172
203
379
53
21
364
309
349
66
68
300
376
41
383
182
109
218
390
308
160
229
167
97
234
108
222
248
352
113
292
192
264
314
19
188
200
199
21
132
299
359
127
38
88
399
46
105
80
48
19
112
168
258
105
109
119
54
145
211
110
281
190
283
380
11
308
200
384
134
297
66
230
365
126
301
193
322
2
221
215
13
205
97
250
399
108
86
93
52
239
311
291
313
126
382
257
210
48
291
25
105
26
351
333
324
74
199
155
282
228
325
372
198
283
194
150
223
151
164
73
99
322
104
281
287
316
125
179
8
34
323
118
399
70
14
112
60
309
307
222
221
151
56
227
96
42
38
2
376
251
160
94
313
254
377
259
170
275
177
72
67
189
342
60
302
229
174
155
169
137
94
306
358
358
116
145
16
203
71
380
316
201
325
68
229
230
50
116
319
64
29
237
256
87
247
139
247
275
238
336
56
281
388
115
108
221
27
160
363
105
115
283
292
42
274
245
12
233
220
240
46
306
288
234
346
256
82
51
66
116
204
199
35
287
169
171
187
279
104
74
10
332
2
395
388
348
359
307
180
132
232
240
336
364
230
332
93
389
94
34
110
8
379
22
349
121
144
84
118
240
152
160
370
202
87
222
292
99
40
398
381
16
117
395
322
306
232
298
153
363
360
196
82
269
134
317
39
289
284
132
253
139
257
352
65
12
79
274
149
248
330
187
23
29
245
186
257
250
230
110
104
298
16
286
99
115
131
305
99
31
188
306
242
3
204
74
115
246
166
79
29
24
53
360
306
86
64
229
259
211
179
354
368
255
139
273
371
231
133
115
201
126
96
291
251
93
1
392
25
292
315
300
286
140
102
341
314
277
1
195
40
214
54
265
12
322
10
149
112
302
124
188
398
134
279
291
304
376
227
231
188
178
109
244
15
380
33
398
396
103
4
338
160
180
338
5
285
30
254
349
96
195
233
67
34
315
292
398
132
107
203
252
0
391
255
174
332
199
389
203
197
316
140
291
107
208
294
362
234
11
127
205
273
284
316
365
22
287
152
174
395
392
334
146
298
375
240
255
0
69
27
30
348
126
269
272
328
213
150
317
65
203
199
312
89
112
157
7
230
296
286
359
262
44
131
379
133
112
307
127
209
130
349
56
122
125
192
346
86
68
368
164
50
101
367
288
198
122
187
103
373
174
377
348
216
365
339
394
83
22
239
271
374
324
183
172
31
315
124
204
378
379
311
221
206
251
142
191
327
110
150
54
15
145
179
13
81
345
157
128
87
188
304
121
389
230
40
338
339
174
166
398
384
254
230
106
202
344
28
364
203
27
149
231
243
277
187
229
232
304
278
275
170
191
80
129
286
145
278
249
353
367
391
217
311
161
59
302
383
135
22
270
38
244
100
302
323
169
360
95
3
302
184
132
150
202
311
398
197
26
18
230
174
83
2
129
314
226
258
185
83
353
11
34
259
72
223
41
116
77
332
242
140
283
242
28
289
62
262
324
116
104
226
391
69
356
133
245
192
205
258
333
390
305
190
72
138
1
37
269
306
251
342
285
71
183
380
336
373
380
254
220
234
240
176
130
263
79
148
165
365
175
334
51
110
137
245
384
217
358
22
41
283
68
345
242
59
376
130
286
23
317
261
45
29
222
288
232
387
135
149
98
352
76
374
51
148
1
46
117
65
368
103
342
352
318
160
47
143
387
173
40
397
79
105
83
79
329
346
26
250
248
31
133
274
258
166
86
105
305
125
55
1
180
347
41
197
202
129
305
220
181
301
16
231
163
171
340
250
364
115
10
37
324
190
69
30
167
348
120
105
147
13
51
213
354
372
156
215
226
380
112
365
162
16
174
56
331
61
331
39
382
301
183
181
303
349
58
341
275
322
14
88
225
94
256
254
193
15
203
14
204
292
184
295
129
399
101
356
356
50
149
181
68
239
84
233
261
339
351
272
24
212
196
157
323
173
82
352
237
300
1
31
261
36
263
330
43
372
181
161
134
228
174
46
197
219
1
113
389
254
389
365
379
206
240
280
390
12
183
323
287
139
214
67
236
169
229
389
383
194
45
55
88
2
107
317
69
227
132
184
182
41
383
339
159
52
298
176
343
345
49
115
17
287
272
85
258
290
13
172
367
140
249
260
133
343
157
361
220
200
1
230
49
237
54
213
119
211
215
198
264
129
169
385
77
55
189
188
362
336
301
79
230
360
399
253
91
252
133
344
345
61
277
31
315
347
105
343
92
256
9
346
0
282
35
217
21
133
94
8
37
298
41
15
108
64
52
257
129
160
134
389
24
255
217
201
265
391
205
95
230
30
304
155
340
229
2
112
360
167
115
61
323
327
26
97
319
345
366
51
217
10
188
232
165
378
367
243
212
93
357
134
159
75
299
250
398
347
147
384
335
257
189
160
135
288
39
189
186
283
317
56
86
203
221
195
172
292
351
44
68
129
196
72
43
284
285
182
313
284
61
194
281
18
255
211
316
199
285
178
396
176
17
92
250
252
107
337
82
284
334
72
264
178
366
83
263
53
231
114
13
241
358
194
210
340
340
148
253
310
238
338
30
233
123
182
52
348
130
319
336
353
52
116
233
158
229
187
105
17
137
53
37
168
223
127
139
106
237
261
136
29
89
215
248
130
5
82
282
283
23
359
207
322
101
0
161
314
167
399
283
306
301
365
100
387
160
151
278
13
140
255
303
276
323
140
262
180
150
105
137
355
285
179
189
339
139
262
246
45
166
136
371
1
340
181
288
125
147
184
82
124
97
326
78
230
125
285
288
103
118
383
372
85
255
245
167
83
240
172
160
92
19
226
312
28
43
18
245
152
396
174
181
282
23
333
236
244
148
30
301
261
79
149
11
93
292
215
236
128
304
239
330
220
293
219
161
27
248
291
115
348
2
140
233
57
331
25
63
176
114
180
107
260
235
67
279
393
301
283
175
147
308
114
125
215
95
102
118
244
336
277
32
13
222
227
52
51
283
204
116
294
56
150
135
30
270
396
147
159
287
204
104
380
173
219
133
109
316
114
180
154
71
291
308
303
210
258
134
131
294
306
151
288
366
301
175
69
51
54
169
224
47
97
350
378
338
388
31
221
59
89
395
231
165
160
52
254
308
118
271
15
201
55
196
234
150
147
24
367
238
388
356
159
333
193
229
123
65
394
201
224
371
114
204
199
233
182
29
56
250
170
378
56
289
98
388
43
289
10
369
24
294
307
142
2
399
300
367
134
357
180
174
228
246
87
209
254
387
203
393
150
368
142
16
294
200
337
43
110
278
283
186
339
224
317
1
243
230
50
147
244
196
277
93
24
246
262
213
79
302
387
78
382
218
116
193
265
295
205
124
257
220
185
154
65
101
98
359
130
319
121
40
386
2
20
285
120
235
301
110
108
204
241
40
381
55
340
344
327
101
245
323
44
391
30
35
191
110
50
123
224
30
86
125
173
79
138
45
381
294
239
231
304
183
304
253
243
13
123
140
216
277
152
79
181
149
21
35
398
14
5
251
2
92
261
81
285
0
230
162
347
304
280
103
137
114
233
130
64
149
74
164
195
53
64
138
181
7
127
292
107
132
35
316
37
387
17
216
396
284
228
210
40
65
83
379
21
258
315
241
107
257
224
247
397
161
164
167
287
36
289
369
171
27
97
105
350
254
270
199
94
204
260
265
236
353
121
123
177
35
332
221
225
177
261
2
212
124
330
398
379
213
187
326
302
378
302
178
261
270
165
243
190
390
298
247
248
78
336
128
188
61
29
229
230
95
290
147
319
128
134
140
174
275
182
318
173
80
153
68
292
251
349
334
48
190
287
353
271
362
94
382
279
269
1
101
236
150
252
396
116
386
124
314
106
2
347
72
372
2
139
142
186
399
105
158
182
312
316
256
248
197
229
287
327
373
165
162
72
299
97
250
256
348
37
315
366
1
24
264
123
267
243
106
29
310
29
166
28
84
68
14
96
320
166
170
104
167
236
275
111
235
292
45
268
198
240
130
283
200
107
234
326
393
299
253
186
373
19
161
277
31
82
171
75
46
283
269
338
378
286
285
365
339
242
302
321
388
16
220
203
290
239
191
219
234
321
1
284
105
199
307
215
387
78
177
31
354
283
105
229
179
135
360
167
305
17
278
84
80
207
72
281
171
159
211
1
278
120
150
102
22
370
104
258
75
197
53
241
21
88
242
152
207
394
271
183
370
359
45
360
52
204
39
7
316
199
157
232
28
161
304
13
319
142
161
262
240
360
149
340
299
283
139
394
321
333
65
304
234
336
92
225
321
0
13
140
254
109
39
100
72
128
95
337
68
369
11
173
382
206
304
273
334
145
193
93
290
228
104
288
260
34
100
174
233
95
81
380
294
213
86
83
105
141
362
340
131
190
292
336
172
317
307
24
156
36
320
370
55
105
227
235
68
53
279
233
308
188
370
198
14
87
328
210
112
30
116
182
270
176
211
257
106
122
170
343
351
235
251
326
155
40
149
134
292
100
391
62
232
255
15
282
98
341
104
32
242
263
52
230
358
200
284
238
337
156
189
97
315
291
16
278
321
189
232
182
99
136
11
376
193
134
393
207
174
178
205
87
111
116
164
331
207
260
40
220
244
331
346
174
278
219
75
317
369
23
199
227
19
301
156
161
147
273
75
239
91
159
15
91
74
169
142
233
35
383
193
61
84
110
315
126
387
93
148
122
78
91
264
360
301
239
6
293
211
118
116
264
149
293
221
315
77
358
140
216
99
209
155
27
201
135
30
34
9
383
19
71
399
364
288
32
292
182
1
395
28
143
347
230
377
134
239
249
219
147
128
386
323
233
38
137
86
108
282
308
367
327
310
236
247
180
88
193
384
319
181
378
14
378
258
344
6
395
79
255
217
371
378
19
165
84
69
244
54
316
53
200
132
75
1
78
308
210
301
353
120
360
55
159
264
306
259
237
363
243
143
209
28
119
28
158
3
260
299
20
339
200
256
271
31
302
307
17
198
71
264
339
146
188
165
92
389
394
394
204
262
373
67
214
13
211
376
230
209
127
232
42
41
278
190
201
6
103
334
130
83
278
112
212
133
118
27
24
302
83
283
379
318
246
87
237
46
221
275
214
250
197
160
157
108
295
77
43
338
258
130
274
8
218
132
131
384
358
192
22
278
377
13
382
360
349
191
336
336
376
70
42
134
153
336
289
266
210
106
121
337
379
120
303
294
34
290
164
237
379
282
278
40
306
144
124
51
265
102
79
23
34
103
304
110
170
225
275
126
15
143
312
46
217
311
308
315
128
380
340
192
375
337
108
21
307
242
179
257
42
295
199
18
57
156
26
129
75
116
391
345
231
328
302
326
269
121
54
243
162
201
132
158
310
243
335
382
197
69
299
388
197
240
301
46
153
330
194
101
117
351
6
267
29
301
121
67
276
82
99
218
220
245
80
255
42
241
195
302
141
142
216
164
50
345
124
81
15
5
150
1
79
389
379
321
212
262
199
241
242
174
58
377
341
138
269
46
23
24
22
262
210
189
353
43
138
101
327
74
32
179
381
291
246
128
398
82
397
128
114
125
210
111
45
29
6
75
382
107
19
387
289
243
346
1
346
289
153
260
147
324
84
116
270
292
288
102
88
48
80
106
67
321
344
159
69
99
77
374
69
138
332
199
91
100
317
300
244
329
311
94
259
283
140
220
391
224
290
370
92
310
49
16
21
209
364
163
269
282
352
313
285
91
318
373
128
387
145
59
158
280
270
111
202
104
199
330
107
126
368
321
189
128
390
321
276
162
388
274
105
223
158
138
129
91
170
372
264
203
353
147
123
330
369
40
105
232
225
340
342
263
214
225
244
124
284
292
306
215
20
172
185
182
112
204
284
36
303
164
246
34
56
349
19
345
164
263
125
339
326
59
250
338
392
385
393
222
318
361
19
227
135
189
203
380
21
67
107
170
307
201
180
217
230
60
67
75
267
367
53
91
227
277
129
262
258
357
40
330
217
171
69
263
197
49
153
164
75
247
212
359
359
128
163
107
214
195
106
140
53
274
336
82
189
158
69
27
273
138
173
33
31
379
11
2
100
50
57
162
64
15
17
273
174
294
144
243
229
50
250
14
364
398
22
7
6
121
360
256
375
318
36
150
152
129
235
217
203
32
254
208
192
111
164
203
94
197
325
97
144
313
265
243
386
305
142
291
351
186
286
218
37
352
105
28
396
89
241
226
87
46
244
27
270
197
339
130
287
247
300
391
382
117
324
253
51
140
222
247
273
242
256
330
249
176
66
399
83
11
201
80
174
312
188
40
19
343
178
370
98
174
23
304
351
219
170
204
161
356
203
236
153
173
113
363
349
182
283
97
305
130
127
275
190
349
94
112
278
147
217
68
346
278
174
214
130
398
253
160
382
90
268
312
379
102
96
189
48
187
48
367
11
316
31
122
83
21
4
95
134
301
31
153
250
28
40
147
276
68
396
203
17
149
105
360
137
75
80
392
153
376
128
60
130
52
23
370
136
79
186
333
325
350
370
268
62
46
132
78
117
153
389
1
56
248
230
372
185
156
150
115
54
391
232
53
358
359
215
134
344
173
277
331
386
290
358
142
336
57
219
340
51
100
257
369
394
373
69
322
80
70
141
103
259
153
179
136
397
69
220
93
316
289
363
289
353
174
385
364
37
316
305
339
262
393
145
83
250
315
242
77
95
285
98
332
217
158
302
300
236
181
230
219
374
141
142
218
394
23
52
393
299
272
27
173
245
82
51
300
21
385
389
369
83
255
289
54
362
384
382
67
187
22
258
27
62
56
121
276
157
265
66
260
355
99
373
63
398
45
386
285
197
245
38
33
39
373
104
336
356
9
294
141
42
103
261
254
100
50
323
295
40
125
61
266
387
68
313
24
134
217
221
308
56
51
149
321
18
276
35
70
105
259
144
129
66
242
390
219
393
228
169
389
40
94
363
125
104
197
227
283
156
189
129
160
78
228
301
356
74
130
65
347
236
142
306
380
313
314
78
218
42
261
262
240
277
260
298
140
381
180
44
319
115
108
49
167
319
118
112
339
303
278
225
263
287
385
284
19
140
151
152
331
389
254
359
323
122
273
335
177
23
214
252
242
81
180
205
323
177
123
99
335
84
25
179
25
121
86
162
227
235
61
10
140
386
366
108
104
370
277
49
241
226
148
336
43
92
385
205
78
109
232
350
42
55
345
385
398
144
253
41
155
77
274
35
15
324
311
364
303
109
383
163
341
220
228
210
378
305
0
304
384
101
181
58
67
382
147
378
187
35
68
74
261
261
56
291
46
375
216
226
338
393
147
301
151
255
347
125
386
39
253
60
182
127
222
246
69
291
139
397
174
128
30
153
280
276
388
137
345
115
281
297
211
294
358
308
107
341
55
42
105
153
19
111
49
25
172
360
12
191
336
71
382
183
274
278
167
35
307
323
311
180
144
374
109
136
272
197
256
195
102
17
288
145
129
355
227
194
269
283
52
120
60
320
302
393
204
271
308
112
21
312
229
201
269
358
391
54
52
130
335
221
258
41
283
140
84
52
325
27
130
24
301
355
182
155
9
134
188
294
267
143
196
399
204
113
114
170
79
53
278
88
205
196
280
253
146
245
363
363
243
246
277
13
344
352
271
126
365
210
299
81
331
383
398
143
117
24
77
101
22
105
391
262
157
148
48
174
14
26
105
356
148
213
95
392
191
288
172
21
256
194
335
271
288
6
283
317
248
90
303
309
110
104
336
126
234
278
164
100
174
233
289
207
217
359
395
115
149
331
213
137
54
119
75
340
347
358
372
282
235
161
134
327
106
16
111
167
242
160
160
224
104
348
234
116
205
174
19
130
300
260
87
354
162
348
292
208
169
246
209
129
148
271
326
209
341
360
374
389
150
336
175
9
27
346
37
189
172
77
40
112
211
223
144
292
66
125
153
311
130
204
71
385
70
343
88
376
308
179
38
301
92
316
198
73
248
308
137
363
137
346
292
96
396
308
120
347
24
307
113
211
258
373
147
12
214
59
177
283
152
174
16
256
188
246
33
145
39
179
396
209
340
362
47
21
135
166
298
5
139
116
283
293
172
130
73
23
362
289
264
233
310
160
30
319
295
318
182
164
226
153
68
239
5
260
393
110
84
203
363
82
303
298
55
159
297
92
292
180
265
159
61
152
172
119
394
51
202
268
244
254
321
39
181
153
97
59
152
159
214
268
325
332
323
104
276
204
298
131
247
134
33
259
370
327
19
275
25
188
225
240
172
117
164
313
156
79
176
344
328
132
239
240
127
27
328
42
339
348
381
150
390
115
300
201
160
142
127
38
262
188
182
246
94
367
131
282
235
243
16
184
399
212
209
385
376
268
82
278
29
326
202
173
389
136
387
181
157
272
281
69
237
283
202
256
138
38
12
130
133
315
385
127
389
49
125
209
392
321
273
290
395
89
5
322
339
110
184
182
367
222
299
87
135
169
64
354
367
166
359
15
59
63
60
305
44
243
7
304
158
121
74
151
162
378
130
227
27
25
18
352
69
235
31
316
156
59
156
253
147
20
276
195
169
224
8
365
8
45
283
350
50
209
387
264
370
336
161
385
225
356
386
28
118
342
59
103
117
219
346
78
231
302
109
114
294
107
336
348
283
270
108
209
97
76
318
24
25
354
200
103
350
233
79
151
189
80
187
125
140
42
227
201
251
225
196
61
322
48
373
93
123
378
302
203
318
377
137
61
240
170
39
261
331
166
53
45
243
30
310
313
398
242
46
235
210
232
122
153
83
130
16
133
221
338
267
40
53
185
175
12
340
130
52
41
245
143
97
0
198
124
337
46
181
211
244
259
283
315
240
256
354
116
283
148
323
317
23
291
103
148
62
376
295
221
343
368
7
350
294
90
91
399
166
382
264
240
258
104
382
15
212
53
304
37
251
64
110
140
398
339
390
349
228
352
190
334
241
34
263
287
379
204
369
203
209
123
57
356
2
197
280
138
213
140
366
15
316
328
123
195
17
84
96
218
97
360
196
178
45
132
301
24
207
67
253
12
379
378
249
205
253
12
255
41
176
318
35
106
325
157
290
69
84
132
146
334
75
107
167
39
88
118
350
232
277
70
18
119
337
303
216
157
301
232
177
61
214
375
43
37
29
398
160
248
198
10
362
358
384
291
365
65
360
232
278
301
332
5
343
201
267
94
122
55
138
259
92
149
240
57
322
365
28
46
140
24
330
151
363
291
18
304
382
236
103
241
71
277
124
323
304
160
55
42
268
221
132
209
297
135
112
252
253
147
37
104
378
18
304
304
157
256
232
136
303
317
229
201
12
230
163
55
175
120
226
283
119
235
190
179
125
360
1
203
80
312
27
84
215
310
299
158
252
360
272
208
41
151
184
23
324
310
87
116
172
255
207
290
340
315
0
22
150
228
84
242
15
197
307
355
114
372
275
262
29
355
304
308
109
169
349
324
218
39
344
303
232
166
180
84
345
27
167
179
358
261
151
209
84
385
103
174
393
390
296
144
34
338
323
328
193
182
7
309
56
272
278
255
49
189
371
161
212
67
284
336
5
176
255
28
165
359
201
85
229
399
197
119
178
14
106
390
240
380
235
149
257
126
27
366
399
221
291
228
116
226
8
32
187
172
338
128
153
66
355
210
157
19
344
174
23
8
332
59
237
229
108
366
73
113
229
109
57
112
155
11
201
14
325
360
197
84
338
38
384
218
354
111
76
270
58
189
70
334
95
338
157
145
348
11
219
151
358
98
12
12
28
110
158
124
324
112
254
235
285
9
264
214
197
372
82
393
159
318
228
394
170
232
124
207
234
211
75
11
344
240
356
250
362
42
19
263
149
2
84
371
179
126
22
157
47
220
398
19
146
123
306
140
59
289
147
399
295
14
106
92
329
303
352
167
170
33
321
198
1
46
214
183
109
354
303
399
260
79
177
379
183
39
307
343
77
318
75
17
389
322
298
295
80
14
273
234
363
223
4
118
181
312
91
356
182
344
140
291
51
63
140
116
379
124
52
106
50
49
52
367
230
163
40
222
332
127
9
146
107
5
69
15
124
233
16
12
241
157
169
148
363
134
290
399
274
104
133
114
202
60
223
152
201
107
315
251
201
213
230
233
21
102
101
175
73
178
115
148
77
236
351
206
23
238
218
360
181
265
262
275
41
275
82
294
197
292
242
259
363
187
0
109
54
136
271
72
248
187
83
169
234
374
68
304
237
13
110
307
118
114
108
178
121
149
285
149
347
321
76
248
59
121
60
19
292
6
40
173
151
104
77
40
126
193
305
91
326
84
286
87
66
88
59
383
180
278
79
215
201
86
302
253
204
11
285
249
69
121
13
152
43
135
246
229
140
58
64
148
96
172
272
308
125
387
277
161
389
219
329
8
195
14
240
181
103
140
243
293
275
204
323
334
189
291
138
43
14
137
98
273
100
253
322
387
263
378
153
130
143
141
194
150
249
44
380
36
175
304
348
35
44
284
69
229
205
146
27
397
373
285
39
306
84
262
195
112
152
72
187
14
352
275
233
178
44
153
151
107
54
164
379
365
245
328
383
379
188
55
103
346
4
254
159
226
204
69
389
243
43
179
289
15
367
274
310
98
49
366
319
52
143
235
256
79
188
36
258
119
93
114
253
91
236
256
169
144
258
307
223
331
365
324
241
141
248
142
77
156
130
57
271
139
314
254
339
101
37
155
70
23
119
383
245
291
172
139
144
338
157
375
7
27
379
392
205
155
98
134
297
307
121
14
181
390
218
58
372
189
130
288
220
173
342
221
9
220
393
16
282
24
225
121
101
333
199
70
247
278
172
149
369
241
340
312
122
175
95
151
217
256
173
149
379
128
105
22
117
364
220
140
162
78
148
150
265
179
149
69
117
296
117
16
173
209
155
98
199
140
355
388
289
318
321
323
363
143
389
317
119
249
52
338
347
131
258
170
311
42
326
240
9
103
286
81
267
185
345
136
379
217
258
378
12
315
232
234
213
367
255
219
51
304
41
146
242
160
88
391
37
6
64
143
212
371
3
92
105
162
6
324
312
389
125
172
150
108
143
399
14
293
128
383
36
77
68
264
395
164
80
132
185
0
283
3
149
379
365
256
46
20
306
199
219
342
93
350
246
62
208
139
95
243
51
299
148
262
299
143
125
25
36
356
188
171
143
267
359
225
149
324
174
35
228
340
133
74
75
60
117
251
220
346
94
180
36
171
54
1
58
327
81
131
226
127
375
326
72
293
302
246
81
91
372
150
166
0
143
213
261
177
204
392
69
57
115
68
331
217
68
194
303
4
254
161
78
61
336
240
0
65
158
259
392
256
76
37
44
396
18
396
363
330
111
18
127
232
318
129
82
59
70
3
97
12
105
53
176
112
189
207
103
292
57
247
18
323
396
347
288
19
362
275
140
125
41
72
292
81
192
160
317
40
204
202
250
186
165
340
316
332
237
125
1
199
188
89
130
9
124
288
284
248
391
18
205
29
280
173
157
74
40
13
100
203
150
249
358
197
73
222
229
101
140
345
258
40
132
192
370
347
46
45
242
306
79
224
280
350
180
129
312
4
128
23
31
367
270
369
262
270
354
165
204
78
3
57
280
329
237
20
287
38
0
87
111
198
129
392
186
228
238
32
258
370
340
1
207
280
346
67
348
89
8
248
333
13
219
11
209
72
282
344
24
19
105
12
185
372
208
249
224
51
332
395
383
56
138
259
220
118
358
368
149
289
348
49
362
294
109
188
12
227
6
224
235
169
301
152
59
41
373
164
167
203
126
302
319
27
199
340
113
181
238
0
200
4
240
90
366
115
338
306
84
70
40
245
202
17
350
360
180
43
10
256
4
304
5
107
109
151
293
362
379
316
303
196
269
101
374
192
93
333
118
272
135
233
256
79
376
330
146
329
62
231
238
141
33
16
177
300
75
134
170
30
76
273
242
96
325
385
116
66
262
250
370
82
48
215
247
375
395
237
396
45
293
204
314
49
126
219
394
157
122
181
156
132
295
131
142
2
271
235
144
61
163
327
184
42
134
277
368
19
256
370
126
202
156
204
202
331
248
150
376
270
107
24
214
74
391
293
289
277
26
372
262
65
28
201
317
154
103
160
248
114
305
251
388
14
145
304
328
114
252
162
76
394
16
285
68
272
190
268
222
223
323
262
393
53
61
327
176
369
160
142
115
41
282
189
95
2
98
93
280
105
113
131
152
172
68
172
257
186
75
269
273
58
20
180
321
171
145
322
41
98
379
395
56
16
86
326
114
56
102
219
219
275
83
253
133
85
79
226
370
97
56
239
77
186
256
215
130
292
22
395
121
246
126
123
240
19
256
180
394
152
0
70
377
46
206
279
396
355
5
29
58
204
264
7
50
186
150
113
161
13
335
278
74
8
67
257
193
371
298
142
48
139
174
306
192
257
231
186
214
14
350
84
162
39
59
74
303
395
94
364
280
319
86
285
56
200
1
222
220
22
112
254
284
294
319
205
164
22
13
3
318
255
15
56
203
240
305
121
221
76
251
148
119
193
96
133
302
264
1
40
109
302
145
316
239
284
256
225
270
254
359
24
334
218
2
174
391
203
354
383
62
254
369
174
145
15
4
162
11
248
277
140
114
70
149
143
104
216
121
16
261
183
71
301
118
286
120
5
78
201
15
102
267
136
380
43
336
109
349
265
162
45
399
269
396
152
326
204
372
192
384
320
380
59
119
172
264
209
258
77
227
82
223
318
161
233
172
119
200
173
378
55
116
398
23
164
25
79
383
48
186
211
75
300
211
30
4
83
19
257
213
69
126
74
250
214
78
317
376
80
301
205
14
56
75
0
346
87
317
36
245
307
183
60
270
5
42
15
64
281
318
138
309
385
251
13
77
127
387
121
293
15
330
68
382
49
96
252
215
210
207
219
97
40
127
143
84
360
346
378
151
392
171
131
2
289
382
336
322
56
202
381
127
161
90
46
256
325
289
397
314
58
273
356
313
352
358
390
267
4
355
237
167
109
111
389
177
330
256
327
238
164
380
309
322
237
108
376
51
23
160
346
34
46
310
204
346
240
186
53
1
381
149
218
241
335
44
240
342
390
5
198
220
80
240
110
389
210
11
202
142
312
209
46
21
61
304
203
37
337
342
246
116
44
87
332
284
307
322
324
240
148
88
124
370
317
373
122
298
193
316
200
121
4
112
234
225
141
340
20
204
117
199
188
115
363
259
114
212
133
37
276
48
307
37
15
50
258
42
389
216
112
118
158
118
186
341
133
272
11
40
234
41
250
187
194
334
351
206
68
258
218
275
71
326
38
215
41
109
36
215
398
71
308
301
148
280
177
93
352
379
253
59
289
296
201
101
7
203
226
70
177
107
16
51
223
7
335
193
258
113
342
150
362
167
203
209
363
151
85
380
95
104
111
75
11
339
269
264
49
321
300
214
365
159
119
132
100
74
126
293
206
385
186
359
212
93
82
16
37
337
313
167
120
254
280
324
261
358
340
275
172
132
124
305
271
280
367
194
238
134
191
9
366
174
138
382
209
295
238
114
372
307
230
222
212
232
212
231
26
71
170
202
200
351
152
307
83
184
304
365
281
51
191
8
329
89
8
193
389
227
313
167
330
31
46
115
69
36
142
16
64
324
364
39
341
153
20
77
324
129
43
219
151
229
270
376
6
354
9
37
160
256
305
65
382
248
76
164
306
286
33
179
328
131
192
164
257
272
145
336
227
96
91
346
274
229
13
0
200
27
140
1
316
284
22
192
210
286
293
227
164
242
297
3
113
55
340
247
204
218
223
1
22
149
260
100
329
128
34
164
24
91
171
16
131
324
209
130
31
99
257
230
261
391
29
185
247
234
32
304
44
310
18
16
39
24
340
39
180
363
116
217
170
172
32
180
272
70
267
350
18
385
74
116
243
240
393
259
377
129
183
186
387
85
328
331
256
20
176
97
296
330
245
126
308
349
63
383
391
49
238
132
242
327
354
349
291
252
220
245
83
371
309
204
273
302
347
386
103
14
395
220
226
263
149
327
104
40
22
129
27
147
218
160
56
366
192
296
351
112
111
244
200
179
303
161
302
209
299
60
204
177
79
315
249
126
64
2
0
194
387
289
383
144
56
251
310
255
326
224
51
117
229
31
197
22
399
148
196
107
345
273
275
334
384
81
353
263
273
101
357
384
169
313
217
265
259
119
329
380
1
389
159
153
318
46
232
123
233
321
299
223
188
15
348
19
282
351
367
234
282
258
326
140
265
37
210
341
318
107
304
40
165
224
175
20
301
388
278
281
319
383
310
106
156
27
80
227
295
280
220
186
288
347
385
384
188
88
208
325
127
172
197
233
355
137
25
240
78
55
93
58
86
218
36
172
73
282
16
32
352
229
369
362
150
8
103
284
323
374
88
9
271
37
301
363
24
280
382
134
85
378
239
93
187
279
253
142
150
382
306
296
234
166
318
88
137
145
122
265
225
42
352
184
153
124
175
110
69
205
359
159
19
204
178
52
170
22
16
161
287
30
329
60
18
88
278
337
99
219
56
8
123
255
14
264
202
171
82
287
96
143
150
62
281
31
91
249
396
388
358
246
2
256
394
101
105
125
201
148
247
254
218
2
103
265
385
179
8
313
109
227
26
307
308
387
76
85
230
249
120
19
268
49
220
38
105
108
304
352
395
196
291
369
1
129
34
83
331
330
204
259
175
248
167
375
203
375
41
397
388
115
118
65
19
336
158
27
293
252
392
278
64
356
234
166
42
197
273
32
158
369
28
259
247
10
292
216
350
98
262
217
207
228
302
273
201
245
136
93
188
251
129
222
382
27
265
360
77
286
219
354
161
216
72
161
24
257
145
258
204
331
255
362
126
304
259
71
18
103
196
117
388
37
70
220
99
383
346
241
152
141
42
358
16
5
346
231
251
23
172
44
338
43
87
183
171
220
388
347
31
310
88
359
256
148
143
140
260
377
264
276
389
260
167
379
312
203
6
207
230
313
351
100
346
119
221
217
387
60
294
149
251
171
59
349
203
365
105
83
367
94
93
204
202
7
194
252
39
284
210
261
190
304
60
102
298
312
326
354
297
150
210
367
277
340
267
274
31
325
130
128
78
137
37
20
92
110
276
86
183
392
393
79
201
134
391
330
235
236
149
288
118
185
190
395
288
23
186
82
326
98
150
313
280
75
108
258
244
239
129
291
262
243
73
339
305
277
308
275
117
244
354
361
106
59
378
360
225
70
362
165
91
252
179
287
133
32
348
362
5
224
62
224
163
178
203
82
356
120
229
243
77
310
307
104
249
287
56
56
116
323
310
354
359
284
59
67
248
187
227
390
238
156
203
282
101
350
32
283
3
149
258
55
393
27
6
262
278
337
68
111
259
372
244
225
11
303
283
348
338
228
365
306
262
305
58
5
274
387
173
72
99
361
36
146
46
271
388
379
58
206
300
1
166
49
74
292
166
257
202
398
272
254
117
318
284
180
37
215
44
210
294
226
185
128
395
130
279
203
262
273
135
330
27
243
84
75
78
164
71
373
133
356
392
118
40
359
76
130
192
51
210
30
187
6
308
354
125
354
270
109
107
387
172
241
8
388
367
256
304
92
85
387
256
101
306
326
117
377
186
252
7
274
80
94
45
351
113
109
279
117
81
198
201
4
6
161
204
140
393
375
323
81
1
398
216
188
375
272
292
16
303
183
61
285
273
34
77
175
87
231
218
159
276
350
97
120
102
237
117
123
189
18
128
42
274
148
305
53
280
137
304
300
30
166
49
369
377
362
255
378
329
277
318
223
381
174
279
117
223
282
398
193
136
269
358
124
294
170
150
308
150
399
159
197
192
367
152
71
44
11
212
394
28
135
36
277
170
305
280
299
194
246
184
245
170
273
228
144
14
29
141
306
275
294
282
14
393
188
204
55
124
82
101
295
293
22
158
81
223
48
280
185
170
133
29
370
344
231
227
270
27
225
132
89
22
396
369
180
333
146
160
270
395
62
191
381
13
216
17
12
103
243
394
135
302
277
277
163
282
188
292
106
228
201
248
336
293
172
117
9
151
292
48
379
172
121
321
201
372
301
243
394
8
84
123
6
199
77
193
165
244
149
249
346
69
215
399
34
11
101
393
245
210
156
143
330
136
283
254
201
352
350
362
66
188
370
358
8
290
238
16
49
292
230
326
127
204
99
32
133
24
197
127
224
362
381
109
53
264
140
334
216
120
137
89
152
277
193
269
182
116
304
341
150
178
396
380
167
164
65
263
312
387
176
15
94
109
377
227
378
16
84
256
224
16
134
280
150
150
278
44
239
383
387
166
291
172
39
85
247
50
354
361
16
6
299
132
107
17
239
378
256
68
154
138
75
377
217
270
302
310
191
283
120
158
386
138
145
5
225
121
315
277
198
126
103
43
263
69
149
264
15
292
190
53
28
138
127
24
239
67
318
242
322
256
387
278
328
293
87
108
144
199
78
226
165
255
60
173
382
225
289
153
64
1
383
193
204
233
224
179
21
199
274
288
143
232
59
270
64
347
353
130
207
60
57
104
329
386
220
28
204
49
218
131
32
305
45
292
240
252
356
227
238
221
220
351
138
101
246
49
102
84
192
63
56
322
158
81
61
180
247
25
177
308
315
334
42
286
41
2
2
203
50
218
175
134
269
26
365
91
73
159
151
210
292
79
59
211
248
259
164
120
224
370
348
170
354
11
14
120
370
376
91
316
315
134
359
137
195
120
269
24
171
366
288
172
40
201
293
278
208
316
333
104
262
102
178
261
285
337
307
358
1
289
159
72
245
306
210
269
340
164
160
395
222
203
99
60
312
202
390
217
81
393
178
228
65
29
27
300
110
25
328
115
71
267
281
152
227
317
300
104
83
11
294
348
14
124
25
38
243
179
370
207
11
346
288
369
239
261
89
195
45
243
198
12
68
150
290
273
14
88
254
355
47
395
173
177
78
283
352
192
68
369
387
384
316
104
177
219
111
284
51
360
64
180
201
191
225
327
176
367
49
383
175
147
150
253
390
382
24
208
74
267
250
189
393
241
99
173
177
33
309
276
104
332
367
208
398
187
332
37
202
129
297
140
258
365
233
241
326
107
59
186
247
153
97
27
84
88
236
39
49
283
257
90
395
237
376
385
306
312
208
249
145
209
92
192
87
173
382
76
108
167
124
324
171
131
337
200
328
379
352
390
127
376
153
78
332
124
164
219
166
374
331
336
65
208
147
210
5
320
149
60
58
93
115
306
284
299
355
159
142
40
197
164
118
8
59
77
236
60
129
142
11
360
224
238
30
181
252
302
224
108
329
10
1
115
115
273
379
242
294
388
297
275
115
1
351
394
45
187
337
89
183
262
197
0
226
40
12
384
248
227
257
184
332
79
222
125
197
204
331
317
166
269
257
188
268
350
23
63
210
7
25
2
204
193
263
91
322
168
283
186
356
235
107
130
68
236
316
151
37
285
41
68
336
152
131
50
122
7
150
175
305
115
24
75
360
353
393
70
316
36
280
340
121
196
223
301
117
136
326
60
325
56
58
125
384
261
161
76
238
44
17
238
236
249
97
149
393
6
172
124
143
227
61
104
47
126
247
27
383
8
270
299
317
104
125
347
23
378
340
355
123
53
203
244
148
282
278
294
234
88
130
241
282
240
219
190
399
137
243
1
205
318
52
224
152
101
11
102
328
57
277
72
377
359
67
125
306
353
373
262
79
140
277
331
308
395
235
181
40
38
116
398
337
196
289
393
247
205
158
225
179
185
79
18
220
182
55
303
10
151
160
341
204
8
6
309
258
69
352
328
357
59
295
34
319
174
266
242
312
243
227
224
161
313
323
172
374
78
166
157
109
17
179
275
380
399
256
21
198
119
49
104
205
107
56
369
385
308
6
323
85
388
62
229
355
3
50
175
306
146
22
336
160
86
156
399
21
105
118
389
283
292
327
39
323
379
148
68
174
372
108
31
177
163
396
348
322
164
329
40
240
196
21
182
220
48
179
369
64
156
366
50
396
60
396
247
164
383
174
297
105
178
140
268
105
156
159
180
55
140
105
227
163
58
397
40
210
229
21
145
241
283
23
162
13
112
35
352
268
121
60
373
46
209
43
332
306
364
52
345
214
11
257
104
286
150
383
119
223
365
56
224
201
11
121
254
389
159
72
238
87
8
229
162
266
313
352
87
141
216
242
247
168
28
183
245
230
86
239
232
84
137
148
78
55
94
195
179
349
360
166
216
29
284
7
223
79
15
325
65
216
376
29
342
399
152
218
100
199
30
32
295
156
244
15
276
319
264
230
137
179
67
347
225
227
86
170
98
283
382
99
115
162
259
189
54
294
398
68
112
291
264
287
160
347
349
176
56
265
161
159
127
236
292
147
13
251
173
178
242
316
373
0
354
60
77
302
172
15
209
197
22
121
90
274
307
353
269
395
176
141
84
389
122
361
238
379
73
211
292
266
389
1
371
378
86
268
45
332
326
79
217
51
334
379
70
228
226
369
71
133
388
2
362
77
144
399
375
245
306
56
199
258
31
301
48
107
348
200
216
252
263
253
121
389
307
101
28
159
230
380
82
348
16
87
140
176
133
309
112
182
316
203
370
66
220
112
135
249
221
206
370
283
307
216
147
230
153
302
87
316
382
58
255
273
366
268
203
114
137
107
372
377
304
203
48
180
298
283
312
380
65
30
238
44
302
136
60
245
336
209
324
155
248
153
199
147
112
329
294
378
260
364
30
2
62
292
147
216
255
250
202
130
246
144
62
321
148
38
99
19
360
319
205
268
2
74
209
94
165
6
373
4
105
253
49
179
286
78
395
214
249
247
95
386
10
386
57
276
48
105
220
398
230
363
153
89
81
256
264
174
225
204
321
140
214
68
78
16
357
7
279
207
338
48
376
382
245
243
94
140
268
80
248
87
256
390
278
121
387
86
293
380
192
124
103
356
15
167
1
179
184
34
235
335
182
104
42
346
356
253
290
315
292
175
253
319
103
35
51
93
233
378
140
350
214
307
188
291
66
14
329
21
315
319
351
123
393
276
185
97
10
206
76
8
354
225
389
270
126
165
82
72
64
192
360
11
160
159
231
197
277
277
296
121
133
1
142
140
29
364
250
101
274
104
87
359
179
193
246
149
161
306
272
223
240
43
180
186
214
281
79
372
180
314
363
346
300
399
235
187
399
329
138
326
130
186
256
384
274
66
232
56
394
125
384
269
350
241
326
362
161
256
208
294
239
8
295
142
219
273
202
364
304
52
359
126
129
5
101
150
131
59
390
237
269
84
17
255
252
1
82
101
93
132
24
350
24
65
367
124
373
346
325
130
378
379
274
291
309
52
190
308
1
165
233
60
328
245
220
387
179
88
112
251
23
246
370
78
289
378
230
367
170
339
83
394
335
334
261
79
185
254
88
267
133
339
79
152
203
330
151
230
340
223
268
387
52
294
127
205
109
387
130
223
213
339
193
373
270
37
11
144
74
184
96
49
11
391
28
53
298
175
346
273
230
323
328
54
350
168
93
316
242
304
372
167
393
136
271
291
145
280
131
165
255
52
370
179
393
314
33
277
108
126
312
71
52
111
238
121
282
120
204
206
302
175
186
225
256
97
56
303
5
122
387
228
183
84
257
64
271
240
171
177
35
42
111
261
79
370
144
167
378
0
76
343
378
24
242
33
302
159
364
208
143
221
269
93
32
6
91
136
221
19
203
128
40
74
153
213
373
256
310
219
256
144
263
199
32
148
316
52
364
372
19
233
193
150
90
101
377
395
284
55
29
181
383
391
237
18
12
153
109
334
84
235
280
202
161
12
385
224
225
171
125
197
223
4
304
144
336
222
1
21
280
285
139
109
107
243
136
326
243
135
156
162
336
12
39
312
22
368
306
379
368
298
197
201
203
2
324
169
329
22
318
40
276
269
385
27
27
373
382
1
380
307
12
59
373
378
209
132
68
70
214
140
184
239
62
77
241
140
249
282
203
234
362
102
275
299
172
150
322
116
164
306
261
241
18
98
279
254
333
198
16
187
190
40
117
288
275
153
287
128
27
303
143
52
104
364
230
51
26
116
228
68
3
391
275
185
135
60
191
6
106
324
36
365
337
48
316
302
262
340
197
276
94
342
80
93
314
232
181
310
30
252
234
393
178
53
221
44
56
49
301
124
391
160
283
190
161
9
123
47
39
180
151
59
94
51
315
312
116
261
339
313
347
336
268
30
251
77
379
345
136
276
210
338
358
255
176
247
247
131
263
159
380
364
162
377
81
102
159
371
361
99
139
84
295
125
292
162
196
362
268
321
104
395
55
184
316
313
216
34
164
340
136
189
322
160
396
248
116
219
53
148
323
389
152
218
369
317
7
203
161
23
1
109
314
215
11
247
10
192
326
170
227
52
382
86
258
293
398
112
181
52
19
256
399
174
188
318
125
233
68
129
370
313
378
177
56
176
389
299
93
70
349
360
123
332
1
32
281
272
110
289
291
285
220
58
240
160
82
52
274
126
7
165
282
328
316
394
156
256
62
84
170
249
318
281
296
0
340
14
354
110
160
225
147
276
77
344
253
257
98
165
322
258
263
167
232
348
276
193
134
52
199
171
150
128
210
148
313
385
209
298
371
327
28
25
22
157
128
150
245
52
93
245
249
97
21
159
301
222
378
228
49
192
270
336
292
180
250
77
321
112
283
321
227
282
158
83
197
291
351
324
195
139
395
25
51
194
152
91
20
370
309
258
193
295
335
206
276
294
121
330
331
40
357
21
59
156
263
278
163
367
399
246
5
32
135
142
58
244
17
237
302
284
348
24
160
297
305
167
58
134
289
245
203
307
315
250
27
319
94
390
372
398
3
260
105
251
62
325
333
243
15
261
74
224
61
151
365
26
283
330
232
140
7
303
283
105
11
284
81
360
136
30
254
347
119
299
42
36
133
60
343
393
137
283
138
71
133
301
301
164
46
71
303
351
84
66
0
17
315
85
122
304
335
369
117
23
112
53
355
262
224
141
194
304
306
239
386
356
245
116
322
291
27
92
138
112
280
301
49
247
215
266
261
236
257
236
49
209
31
48
6
231
114
1
69
140
231
399
240
18
120
384
78
214
227
361
388
286
176
380
100
251
101
318
87
244
208
70
319
165
143
215
321
378
213
382
56
226
240
97
369
86
224
161
287
20
287
322
34
286
339
197
150
283
201
336
359
68
308
37
39
59
185
188
321
254
30
233
9
88
112
221
150
188
270
103
334
365
62
269
59
91
270
318
210
43
6
239
187
301
243
223
298
61
354
343
344
119
57
235
26
34
353
386
354
166
384
98
53
341
368
169
227
395
317
244
346
343
94
34
28
372
148
390
364
247
248
317
279
44
87
19
198
46
50
273
331
115
390
64
317
175
225
113
116
181
135
26
212
331
281
98
161
134
233
41
250
113
186
61
115
177
68
10
308
176
346
396
399
132
31
153
350
174
218
24
19
27
182
37
30
48
280
2
84
103
37
212
57
246
152
187
82
78
127
261
40
360
218
307
152
121
307
179
351
262
190
277
193
253
236
100
386
273
210
358
331
178
6
150
70
258
352
9
382
105
122
82
20
354
101
208
111
91
99
250
219
366
143
311
307
390
148
198
37
387
233
230
398
329
308
232
30
29
25
329
208
5
337
362
139
48
294
196
99
306
347
313
36
248
264
136
60
166
64
151
86
351
146
176
391
28
265
14
287
198
36
201
172
84
305
393
1
270
362
68
93
356
387
58
188
87
28
211
218
267
79
5
247
125
194
394
197
233
12
325
378
53
34
294
130
320
235
181
185
395
277
169
291
43
174
27
139
14
169
185
169
58
381
220
1
238
301
256
54
105
178
294
50
363
178
156
165
380
318
269
327
243
398
29
395
29
171
190
275
204
40
24
261
258
234
333
326
142
241
129
321
335
116
100
199
356
274
44
105
299
379
190
26
277
346
287
336
147
394
16
86
304
115
19
247
216
209
168
228
79
261
248
376
162
90
47
340
269
103
89
86
260
229
28
305
74
203
13
240
87
145
81
299
324
164
132
242
16
115
237
218
299
193
370
281
30
262
73
50
369
387
36
93
269
69
102
87
6
7
254
70
140
59
148
385
6
206
349
256
286
130
151
99
1
199
306
361
229
37
149
284
380
152
269
195
278
182
377
127
389
255
382
232
278
94
174
162
162
180
369
133
125
192
151
323
158
384
103
234
154
276
261
106
331
391
385
288
49
108
318
154
82
20
199
35
328
280
227
341
93
315
6
222
92
149
318
274
260
354
21
272
178
34
189
385
8
102
123
351
336
150
232
56
27
220
148
172
172
181
161
332
184
232
87
273
135
27
49
227
315
106
242
365
322
1
118
368
5
150
79
290
77
170
244
280
69
80
285
204
1
23
7
197
94
130
322
82
101
1
26
60
315
359
73
117
209
315
183
231
217
273
243
243
121
313
201
22
12
142
150
112
214
11
22
362
234
248
86
345
117
160
105
227
118
234
164
269
28
225
45
288
117
24
114
92
181
343
384
389
261
101
273
262
131
147
242
152
191
23
386
212
322
45
189
198
29
378
358
306
371
272
391
198
29
31
158
42
368
389
256
1
102
341
350
232
258
363
60
333
32
150
394
142
135
6
124
132
228
107
181
130
352
18
347
244
182
117
109
214
148
221
5
174
344
32
278
227
115
308
89
304
289
104
188
262
88
219
204
16
246
337
212
249
244
330
64
83
382
14
45
227
156
394
22
288
125
358
270
13
172
281
0
377
145
99
42
98
344
80
27
7
256
63
115
67
286
133
61
325
28
1
325
163
335
42
347
204
312
270
365
124
44
130
73
199
167
138
371
338
246
12
389
243
369
114
201
9
174
353
207
208
227
233
232
285
215
213
291
73
18
376
328
132
2
226
340
370
187
91
236
218
373
95
49
276
76
20
15
103
336
23
32
88
351
74
186
232
354
355
109
63
76
56
271
7
311
104
387
37
369
65
317
270
189
295
8
327
248
79
181
345
47
134
198
252
150
181
68
121
109
201
42
236
387
356
306
348
347
263
367
11
115
371
131
312
199
269
128
133
289
385
32
17
338
390
123
254
369
173
248
153
140
27
210
38
140
332
143
391
273
32
168
239
233
256
68
271
203
307
159
259
59
70
58
230
138
108
365
198
117
60
348
43
122
31
315
339
346
75
42
265
4
320
258
278
7
192
52
299
349
281
110
233
143
67
396
271
70
74
378
167
144
209
15
192
227
369
242
345
84
256
22
27
79
384
188
316
92
169
53
359
206
193
47
329
140
169
285
266
147
181
160
313
216
134
299
68
165
112
105
117
342
307
93
239
240
234
389
375
143
70
307
172
302
69
226
26
19
181
104
235
315
153
322
78
267
373
354
57
367
123
355
43
36
206
362
204
184
272
177
68
125
302
398
69
67
289
289
147
3
261
188
142
11
334
105
57
69
311
236
372
352
11
153
57
226
399
8
264
179
1
235
256
42
126
378
385
68
140
389
148
9
359
221
147
200
222
91
203
301
200
114
288
143
56
347
88
62
211
77
170
188
312
379
350
124
18
342
50
302
384
104
134
144
280
353
164
170
82
41
262
326
207
221
22
217
40
262
60
126
199
389
362
370
31
79
227
268
249
45
389
131
348
336
388
12
283
396
165
19
204
186
53
294
165
95
149
170
107
146
305
0
70
178
351
190
362
84
380
242
357
68
205
273
257
111
294
326
124
216
382
197
317
263
16
14
11
289
53
89
132
155
329
302
242
376
317
216
99
342
232
83
206
84
373
186
244
374
283
325
133
131
143
19
157
31
23
112
239
298
283
131
363
241
70
66
251
156
182
235
393
13
113
217
242
95
270
163
151
19
352
222
221
89
222
143
250
231
193
67
107
237
394
204
57
322
127
115
189
185
192
227
209
249
79
339
223
196
9
258
73
90
391
323
126
286
348
49
69
364
349
145
260
389
214
43
243
101
46
291
246
43
243
232
193
70
142
124
389
163
209
301
173
129
294
254
159
389
98
383
305
298
113
49
120
391
163
379
362
64
166
59
224
261
116
248
274
177
31
187
224
203
251
207
167
23
293
297
251
151
31
39
5
61
92
115
286
245
211
383
104
304
285
351
334
355
379
33
116
197
21
387
242
48
27
227
247
77
175
341
339
349
144
219
233
101
34
297
324
346
124
120
341
381
189
379
398
337
60
235
344
240
332
178
219
214
243
14
101
127
277
264
391
274
305
186
210
151
169
237
386
1
233
209
214
329
174
131
135
139
387
182
316
56
117
387
343
121
92
304
129
102
78
182
235
285
95
204
77
254
295
229
270
173
339
348
84
256
58
204
124
369
351
8
112
203
100
69
292
143
121
326
308
169
115
70
84
326
150
306
260
216
286
71
8
363
242
227
369
379
240
14
6
220
255
217
394
99
341
299
193
264
230
386
19
169
392
146
380
231
130
247
167
295
72
360
95
277
27
399
334
21
371
120
225
277
62
75
16
104
205
49
118
209
89
98
20
220
140
183
303
140
61
51
109
171
41
380
183
132
369
341
103
50
344
282
342
379
192
22
145
210
174
152
305
148
303
360
140
116
115
292
261
185
8
96
159
105
347
166
65
370
371
239
218
281
345
177
165
325
276
398
350
89
189
358
70
280
30
179
205
189
192
219
372
38
102
243
77
62
64
41
110
370
62
179
290
330
6
250
51
309
293
61
166
117
277
242
24
195
191
282
91
220
229
208
372
163
205
137
108
353
8
130
387
74
66
165
286
192
11
59
6
382
135
295
83
134
44
340
127
59
377
125
127
223
114
235
360
18
30
37
108
391
300
366
99
372
201
363
173
378
147
309
378
140
164
294
24
114
94
309
233
270
149
81
310
313
104
393
180
348
179
65
209
242
151
330
291
399
186
289
232
337
46
150
125
103
316
386
294
181
135
223
121
86
58
229
155
101
361
311
128
243
272
284
57
288
144
385
389
27
78
79
179
130
388
269
124
111
138
222
378
278
214
366
150
251
193
85
109
360
91
240
152
149
399
91
12
312
225
106
254
217
273
159
175
182
78
322
99
202
248
333
0
51
19
388
150
14
101
34
161
134
68
151
48
360
150
60
135
217
292
6
302
308
214
220
61
324
216
347
87
254
258
188
199
391
326
284
338
51
316
178
304
114
127
391
380
242
31
55
398
79
204
1
125
251
41
169
107
197
167
280
358
79
253
331
135
215
371
220
396
145
121
209
27
322
351
294
294
26
43
192
94
229
25
180
38
132
337
291
344
190
371
393
143
205
51
77
186
81
228
332
258
301
170
368
90
228
36
127
165
379
232
52
35
178
71
383
343
55
139
42
346
273
398
75
79
84
378
192
319
249
140
216
258
93
392
177
252
317
46
150
70
251
125
86
267
35
234
307
132
135
342
301
269
243
32
127
178
340
162
277
386
289
364
334
84
226
120
360
398
60
147
390
253
329
145
295
208
146
298
57
94
147
292
105
294
42
345
252
335
258
322
316
177
199
258
74
243
22
384
123
329
370
44
106
115
23
101
156
332
192
79
16
166
278
8
84
249
393
97
113
174
210
45
138
332
248
244
244
104
152
277
274
179
355
339
283
67
180
183
162
303
11
220
78
347
301
160
320
255
165
56
15
127
202
312
49
328
161
237
57
192
129
252
133
398
383
234
393
109
132
274
51
315
304
354
313
151
214
375
243
72
34
2
318
236
51
75
167
379
388
368
22
312
184
5
108
300
165
396
189
358
138
28
62
264
172
164
36
156
223
57
279
193
361
56
387
69
201
156
346
298
351
208
96
372
316
225
305
225
228
378
396
149
322
116
21
53
172
283
270
8
378
16
370
301
290
69
221
177
222
285
232
338
86
322
223
20
59
389
396
317
107
183
334
393
115
381
199
109
133
54
271
125
30
324
305
16
140
111
381
149
289
1
55
249
244
64
366
343
338
260
236
143
195
382
61
396
355
8
368
216
348
94
223
232
60
197
288
188
328
217
260
226
288
243
260
6
156
307
183
181
53
382
71
167
270
186
253
264
242
278
351
185
112
131
383
190
50
389
117
258
299
45
13
342
306
203
200
63
331
149
342
355
164
153
281
177
314
68
257
341
180
50
226
119
378
311
5
280
142
382
187
176
268
19
14
77
345
280
125
390
238
274
223
69
323
219
89
293
86
295
383
309
223
137
109
79
123
109
7
363
282
321
170
19
283
276
304
164
167
69
17
380
56
11
125
79
226
273
208
192
108
288
74
203
54
280
126
261
116
129
232
153
338
68
115
23
36
247
243
384
189
316
94
164
367
138
204
78
74
186
88
378
214
55
55
107
128
357
84
214
291
288
317
140
25
283
354
203
127
397
374
226
230
187
349
246
159
107
165
394
192
103
225
277
186
376
389
114
148
366
238
304
63
108
19
332
205
184
352
83
188
18
240
271
49
198
336
147
275
217
170
141
262
167
77
311
142
40
191
339
392
375
95
88
360
329
42
6
83
131
71
105
393
185
235
69
2
164
212
258
103
272
167
143
219
109
15
352
180
350
350
138
316
155
16
252
163
286
341
172
140
147
117
96
5
88
50
247
283
100
5
277
393
67
35
101
37
256
294
205
377
121
301
227
60
155
54
277
177
113
71
67
310
253
244
78
70
330
289
262
301
55
308
273
292
370
136
270
170
125
79
233
188
143
104
226
338
114
248
243
74
213
227
338
199
169
164
108
219
161
149
323
380
108
396
224
386
252
148
160
82
87
77
240
64
317
24
375
341
281
13
29
282
354
78
273
204
45
310
327
120
253
357
146
350
127
70
176
140
232
390
69
223
75
286
389
160
4
304
227
167
192
394
0
208
293
341
277
30
351
205
251
184
197
16
54
10
340
147
399
314
57
134
220
299
387
273
291
47
337
130
86
123
397
270
349
272
202
14
126
124
371
199
280
234
308
24
338
239
15
381
150
242
395
299
390
149
41
316
92
304
28
205
127
134
15
323
187
1
204
212
66
70
320
87
30
250
295
324
33
39
249
256
166
354
88
197
224
390
115
72
143
72
131
114
342
339
30
118
350
150
380
51
32
104
281
70
0
19
141
349
370
156
55
202
316
356
142
372
268
144
304
47
92
186
286
274
281
388
323
396
322
304
75
332
304
204
312
171
358
335
241
280
183
267
261
197
37
23
235
347
293
210
367
152
105
124
259
107
122
234
363
192
124
290
43
355
252
20
251
127
19
84
233
53
134
296
265
80
172
134
367
20
206
206
343
273
349
213
133
210
146
219
356
122
313
75
172
101
342
100
98
283
370
203
396
385
388
127
15
102
53
274
392
193
127
279
367
208
300
337
216
140
123
234
352
10
342
378
217
383
45
369
24
149
1
241
387
283
200
249
8
348
159
112
88
60
341
384
176
147
126
189
109
224
226
156
127
394
291
182
31
29
312
222
302
171
223
165
16
227
323
320
186
149
393
68
136
120
13
27
171
382
171
77
42
111
199
284
13
125
42
32
152
270
256
199
192
389
71
287
33
164
202
372
303
208
373
42
148
68
273
63
303
114
35
372
372
256
318
141
263
157
299
93
301
379
133
121
163
65
10
255
378
172
381
252
312
252
97
98
200
178
229
264
47
172
236
259
387
121
145
156
27
316
178
137
77
243
193
20
385
204
86
85
132
328
149
359
87
237
149
31
367
162
169
378
323
161
77
127
105
254
283
212
332
346
231
160
193
27
394
246
185
56
397
28
36
271
35
114
129
216
98
65
43
179
68
354
156
78
295
256
240
380
372
212
26
316
84
227
223
16
251
308
30
390
307
163
256
178
134
316
283
84
235
339
213
239
34
94
80
41
99
322
223
272
367
185
294
225
17
13
212
159
121
291
182
241
125
77
293
38
369
373
147
330
133
123
239
250
364
79
47
55
380
154
247
294
77
40
249
13
358
16
288
194
167
1
242
316
239
210
188
180
159
151
163
326
150
13
288
174
283
307
188
296
370
370
258
8
95
283
283
103
213
317
67
23
177
52
278
45
76
365
108
381
32
322
7
316
79
279
337
387
6
143
222
256
346
251
364
37
86
188
152
280
105
13
112
234
58
351
364
22
168
123
150
52
142
3
239
33
77
15
151
132
173
242
366
277
326
263
393
75
153
63
113
159
75
174
283
356
225
0
282
398
207
34
224
180
236
179
277
254
156
50
289
140
106
348
291
274
24
214
319
144
15
379
301
389
2
379
370
305
132
301
193
358
305
80
16
156
369
108
188
217
367
206
202
79
289
304
84
356
153
158
305
349
231
373
48
120
2
51
105
82
268
141
334
132
163
193
41
346
369
186
199
203
4
253
312
204
272
390
8
267
305
113
181
159
258
57
65
236
52
18
326
99
56
91
189
60
364
334
42
55
279
274
3
140
152
197
69
252
299
92
26
277
255
301
312
288
232
243
317
289
4
67
178
314
335
336
202
239
21
284
28
325
134
288
318
388
284
101
389
262
275
391
76
209
301
70
52
269
236
248
204
94
56
360
340
212
4
264
162
66
240
317
290
209
7
357
7
295
155
209
107
5
6
82
142
122
6
68
252
43
348
78
83
234
263
26
335
284
345
173
169
166
259
135
49
297
64
157
78
196
247
63
49
329
124
290
300
244
200
91
318
177
122
152
372
124
277
387
248
328
52
370
171
160
328
324
253
324
179
280
111
103
250
164
12
75
255
192
313
188
371
385
307
42
203
126
147
40
278
338
368
3
148
379
294
15
143
74
267
197
19
16
92
350
347
228
56
26
39
34
329
271
233
0
308
39
389
70
3
249
324
164
140
198
311
226
68
235
152
138
316
190
309
336
206
180
111
292
144
75
255
245
62
111
8
219
2
77
384
46
210
336
46
68
171
161
189
150
381
41
51
89
209
217
33
37
389
337
350
40
205
240
375
373
64
382
133
203
103
11
326
43
317
122
55
165
126
31
391
95
186
140
118
299
379
271
305
3
317
138
41
49
109
304
123
46
211
242
205
381
55
147
171
236
182
77
100
199
153
185
196
324
17
386
351
80
282
56
241
86
190
306
380
285
346
106
100
65
289
306
124
12
135
176
27
47
230
398
283
62
250
205
281
157
284
363
4
70
277
317
123
99
283
323
302
53
6
314
50
319
276
330
198
65
262
179
101
47
256
223
15
6
46
198
157
59
394
156
301
389
177
108
267
262
255
186
268
216
63
296
306
57
167
326
337
398
108
288
396
244
298
37
53
6
120
51
133
174
112
19
100
63
233
141
23
219
337
346
303
0
350
31
3
149
393
189
97
254
305
74
59
76
2
156
43
229
36
296
387
117
312
2
276
41
98
261
89
287
174
268
40
252
208
399
106
225
255
396
275
193
121
54
369
273
94
31
87
34
327
65
382
103
41
16
338
53
371
244
157
279
37
143
170
326
41
203
262
260
263
226
51
203
261
381
301
302
341
299
202
32
6
246
127
390
75
350
362
329
27
362
88
217
139
321
21
52
273
32
115
206
359
385
348
217
209
298
103
85
80
307
89
330
77
31
31
139
350
380
268
181
77
68
49
236
92
259
174
95
115
68
224
315
115
109
21
254
189
41
254
61
351
107
203
102
18
109
15
29
367
220
167
293
202
76
228
170
357
301
87
380
40
63
115
133
126
138
87
209
180
389
21
295
391
266
148
164
116
341
245
88
93
349
172
81
122
247
33
236
339
178
380
187
221
142
268
151
274
301
150
398
14
47
333
321
25
176
132
322
361
322
172
47
188
243
292
188
296
140
72
24
106
89
6
215
2
375
142
91
399
393
167
301
372
113
281
170
203
315
371
86
142
313
0
313
167
72
200
172
377
350
74
377
47
351
303
234
223
360
216
386
349
1
116
80
68
154
32
325
294
370
82
60
149
174
394
58
360
208
288
88
175
200
375
78
56
51
85
233
80
164
353
89
213
325
79
133
298
2
332
118
356
348
107
206
126
393
270
359
162
126
178
38
286
89
116
292
324
286
286
192
214
129
354
379
182
107
316
338
47
307
261
61
342
123
265
105
245
134
371
306
179
133
279
303
375
260
379
289
54
26
349
188
70
302
85
338
55
201
135
127
168
284
331
197
229
372
304
97
350
139
174
150
109
329
103
234
251
231
54
129
362
243
31
357
145
99
285
29
103
350
17
302
207
13
134
197
360
319
250
334
290
254
132
197
311
195
68
324
42
64
146
358
319
155
224
149
207
74
317
84
235
155
64
216
399
385
41
4
373
146
208
374
83
34
76
347
13
178
31
172
348
23
18
108
47
207
275
187
232
56
176
375
309
67
121
113
8
369
59
316
15
164
277
135
133
268
111
301
229
138
339
5
229
53
62
96
379
21
160
89
14
391
189
98
58
318
113
356
388
108
306
7
320
207
98
370
44
361
286
321
6
150
98
136
115
277
271
171
157
326
68
23
6
312
197
364
326
229
199
208
169
294
391
338
174
7
356
37
160
18
211
24
59
146
42
172
16
108
68
27
93
55
9
22
30
56
353
77
113
379
249
109
153
109
368
101
101
227
79
47
395
52
146
236
264
164
328
349
200
292
50
214
79
298
377
385
352
16
264
327
333
227
281
278
16
342
15
68
368
1
305
116
394
133
201
10
205
127
38
286
399
268
228
80
358
359
87
323
9
66
110
103
351
237
28
302
15
268
177
291
269
262
203
286
150
199
24
92
270
19
30
386
64
219
339
186
10
379
365
321
248
214
37
16
240
236
307
79
370
386
312
65
398
201
389
382
180
290
88
50
241
323
247
148
24
45
68
207
78
123
103
89
143
170
284
9
288
109
109
369
304
169
355
396
213
214
174
70
241
129
203
241
333
269
352
305
152
281
174
87
193
18
73
212
30
124
399
399
292
356
110
153
149
266
216
399
359
224
63
8
75
125
283
99
255
301
118
270
113
343
321
89
39
97
54
28
41
167
370
23
341
2
150
46
132
234
133
265
204
51
190
52
250
329
12
277
126
179
294
359
111
109
119
316
376
167
17
57
390
49
70
39
122
356
353
143
298
258
34
103
276
278
267
197
76
18
372
283
173
398
316
378
40
347
14
134
185
318
156
73
192
25
325
303
325
316
142
95
360
142
178
351
223
2
231
390
182
204
391
233
336
308
315
34
376
241
220
59
241
150
189
285
197
182
264
80
197
230
258
204
360
104
144
260
105
192
83
115
84
230
360
107
173
46
315
205
382
219
340
58
61
40
8
88
207
2
240
296
315
70
245
6
63
206
345
103
338
358
18
214
216
151
133
12
75
186
200
61
340
315
156
76
267
252
160
15
336
292
276
316
105
367
245
237
105
162
334
130
364
78
142
169
294
336
112
214
36
69
313
22
5
303
67
265
11
233
132
7
14
179
213
1
23
211
149
270
111
115
207
263
186
58
398
7
292
315
141
366
111
0
140
149
322
5
230
58
387
182
200
151
196
156
232
114
2
63
373
274
27
205
392
367
200
269
51
108
68
34
323
193
364
292
12
112
193
130
143
90
140
214
313
316
144
138
78
34
351
210
117
287
66
330
50
51
308
390
316
289
26
367
269
80
81
324
284
213
228
241
302
251
379
224
133
135
307
318
245
202
7
173
340
253
66
31
34
363
43
348
399
200
53
290
260
186
193
391
232
34
399
294
221
192
280
275
182
39
180
32
105
209
247
169
283
16
337
214
16
203
153
368
267
225
83
27
183
83
358
341
214
97
88
198
366
100
43
99
17
13
366
373
82
226
109
183
310
186
394
240
10
251
83
14
123
348
142
9
245
172
41
387
11
127
288
329
176
216
346
389
333
316
336
87
77
225
243
16
58
309
105
139
230
382
259
304
378
193
246
305
252
116
231
243
341
304
99
147
175
191
155
19
332
380
245
277
297
242
73
348
135
128
295
41
387
87
164
217
314
230
190
128
369
15
49
252
62
162
170
287
249
199
101
87
368
100
59
201
337
140
182
32
277
214
97
378
183
161
109
192
140
93
387
14
203
364
201
30
17
338
252
67
59
70
271
125
181
374
118
380
147
281
330
358
86
126
171
28
316
233
1
220
296
232
364
61
242
176
341
162
194
14
382
93
156
389
289
143
56
101
216
141
91
299
56
164
346
265
201
317
10
174
391
371
297
377
220
175
54
204
67
393
316
143
60
126
359
146
308
258
344
148
92
302
366
365
89
46
214
175
98
153
131
150
258
137
5
339
396
102
301
197
375
376
370
132
317
220
144
365
161
239
176
48
148
308
212
244
187
164
253
389
39
120
35
142
187
308
338
383
316
117
139
273
130
197
251
49
123
235
111
229
226
246
282
283
317
105
8
236
251
394
387
28
125
7
9
88
145
238
372
262
49
24
14
236
197
53
113
333
228
168
7
15
281
272
72
279
380
234
116
80
113
360
174
1
70
140
58
199
346
39
206
169
172
392
278
380
183
11
21
108
361
88
84
206
38
163
95
168
137
215
60
204
138
159
263
339
308
125
256
220
121
287
99
244
84
75
125
286
145
206
259
164
64
304
372
350
363
173
37
136
115
94
338
40
18
369
263
230
69
177
249
65
294
373
371
392
346
217
172
387
194
96
174
94
79
211
129
347
201
68
227
202
239
104
135
161
242
124
392
345
388
188
289
130
32
298
319
87
300
173
377
8
220
349
109
190
374
389
68
139
301
1
358
14
113
206
318
93
107
222
351
248
360
182
215
2
344
360
198
154
232
43
383
27
203
317
259
216
388
169
125
295
18
276
150
131
122
278
2
3
148
245
187
363
252
399
106
9
270
47
163
183
390
139
356
394
109
356
83
69
26
130
115
290
252
23
280
68
217
66
371
65
29
309
177
242
47
79
247
332
351
268
19
79
272
159
282
197
211
27
348
55
256
151
235
254
295
307
19
315
118
389
245
32
87
1
213
232
214
256
328
286
380
316
255
227
39
8
208
200
172
277
229
243
394
368
318
202
252
222
126
89
336
127
34
107
218
283
304
343
77
399
149
104
383
148
318
298
212
359
78
115
240
228
143
136
277
307
2
309
26
224
133
202
2
110
29
232
389
260
257
272
92
46
385
226
383
168
379
79
157
390
278
201
114
268
374
75
45
87
317
394
127
23
275
15
170
18
371
365
261
271
218
339
48
14
214
73
144
236
139
179
318
117
35
326
149
90
131
397
342
336
203
120
158
169
33
146
313
350
125
244
77
148
77
55
61
45
261
233
371
140
109
363
51
21
40
236
324
12
86
128
237
248
289
258
116
131
63
75
387
151
29
76
6
321
368
66
140
348
86
341
107
380
223
60
378
313
356
398
255
23
243
378
69
117
156
184
105
277
127
15
204
140
178
201
143
22
56
256
56
69
290
127
158
134
306
385
387
102
280
382
275
213
219
311
257
308
25
390
167
240
311
165
398
209
399
265
389
197
88
82
277
256
34
162
360
209
91
70
6
34
370
358
12
383
258
179
8
90
373
27
215
362
276
164
391
242
348
152
115
116
268
199
143
127
174
89
174
346
285
76
215
128
288
56
303
130
207
90
249
96
94
388
334
262
86
118
24
44
165
80
3
222
261
317
377
260
259
390
128
154
134
8
294
79
243
389
362
356
240
19
304
183
334
164
5
338
385
161
132
228
77
53
142
348
384
144
315
125
346
318
211
40
355
238
230
355
298
225
116
305
61
20
127
354
98
254
15
59
103
192
149
279
173
133
11
357
326
292
314
163
212
334
173
65
329
310
364
129
346
53
379
29
303
163
153
131
104
49
197
354
232
143
46
41
346
262
325
4
220
273
171
159
277
142
82
14
189
177
342
174
345
372
244
347
70
271
166
379
311
53
176
147
363
99
207
230
389
289
109
395
15
13
391
221
177
331
127
232
175
95
226
124
298
306
129
146
260
63
182
157
107
87
250
131
220
105
50
316
186
367
166
118
140
143
14
90
363
306
322
164
3
89
175
338
5
356
119
240
23
172
17
354
391
164
373
385
302
112
292
323
28
107
399
171
27
35
218
338
58
5
235
84
218
238
346
143
150
205
1
143
158
260
84
370
249
354
282
26
47
378
380
198
286
103
30
204
347
253
44
387
158
153
150
395
155
386
154
108
284
317
235
354
336
277
358
186
186
83
16
3
172
1
315
198
360
86
298
240
324
373
207
322
222
183
78
204
0
64
139
17
291
219
359
36
336
275
379
348
89
173
289
298
125
131
107
274
259
168
124
78
220
82
220
301
215
254
396
110
234
0
390
293
157
191
332
213
48
176
228
313
203
268
96
371
15
134
163
96
231
106
27
346
69
27
87
97
324
186
55
249
131
0
264
384
46
351
368
300
98
286
151
58
134
18
1
77
199
47
332
392
165
56
34
261
253
46
153
82
232
5
126
44
142
378
144
160
131
242
109
302
79
233
123
91
43
210
253
16
152
27
186
278
129
340
75
151
34
167
297
103
176
388
325
171
88
110
124
371
201
265
233
153
16
45
260
109
294
324
202
83
239
215
210
153
68
179
273
9
354
358
109
238
139
377
187
164
229
37
259
324
43
235
389
373
250
220
378
128
240
64
190
313
306
395
201
192
5
373
390
139
21
124
339
192
206
345
28
321
273
268
318
353
350
264
369
92
136
274
211
212
398
283
52
116
297
177
84
197
210
244
86
95
382
202
133
229
104
235
79
251
51
273
127
257
230
59
67
241
391
35
149
232
321
245
297
57
101
115
269
123
373
395
149
103
173
9
123
168
393
181
94
306
92
150
142
274
396
132
362
78
360
70
249
161
277
230
135
29
135
152
149
365
385
279
169
363
111
315
7
158
120
105
262
55
255
388
349
189
35
252
331
161
108
303
176
60
350
14
209
210
192
300
52
167
394
235
398
115
124
253
60
1
311
278
379
187
75
219
278
138
356
67
315
225
336
110
56
325
11
102
118
340
42
14
292
337
321
368
399
344
20
322
252
140
25
0
108
383
7
1
86
186
113
396
174
270
139
176
226
133
148
93
188
306
298
396
107
250
333
117
279
244
315
237
328
125
64
238
215
337
52
240
188
133
95
371
246
271
163
323
1
253
185
172
254
225
32
304
262
278
57
283
166
220
389
176
66
291
168
61
192
239
298
179
375
327
1
239
188
235
170
258
257
7
123
204
269
152
229
196
398
157
232
125
91
256
46
52
49
131
379
180
346
13
348
379
84
257
118
203
380
196
209
281
169
269
75
250
263
287
56
157
112
159
230
291
301
25
40
288
16
256
40
388
258
205
380
239
306
69
378
205
149
204
147
60
68
207
277
28
7
103
159
16
137
149
197
236
337
127
232
136
296
129
230
334
60
398
238
33
378
121
174
305
363
306
3
301
101
262
229
161
227
78
207
182
222
164
375
254
207
79
48
202
69
118
366
248
365
226
27
340
272
270
67
110
251
62
235
212
346
7
378
369
172
271
262
322
23
129
224
272
9
17
332
170
71
149
147
252
101
124
343
389
305
216
172
273
53
342
131
292
98
37
37
109
99
251
14
206
317
16
382
79
273
349
89
301
383
380
318
160
201
77
321
307
304
29
241
292
102
274
114
27
299
392
267
63
127
70
303
373
281
205
332
365
309
252
323
215
11
140
87
39
118
179
189
153
250
277
1
326
378
74
385
59
103
29
168
87
45
254
219
313
153
327
311
263
84
46
144
312
62
267
123
130
24
2
240
145
303
155
370
159
6
209
265
329
376
186
89
255
238
377
328
264
40
188
357
163
267
233
167
83
124
243
239
60
88
386
55
30
205
150
362
84
24
379
190
19
219
325
88
93
105
343
263
351
264
234
202
90
248
103
15
92
171
344
224
255
63
385
339
190
56
381
319
130
293
211
115
194
14
386
291
52
118
204
89
27
192
224
89
269
77
180
145
308
330
115
1
115
85
236
81
7
169
164
226
243
116
362
236
33
378
262
49
6
227
41
12
206
119
376
235
181
125
28
129
238
294
387
126
250
104
307
289
276
366
233
226
149
170
250
277
180
396
128
293
360
379
37
153
71
342
329
23
122
105
99
230
81
346
261
303
0
269
88
201
141
57
230
166
45
277
360
386
15
328
36
87
288
220
263
258
164
187
156
157
257
251
50
275
239
34
202
34
360
124
116
371
31
218
52
120
37
43
107
124
256
142
100
20
399
379
107
236
130
316
128
23
353
133
376
179
325
19
182
32
295
42
38
204
219
79
0
10
221
385
6
26
312
277
365
190
324
51
225
378
143
369
301
7
101
188
100
142
263
278
99
194
356
304
70
297
206
32
70
68
25
13
8
60
257
172
167
158
28
69
280
397
220
284
77
326
357
355
311
42
313
14
87
268
171
331
208
289
35
23
144
197
29
277
146
97
358
257
0
399
393
108
76
40
57
310
50
239
236
292
225
242
165
233
247
191
11
341
364
87
1
378
164
329
245
272
220
46
374
274
66
187
105
393
192
315
109
156
351
257
94
281
206
383
263
351
358
115
65
64
228
387
392
213
89
359
252
196
59
310
139
358
208
73
243
347
45
354
280
253
243
369
219
10
364
1
93
243
145
236
176
38
247
251
275
100
70
334
295
44
290
149
179
333
252
277
358
265
203
105
3
366
142
314
232
232
385
307
289
173
267
373
259
0
93
56
305
92
362
193
153
75
229
303
244
137
264
254
120
258
48
112
31
236
146
150
240
109
105
153
19
88
155
248
108
273
10
77
258
164
311
149
363
53
103
213
393
113
243
341
101
374
45
273
125
65
378
357
141
308
388
149
282
20
278
369
307
274
241
181
349
5
159
84
4
27
269
204
225
219
104
268
249
6
273
60
254
23
106
152
356
366
15
249
223
62
269
369
205
382
104
359
108
91
271
242
129
133
166
367
162
134
41
286
56
83
237
81
122
103
280
49
168
98
271
50
304
396
58
184
287
200
271
