381
186
371
217
25
306
320
26
217
356
126
55
368
79
158
337
41
261
269
230
380
289
284
44
310
206
253
383
292
222
62
167
88
110
376
6
180
393
159
96
266
88
99
387
351
83
66
185
283
386
298
270
379
12
71
319
95
33
159
180
302
250
114
242
167
33
226
271
294
135
84
247
32
33
7
205
22
111
102
353
232
366
216
257
270
146
196
198
308
191
184
323
282
263
39
282
399
261
288
368
238
132
56
188
143
68
49
306
289
87
6
367
32
196
160
395
312
165
392
261
9
249
154
345
274
235
274
60
216
367
11
364
155
360
332
71
99
167
267
101
60
259
135
64
289
354
293
138
81
197
45
309
145
105
302
356
168
208
197
140
90
148
350
78
146
186
168
254
260
120
360
221
114
186
113
72
214
66
83
11
83
368
94
342
283
374
343
60
340
108
376
182
89
152
127
240
326
179
314
147
54
239
292
356
356
386
130
221
277
40
155
225
16
372
325
347
382
335
44
210
62
221
79
213
396
0
398
372
176
331
375
256
177
68
192
216
62
258
364
265
359
169
160
278
68
30
112
210
157
226
205
101
219
356
136
153
326
287
140
368
262
310
279
163
108
261
373
74
116
42
324
40
279
139
223
178
101
286
345
262
397
317
39
269
85
127
34
392
76
187
320
362
5
268
166
239
77
175
354
183
84
185
49
244
243
373
275
3
74
265
24
370
112
259
278
324
320
157
307
92
138
249
253
15
239
90
221
123
106
86
377
295
38
57
353
163
207
243
25
399
346
286
41
147
48
146
170
91
127
227
18
174
234
346
66
306
269
312
311
198
47
344
59
140
336
36
220
21
329
246
244
150
208
31
31
244
323
134
264
368
143
224
78
215
80
173
178
311
185
246
85
388
290
43
46
233
251
367
218
57
304
119
0
177
355
135
310
372
338
330
287
44
14
180
279
103
139
302
383
104
135
232
190
128
234
23
213
153
393
281
137
70
84
90
90
126
249
352
251
156
385
222
112
10
27
50
194
61
184
61
314
266
291
53
44
378
234
4
140
91
377
130
333
345
394
344
375
331
329
178
185
348
335
93
346
123
213
134
8
394
253
156
103
301
193
41
93
288
158
1
248
234
36
108
316
57
226
223
215
251
369
28
223
256
368
237
309
234
331
180
135
77
80
108
198
148
101
236
274
385
205
217
319
130
161
37
61
62
178
348
153
46
187
310
134
167
53
158
259
357
249
0
366
259
378
251
232
21
20
325
203
95
312
86
276
44
192
333
276
57
359
394
130
334
349
185
62
228
39
47
30
71
259
326
371
85
307
382
389
313
297
259
372
272
155
367
131
399
229
220
318
346
28
261
389
2
320
44
13
95
335
218
231
261
237
20
370
375
296
146
218
47
46
322
11
99
36
264
209
316
89
83
322
106
191
169
131
322
6
147
159
181
258
399
56
288
382
230
134
384
50
313
203
111
387
261
7
238
352
25
333
301
157
191
348
24
150
50
274
245
396
152
237
219
396
334
61
295
247
317
111
284
176
146
282
302
280
388
297
301
188
183
223
10
121
356
177
43
192
361
1
142
329
241
94
265
327
92
225
66
24
81
312
171
68
341
182
286
182
221
155
399
342
255
237
297
236
257
185
362
362
8
388
357
53
158
324
117
266
203
141
251
325
76
279
200
230
93
287
233
368
122
97
199
266
128
231
153
121
338
366
186
110
154
38
325
164
155
322
360
272
286
23
190
75
80
76
253
309
142
75
218
260
157
395
210
219
393
246
158
246
355
303
162
217
199
45
233
37
1
2
283
366
340
48
299
110
280
258
372
374
362
33
142
61
224
124
348
45
85
295
97
77
275
18
188
240
327
393
241
283
278
321
334
394
77
204
279
129
248
293
167
310
289
367
374
124
43
140
358
212
231
241
330
389
299
264
202
259
221
13
255
154
324
370
285
194
383
314
152
319
100
55
16
314
195
98
42
394
334
184
323
195
296
398
166
49
123
8
59
281
176
302
293
233
1
23
77
290
295
300
296
107
373
299
284
203
317
199
256
159
308
272
175
324
252
126
392
266
40
76
282
32
282
357
196
81
76
11
329
141
45
65
4
65
372
245
111
16
127
196
275
91
51
70
378
309
222
46
301
125
92
27
116
341
215
335
316
2
367
222
4
37
61
323
141
80
265
256
166
57
366
122
62
326
26
152
307
397
294
363
362
395
143
187
120
32
311
256
248
190
227
2
324
229
326
325
235
257
160
22
300
19
294
354
164
5
397
269
159
226
264
164
393
131
63
382
53
322
40
304
58
344
355
269
339
358
242
38
347
301
79
385
160
391
233
166
206
93
267
90
3
133
190
12
173
389
79
126
169
231
252
22
142
287
345
244
373
261
176
316
29
231
110
41
221
123
205
71
207
28
82
194
337
328
194
68
189
388
4
370
88
283
287
246
295
186
264
348
130
245
331
42
199
368
392
136
57
357
312
186
29
177
230
352
297
120
174
123
16
229
143
376
236
295
307
158
46
139
100
321
226
37
41
131
43
251
28
10
228
220
16
188
91
353
218
185
256
38
43
109
172
242
121
19
178
197
279
146
254
366
360
38
196
212
13
239
224
58
36
92
143
197
136
80
11
205
306
165
191
171
190
197
31
130
30
118
130
398
228
52
106
370
225
85
341
259
374
384
391
237
275
320
183
24
6
177
10
133
262
23
397
28
338
243
352
381
239
286
116
82
181
145
79
108
291
365
27
27
365
386
192
271
192
226
107
262
244
36
235
178
118
58
159
181
264
15
58
347
111
353
387
256
293
75
247
242
173
51
164
317
222
380
311
229
16
73
87
254
86
261
212
268
65
32
288
167
84
37
72
195
213
53
7
189
133
120
243
397
133
247
204
345
86
220
398
121
207
398
207
336
116
203
46
188
379
31
30
110
241
124
112
315
159
171
292
109
359
221
277
89
189
74
57
30
135
326
305
283
272
9
288
195
135
16
102
227
370
356
220
378
329
43
51
8
70
231
104
154
138
211
383
282
186
372
310
72
314
142
296
218
50
73
97
185
389
268
322
137
314
375
53
366
366
193
184
371
267
275
201
100
16
295
233
308
306
349
10
371
286
44
227
397
305
265
110
219
266
225
86
268
50
152
270
67
100
147
154
397
165
48
248
110
172
282
71
287
132
120
4
286
68
64
92
281
218
10
75
303
333
347
32
58
51
321
202
392
315
307
138
388
40
197
253
251
268
329
126
170
325
1
36
88
178
308
129
31
171
127
96
251
343
140
49
287
374
115
303
201
374
231
364
292
239
215
184
11
8
99
318
328
151
275
325
259
158
218
237
153
53
269
275
12
20
348
115
277
368
3
223
248
321
121
113
332
80
150
332
313
207
266
23
79
265
231
320
257
29
22
357
304
287
119
391
196
309
57
117
347
158
112
158
211
238
194
374
175
80
142
172
327
135
379
187
117
171
375
77
19
107
391
281
114
351
90
103
378
125
78
135
255
302
107
398
139
208
179
359
136
354
306
169
160
71
246
294
111
152
46
322
372
364
59
258
156
279
209
279
67
173
276
118
250
197
170
30
82
124
53
12
70
228
195
120
352
125
201
211
235
374
394
90
236
391
113
211
72
164
243
326
285
269
229
291
365
58
29
287
311
11
139
78
169
50
299
392
308
377
40
375
15
77
344
366
364
122
132
112
4
300
14
204
242
4
397
361
297
394
333
190
344
350
278
90
348
201
231
316
163
178
239
276
217
296
271
47
83
314
183
163
50
136
94
323
254
241
46
11
218
182
148
395
270
339
107
316
11
67
192
289
39
314
238
322
287
185
3
215
101
268
168
172
334
398
240
115
27
370
146
27
233
88
267
59
355
6
60
383
340
352
302
223
226
387
33
351
105
265
16
3
217
176
328
199
174
296
142
308
91
149
136
351
257
51
235
157
105
31
348
72
306
88
164
285
239
203
139
106
34
270
31
304
350
271
300
61
147
161
350
339
73
49
342
174
389
346
18
81
189
247
288
225
384
260
285
166
227
398
242
276
340
189
200
56
74
255
149
47
322
58
140
223
295
327
32
370
16
60
286
222
322
92
290
351
101
148
35
146
209
264
49
203
301
87
104
366
36
216
331
282
374
354
386
184
194
311
332
52
22
192
72
337
261
116
296
249
183
207
211
62
27
278
296
103
67
243
239
380
166
301
86
326
130
159
350
344
129
191
333
274
280
68
373
342
166
120
125
318
250
31
58
230
208
160
306
245
2
87
358
177
19
217
43
33
366
56
253
77
295
143
276
370
207
240
389
45
266
107
292
18
236
207
360
296
143
39
321
206
293
175
291
23
80
311
62
302
233
78
309
358
0
279
112
96
228
102
40
13
100
127
366
267
261
57
179
373
77
223
0
69
385
17
59
399
49
111
399
358
1
108
296
253
319
236
287
204
394
160
295
390
138
330
95
151
51
7
52
256
117
194
26
32
134
207
46
118
354
278
376
30
178
34
244
225
328
159
143
46
362
112
128
139
54
373
77
175
294
100
358
133
307
15
141
351
250
300
163
375
388
4
368
217
346
357
268
189
42
279
98
261
226
190
74
31
116
351
273
391
341
227
366
159
397
33
323
208
74
272
23
158
390
140
291
85
238
64
350
245
199
379
206
277
98
336
151
26
301
391
145
286
9
127
194
113
166
255
126
334
101
60
206
351
23
56
366
154
36
250
80
238
260
106
252
249
27
319
58
247
361
72
313
12
231
387
358
398
64
45
217
224
5
183
157
271
71
263
192
354
284
138
183
329
298
203
325
398
337
236
304
178
379
196
87
57
354
168
207
138
146
359
359
289
62
257
313
236
231
385
247
71
69
45
37
338
45
297
271
70
40
63
140
188
306
47
60
112
243
179
121
386
144
9
304
42
4
280
395
396
315
128
352
6
347
189
145
194
153
175
271
219
190
294
114
292
260
346
296
25
151
345
322
6
302
49
11
196
201
300
241
323
295
116
130
276
171
381
91
219
117
234
291
62
216
309
238
27
322
319
52
207
326
339
251
397
109
51
317
365
385
99
150
127
184
307
17
52
356
257
292
286
379
271
210
214
350
266
15
276
192
293
2
125
368
298
275
69
222
248
246
127
358
15
255
24
383
299
171
335
102
119
388
57
106
270
141
195
30
52
29
377
219
240
107
254
57
394
370
250
75
106
16
107
170
343
137
2
199
216
140
243
62
252
228
390
100
286
352
275
113
324
396
307
358
25
392
133
231
390
204
56
145
322
392
238
81
103
42
118
84
377
223
323
336
9
58
218
254
310
77
335
144
103
67
175
244
391
303
270
35
37
84
107
347
263
41
363
249
215
143
297
62
212
212
357
370
393
229
91
161
288
189
130
28
250
21
103
331
309
150
372
370
204
387
81
226
97
18
338
130
211
134
57
306
169
51
362
15
213
276
45
206
251
111
0
90
3
330
319
199
265
269
293
228
290
60
100
267
151
388
210
19
177
216
161
142
19
38
154
38
228
218
272
73
399
378
284
5
80
261
268
315
215
275
28
244
348
24
101
83
26
101
40
106
144
339
297
171
106
280
49
239
45
234
357
185
35
129
297
94
121
80
22
208
194
338
380
208
222
359
66
170
39
74
240
99
60
261
49
304
5
52
116
158
322
265
348
298
193
382
28
51
245
360
157
171
69
103
47
254
356
327
284
59
10
248
335
263
265
24
69
101
195
305
320
348
220
85
247
93
274
363
178
315
399
383
350
159
167
57
245
199
96
39
131
278
361
60
13
387
271
120
173
164
172
39
36
366
237
95
182
319
219
22
111
379
361
88
88
364
249
174
394
315
112
338
243
250
186
219
59
98
119
58
228
270
79
144
364
381
82
272
146
187
32
365
96
276
115
137
367
323
169
4
338
381
68
277
329
330
140
299
2
75
100
254
122
232
68
320
157
281
180
300
174
169
345
333
121
225
4
295
344
334
278
139
94
25
201
148
340
215
166
102
27
18
321
205
267
278
205
234
283
321
76
226
98
35
318
14
135
92
252
233
20
373
102
49
115
135
330
323
173
69
269
26
356
204
222
263
205
345
224
66
267
365
152
291
336
38
239
96
260
62
261
78
178
187
161
45
337
310
223
330
99
198
45
276
339
262
139
215
9
19
20
177
8
290
230
122
377
319
305
380
49
253
162
283
4
277
147
95
145
258
344
308
345
384
221
149
40
109
89
306
328
381
36
231
371
313
361
201
305
362
17
371
316
102
111
193
381
123
250
363
193
78
118
233
348
5
21
243
83
345
16
356
103
65
95
171
56
179
129
357
178
283
248
259
369
130
205
163
299
162
74
116
299
110
355
227
170
349
102
200
137
32
214
142
30
202
350
332
234
290
316
186
151
336
55
171
349
263
177
311
328
107
183
122
232
224
49
263
241
318
221
235
303
1
186
272
168
92
29
18
348
134
324
344
86
116
155
88
87
167
3
272
166
344
82
109
123
152
244
237
357
376
313
49
180
74
356
376
21
97
357
287
395
337
23
346
203
369
321
357
220
5
34
242
220
353
247
221
281
7
7
75
182
26
359
45
37
122
115
268
363
162
340
364
307
336
272
77
385
125
185
4
14
301
64
153
388
28
285
47
289
169
78
84
386
322
84
53
221
181
32
248
81
150
41
289
102
347
32
330
285
79
256
211
34
197
114
23
390
24
394
72
144
173
206
378
304
310
367
182
213
362
237
257
38
36
244
192
284
245
255
9
271
230
33
354
373
31
185
115
180
231
75
378
244
17
38
279
165
169
371
348
80
241
0
63
285
128
280
317
335
78
250
152
3
316
285
59
97
256
309
262
357
23
152
379
318
50
391
294
263
141
135
146
357
361
228
126
365
4
80
203
267
265
2
98
202
33
248
243
173
164
118
59
231
71
157
23
32
294
390
14
240
146
2
227
297
162
11
369
31
20
207
363
96
51
320
26
223
157
125
338
242
161
64
199
348
352
201
315
158
96
152
390
35
141
382
296
31
5
392
82
237
76
251
99
178
16
78
321
320
247
257
150
225
322
201
98
85
156
165
37
232
35
68
257
280
225
239
327
49
360
91
329
269
39
375
378
270
302
41
226
71
363
256
143
74
63
98
221
258
58
310
288
66
39
42
171
198
310
226
293
244
79
29
21
229
274
97
241
289
1
222
274
387
111
117
246
194
226
341
129
262
260
61
31
102
104
370
133
111
335
16
5
314
164
35
177
304
129
161
123
364
399
213
174
295
227
177
0
65
75
211
238
179
107
303
379
399
212
104
102
25
251
289
13
168
140
282
70
219
36
105
72
223
154
56
375
116
381
217
356
92
288
241
344
272
351
186
385
48
322
348
25
368
331
244
132
6
129
113
68
36
260
331
5
52
89
326
52
112
148
63
329
278
81
356
36
27
266
22
229
146
284
265
322
151
212
173
80
348
318
161
259
21
33
175
134
241
182
163
13
105
394
399
368
112
325
166
35
308
74
200
56
128
40
392
280
284
365
9
298
47
305
272
51
131
371
222
215
135
327
26
113
366
42
246
15
243
87
195
173
286
147
124
182
206
2
322
337
310
25
146
294
161
161
175
275
27
149
128
160
170
358
372
357
353
241
325
263
293
13
11
217
5
350
199
187
395
378
104
213
73
131
22
146
374
80
9
291
225
91
399
281
68
21
338
48
81
42
148
322
17
345
263
31
305
112
316
214
71
249
33
174
6
4
240
276
207
280
297
277
234
367
310
399
399
34
378
90
180
3
40
113
257
316
378
372
146
280
392
324
315
3
261
97
387
344
340
295
146
61
6
66
128
1
266
339
247
304
9
324
165
282
178
363
244
20
29
89
0
279
373
34
329
295
65
141
215
46
76
96
127
275
26
125
45
352
361
135
267
350
235
293
116
259
284
77
263
281
282
79
271
296
271
186
10
222
186
82
93
399
149
268
77
381
394
219
323
104
74
53
331
25
21
213
157
298
295
363
265
132
68
263
222
218
49
30
369
326
294
45
222
129
6
9
93
291
108
113
377
107
147
2
80
353
297
317
281
25
266
159
109
386
337
199
371
107
183
304
383
111
6
236
352
135
209
104
318
174
149
29
289
267
154
343
78
98
29
33
95
332
270
16
89
74
329
242
50
204
398
295
306
27
374
393
142
65
201
210
300
125
205
209
169
262
327
224
58
281
106
19
277
242
2
52
288
156
290
308
396
88
158
88
125
220
175
155
83
195
76
17
43
271
261
134
167
76
11
309
82
233
231
207
262
314
220
202
124
276
253
41
186
88
272
358
41
342
196
359
195
152
344
247
104
63
30
295
11
397
159
212
119
334
95
98
240
186
229
30
106
323
109
236
258
20
64
293
281
33
159
175
295
60
352
71
152
294
361
396
120
360
173
145
311
29
396
298
337
349
341
162
387
398
342
37
20
74
158
325
282
374
19
235
337
185
350
186
105
22
348
162
70
293
265
312
166
108
111
148
177
396
369
250
289
61
393
291
240
295
349
340
208
114
33
144
1
19
345
136
210
372
180
362
47
117
229
322
146
384
277
334
112
363
234
4
318
234
164
207
125
120
255
362
48
301
12
305
168
376
48
32
325
285
338
51
25
180
180
75
5
245
338
88
255
359
350
5
53
128
172
334
91
270
349
197
97
339
195
104
169
6
28
107
92
333
338
279
296
294
306
143
72
336
111
263
87
68
275
73
50
213
131
249
396
227
139
76
276
245
214
312
133
24
341
13
345
209
174
57
250
361
395
186
186
151
14
290
184
162
164
314
317
21
336
17
174
157
54
2
25
326
172
35
49
379
50
141
175
282
145
320
173
343
197
396
298
163
320
94
250
22
175
261
300
5
73
201
116
165
46
294
221
5
21
263
35
46
379
197
215
259
220
130
226
135
396
240
180
186
58
108
165
296
136
173
37
298
126
144
110
280
136
290
40
4
121
134
352
43
296
74
180
264
340
345
14
143
340
314
254
183
88
216
275
66
31
78
90
125
107
123
56
5
292
251
319
377
362
12
384
106
60
261
249
142
278
0
357
254
127
140
169
52
191
350
295
79
129
270
274
278
24
360
26
370
333
171
219
307
171
61
132
180
366
246
73
181
62
362
277
124
230
273
262
19
289
4
82
139
387
142
295
179
176
283
308
337
382
174
367
208
79
287
123
107
59
86
264
312
327
188
72
106
21
371
187
137
330
134
219
80
232
121
37
131
267
113
7
329
47
23
105
383
243
3
41
113
298
12
182
75
307
139
192
349
374
47
303
127
128
261
196
330
314
379
224
308
117
141
208
268
17
80
157
225
197
339
299
262
28
197
342
47
54
336
390
204
13
189
121
142
90
162
338
163
84
78
125
382
154
41
203
4
397
57
46
159
342
314
124
397
283
242
144
344
93
354
67
114
97
347
24
367
389
126
278
51
356
117
233
18
247
334
381
192
326
5
396
35
387
115
302
343
138
281
213
108
52
185
162
91
59
323
70
398
273
266
167
61
105
280
188
43
331
395
382
193
171
202
26
325
4
166
228
32
86
96
236
1
18
50
332
118
78
214
164
282
355
115
392
286
332
50
190
52
363
274
23
110
222
200
209
175
323
100
374
190
92
19
164
311
180
296
37
187
300
25
389
266
214
118
224
336
242
318
344
133
15
297
256
211
291
35
276
148
245
376
365
237
182
70
383
285
284
287
348
367
177
68
335
186
279
371
217
354
31
41
97
258
289
295
196
49
90
40
301
115
213
354
174
384
67
384
375
146
127
153
342
228
71
396
173
199
61
104
308
137
64
290
316
4
241
248
254
73
100
240
251
151
132
114
128
20
131
49
197
237
65
319
356
62
93
188
312
327
243
222
157
63
395
15
380
88
167
24
12
341
159
134
318
84
165
280
277
115
8
271
122
99
65
327
215
170
6
149
194
173
387
388
121
306
12
129
188
371
47
335
346
7
205
165
47
33
293
307
170
298
153
26
377
66
211
149
68
2
226
192
369
141
167
319
394
236
132
370
340
392
362
162
230
382
303
323
223
31
17
313
370
291
371
182
108
89
225
43
95
283
313
161
366
42
95
76
95
58
184
63
351
165
240
179
33
6
132
15
277
50
69
330
84
385
315
241
224
94
398
137
258
378
386
394
239
388
107
113
290
228
311
158
72
178
240
56
92
3
342
129
169
205
110
127
160
153
378
80
195
312
49
74
111
387
272
256
77
305
154
161
336
295
244
171
199
361
309
111
280
214
341
229
116
382
168
264
223
354
168
140
208
211
283
278
123
115
123
254
106
62
224
215
285
11
392
300
384
266
201
257
34
318
59
256
74
7
2
32
34
368
324
6
14
103
43
104
59
146
303
257
170
309
153
189
354
253
107
280
156
99
342
252
257
278
255
153
220
344
200
369
152
17
109
226
175
100
145
21
32
13
340
353
63
37
233
393
60
157
377
305
386
187
343
72
382
353
30
376
298
309
220
76
289
290
317
295
183
370
371
312
369
205
37
98
202
340
245
58
267
200
168
54
191
98
382
97
369
395
19
314
61
311
250
24
68
53
332
394
116
76
225
226
184
0
81
197
191
305
25
160
380
336
159
328
53
307
237
14
335
170
253
231
362
308
358
149
308
360
238
287
32
240
90
104
286
226
105
300
257
374
245
257
288
301
26
218
186
391
292
263
385
339
57
229
292
106
29
30
136
290
173
320
128
168
20
349
121
255
252
21
343
31
29
372
358
298
380
292
40
332
247
225
328
21
289
85
258
101
4
231
145
1
328
148
69
391
274
146
191
163
290
378
227
229
370
307
55
310
326
241
136
248
308
330
186
181
92
117
347
91
353
44
135
174
204
246
260
247
162
279
301
284
129
108
359
356
395
357
138
117
202
258
319
365
209
393
26
125
131
213
337
172
22
397
166
138
113
246
362
101
262
29
14
361
51
211
227
203
387
316
211
189
141
255
369
26
217
330
220
216
204
310
354
85
81
42
318
177
341
249
366
178
201
143
61
118
38
84
108
45
119
39
258
305
250
191
114
13
184
260
160
86
97
70
145
200
355
392
47
68
6
180
119
355
83
219
395
68
19
8
71
296
176
283
266
34
130
63
194
302
361
188
189
9
285
67
224
257
6
230
110
159
17
129
229
361
302
13
256
42
216
13
388
255
372
202
12
58
26
26
169
350
73
188
388
383
8
139
290
282
140
155
306
396
202
191
166
244
21
228
216
35
97
349
33
191
130
234
58
370
235
115
280
98
263
83
221
91
45
172
365
331
161
95
258
49
309
189
99
201
55
91
117
228
233
267
313
104
319
59
47
133
54
212
179
334
339
165
350
133
185
44
203
130
238
303
394
73
239
360
85
238
117
371
44
203
70
142
80
339
268
145
315
203
13
189
66
152
168
172
66
147
254
290
320
262
197
90
301
130
66
279
172
95
42
165
137
302
26
223
362
359
393
88
200
183
16
57
246
39
119
178
179
248
312
337
208
66
268
196
176
313
302
126
312
293
175
45
371
221
311
294
253
178
61
367
374
48
232
205
307
83
53
66
82
255
165
149
341
228
101
183
363
115
370
132
149
0
212
273
145
148
136
254
84
106
56
226
124
229
130
0
200
222
120
32
385
382
45
294
383
126
224
111
322
174
114
68
18
161
222
296
63
2
130
114
261
395
254
342
311
366
190
139
397
340
7
386
122
289
268
382
313
212
115
394
329
247
326
380
2
38
53
372
169
75
275
110
165
198
25
43
116
391
188
62
83
284
328
201
136
200
54
189
321
258
376
294
398
238
208
340
359
195
173
323
233
363
103
332
272
322
265
113
312
368
34
150
351
12
137
76
254
397
136
234
312
124
29
222
282
135
349
180
271
13
224
29
385
171
199
93
330
221
336
297
151
2
243
368
55
337
179
374
315
170
237
83
376
386
231
307
393
211
140
237
218
104
214
351
156
216
283
162
213
241
287
398
380
9
173
295
320
156
337
84
277
157
215
45
158
38
364
384
310
187
344
47
20
55
33
78
283
260
393
178
366
175
130
62
289
208
162
114
325
152
342
69
352
158
211
347
277
239
216
102
189
171
44
156
234
135
46
263
348
86
222
16
279
63
237
82
239
367
289
248
114
18
242
344
18
269
275
152
86
105
369
182
361
377
350
344
122
148
1
87
211
167
357
309
143
17
274
357
172
91
251
281
276
34
20
108
387
41
273
51
138
207
12
183
192
41
29
13
382
349
126
325
316
180
41
232
235
194
170
248
99
231
227
207
275
4
258
260
233
49
173
41
201
215
196
205
273
280
19
172
155
91
36
226
149
43
191
160
159
89
306
12
96
236
192
93
46
278
61
111
232
231
46
357
313
7
384
81
367
110
220
19
125
161
42
128
234
181
117
377
247
75
240
379
131
18
170
179
120
387
155
224
167
15
35
360
29
351
174
170
372
51
40
100
84
101
349
253
295
385
359
328
29
347
16
264
30
0
281
83
10
111
330
308
297
40
51
316
50
11
90
2
3
277
143
246
157
121
152
153
1
356
281
356
319
307
10
319
50
339
145
373
55
152
64
119
164
303
334
36
99
55
297
87
220
326
333
375
384
149
292
295
327
100
137
288
34
363
353
101
137
308
209
219
295
47
284
361
233
40
293
267
26
346
32
107
359
303
344
225
235
94
228
41
317
278
344
307
130
116
12
153
301
106
21
399
156
262
78
24
31
239
141
330
39
42
259
183
327
335
42
68
375
295
121
139
109
58
148
101
294
165
48
71
292
190
44
369
368
203
371
282
373
68
253
36
64
3
244
1
133
321
98
102
192
88
386
2
24
244
159
17
339
67
381
299
347
63
138
352
306
196
89
231
358
120
233
359
271
294
31
154
305
262
331
298
345
201
200
275
341
104
318
313
178
184
48
30
147
278
243
251
285
56
96
373
315
348
267
133
174
17
55
293
223
28
175
196
62
368
82
94
257
201
89
154
352
271
203
112
189
344
7
209
305
135
209
145
347
187
385
356
316
84
86
188
178
166
273
37
283
48
155
153
348
323
8
25
269
274
64
230
126
338
330
200
141
62
193
391
387
342
288
140
297
64
162
122
257
351
65
216
269
196
248
93
195
210
302
337
394
220
362
252
6
90
379
307
119
332
58
5
226
269
80
368
312
333
335
318
84
379
280
16
285
270
359
91
211
390
240
31
45
144
36
187
231
236
118
194
118
332
274
207
230
363
335
162
161
346
289
183
85
112
253
109
200
184
120
239
358
120
378
282
284
267
222
104
232
18
134
387
91
310
61
87
296
371
390
53
55
263
106
131
350
234
221
213
339
383
368
364
300
19
355
185
391
242
369
207
165
113
217
208
206
29
174
173
111
221
175
31
258
61
266
0
67
136
277
218
55
249
382
155
399
116
326
393
147
338
224
338
126
381
116
1
335
41
60
289
247
87
213
228
10
110
94
79
67
167
355
263
132
74
206
214
196
313
100
276
195
25
210
198
90
91
80
162
76
237
74
150
274
123
113
203
175
287
62
257
250
235
107
283
30
379
182
157
56
151
94
329
370
166
32
56
320
317
308
92
183
307
318
10
340
232
342
297
3
385
107
180
6
233
240
73
307
206
79
4
123
54
278
0
144
172
122
195
12
197
253
153
63
203
160
36
340
106
151
42
305
391
168
177
275
130
184
253
47
82
213
35
261
38
44
256
236
262
390
32
363
245
307
222
171
223
69
118
356
284
98
280
126
359
254
70
249
217
211
110
209
216
65
99
344
184
10
177
379
190
343
270
256
69
77
254
373
132
203
310
131
378
264
96
114
267
0
250
388
152
333
223
249
60
134
203
253
358
362
102
218
166
321
346
7
341
63
198
155
53
34
271
262
148
60
162
320
355
223
247
271
287
198
272
85
1
352
155
125
161
201
13
105
176
158
252
273
301
203
258
96
135
132
315
325
218
332
120
288
213
64
343
48
129
318
97
234
229
304
103
135
252
142
66
78
338
136
269
153
37
246
375
210
329
264
179
136
343
55
255
318
202
90
21
380
200
240
222
171
206
284
334
298
238
180
196
29
200
204
348
215
347
363
97
277
371
246
396
113
249
266
73
9
170
213
233
353
303
165
255
266
271
274
168
47
230
350
272
248
259
48
368
35
324
56
347
377
379
259
158
36
252
73
345
43
346
15
343
304
110
265
23
294
256
143
283
199
368
270
263
274
221
196
343
376
125
119
25
287
268
18
360
9
390
105
93
344
319
342
48
235
326
221
162
98
235
259
46
234
59
66
49
4
144
336
103
156
45
101
259
213
165
102
256
230
372
62
285
99
123
114
113
207
169
9
298
167
369
369
382
88
309
201
122
87
230
8
322
138
12
318
29
289
82
113
394
64
144
125
243
391
7
122
174
222
398
353
176
75
376
15
188
35
342
74
27
320
363
373
55
347
72
10
233
67
346
384
381
391
181
171
248
333
74
118
388
301
98
189
357
62
233
21
171
82
87
338
55
74
120
193
43
220
66
332
321
293
47
390
286
158
103
386
92
169
278
334
92
23
281
39
270
64
236
208
326
220
52
109
315
125
283
252
378
257
379
373
360
178
269
174
268
309
16
242
89
185
239
271
214
211
6
382
290
25
296
6
96
270
18
121
287
307
18
364
96
15
115
332
256
236
374
186
152
209
100
338
74
257
163
100
199
370
280
113
181
300
241
63
77
198
229
114
222
10
316
211
241
290
252
127
146
363
253
330
35
176
145
337
17
312
310
266
328
346
95
99
303
343
129
177
248
335
90
41
89
23
235
95
123
333
35
219
264
234
252
65
10
335
74
98
151
333
223
378
45
169
53
170
193
76
380
256
198
108
29
112
262
227
247
294
161
284
202
337
399
154
130
327
190
309
275
351
121
188
165
164
29
203
388
330
367
155
36
389
42
108
57
94
271
237
138
140
187
167
67
137
45
92
303
382
99
73
181
204
373
140
232
350
223
81
211
85
76
153
225
399
64
186
63
319
6
230
377
338
333
28
361
222
236
235
225
304
114
250
117
96
252
129
78
274
391
62
170
399
216
390
259
256
74
150
340
100
133
39
183
257
117
277
46
151
37
290
80
105
69
211
346
221
72
140
329
54
320
68
34
389
14
149
278
226
274
358
182
346
144
319
164
8
288
178
27
79
27
187
11
272
309
121
362
24
244
87
364
245
159
61
328
176
193
196
395
268
219
389
118
116
220
398
64
67
32
374
138
293
181
167
86
191
153
202
222
194
116
109
27
314
170
103
174
102
108
261
8
46
22
287
2
161
119
164
158
256
71
293
393
397
51
389
139
124
364
242
33
193
394
100
135
337
342
170
24
201
40
310
7
295
67
285
279
393
207
229
85
135
247
233
358
75
350
132
149
193
133
80
287
377
208
326
258
211
251
48
48
14
145
198
174
83
104
55
81
349
144
390
66
130
334
186
342
371
316
382
13
83
194
167
146
204
231
108
11
150
79
234
216
214
276
76
95
188
358
236
271
34
208
240
72
270
238
208
85
163
102
129
120
4
362
296
387
157
28
38
365
204
112
49
292
146
123
91
53
350
272
324
26
386
58
227
239
279
300
392
240
115
190
132
366
131
292
150
218
234
169
141
44
0
370
144
329
395
190
18
57
265
193
133
331
97
338
226
199
135
125
240
280
167
272
223
156
247
59
136
315
46
189
313
54
35
116
68
188
296
245
270
217
57
392
227
293
370
391
387
243
331
153
319
316
60
129
69
269
31
292
260
188
354
317
205
376
44
133
379
291
21
224
260
273
370
93
8
172
375
24
392
265
116
171
64
281
98
165
295
228
48
266
309
358
361
217
210
29
10
362
101
51
7
170
166
344
317
351
182
86
389
0
78
217
290
188
11
100
367
287
126
289
28
149
95
65
302
61
375
232
341
100
255
168
128
184
131
166
334
300
86
338
339
323
170
177
166
324
112
339
106
62
127
5
173
214
26
26
317
140
55
352
389
157
37
320
198
90
209
175
208
334
396
273
65
40
65
385
214
74
257
22
64
396
371
311
36
87
8
282
185
260
189
389
217
22
94
378
190
78
266
116
141
258
355
343
39
180
39
317
229
42
228
258
296
186
5
265
223
165
245
348
397
147
202
24
51
348
153
29
78
149
244
205
44
34
243
289
231
26
193
173
32
376
206
306
49
229
380
256
254
63
333
373
358
395
90
204
298
92
377
171
398
386
348
28
86
115
174
299
134
358
84
120
41
186
86
204
53
311
332
190
5
305
321
254
41
217
27
335
301
260
355
346
190
379
32
20
279
251
4
106
138
364
101
376
399
300
218
312
111
281
133
328
135
286
109
67
90
376
287
54
362
302
311
227
116
208
12
208
319
121
134
354
304
130
246
393
286
184
396
124
173
192
20
313
57
88
169
179
383
160
300
347
67
369
97
280
192
111
320
158
108
76
233
186
14
81
167
313
175
328
157
346
381
368
150
363
259
182
105
101
228
207
285
214
81
113
50
246
197
355
296
303
188
251
154
93
203
233
340
194
167
278
331
12
378
194
241
228
376
162
321
273
122
249
221
141
186
14
361
341
204
98
87
255
109
345
315
252
159
296
16
198
225
364
211
214
258
106
98
253
142
214
263
315
242
30
103
156
189
80
114
22
301
145
376
308
342
58
86
129
236
311
45
157
25
209
28
287
13
19
64
199
104
169
312
73
156
223
383
95
73
241
136
131
278
369
7
219
152
270
178
279
84
36
314
94
195
314
148
145
246
12
200
14
72
193
358
304
180
33
256
23
209
244
192
261
346
140
219
95
16
271
314
91
30
52
176
304
325
18
71
92
345
245
243
97
69
96
79
111
59
335
324
230
215
282
13
284
248
272
56
326
11
288
187
197
299
72
330
301
102
58
11
208
63
345
227
180
164
388
154
8
362
71
56
177
14
367
156
147
289
185
93
24
354
147
196
260
136
230
227
316
158
168
129
339
151
398
33
302
380
260
238
384
384
334
155
1
347
21
224
174
162
78
363
222
136
65
215
41
250
211
395
319
385
43
198
25
62
56
364
48
205
71
339
9
115
255
13
190
382
169
30
156
153
139
142
139
32
153
214
29
101
194
68
224
301
32
66
268
266
184
215
198
125
40
218
123
300
66
317
348
153
241
316
58
269
378
267
393
358
155
328
263
37
91
252
379
47
43
155
257
80
125
129
111
187
169
254
7
84
225
399
167
72
97
333
292
200
283
294
338
356
83
133
159
60
263
17
135
378
258
348
246
206
200
67
166
262
394
281
368
10
274
333
245
229
222
365
124
288
393
29
246
59
56
395
86
127
300
53
208
363
69
215
72
383
150
397
84
203
291
204
288
152
295
110
388
248
276
325
215
83
44
385
281
218
25
2
230
148
275
208
314
327
214
209
307
133
387
56
262
145
396
27
8
264
374
46
225
372
184
161
176
11
198
209
39
167
345
257
330
189
336
252
361
110
193
236
125
204
269
266
177
144
260
0
53
280
127
252
291
153
340
178
156
95
125
94
189
112
233
203
88
237
50
69
66
353
151
106
166
356
319
2
197
329
174
119
110
358
132
56
15
135
306
29
184
337
18
280
315
317
169
209
396
210
329
24
374
280
174
254
16
137
267
363
394
65
368
204
278
98
231
80
45
172
58
159
382
304
330
238
353
222
86
182
94
339
231
124
95
86
207
346
356
162
110
277
80
351
360
164
308
97
206
191
273
357
388
278
2
238
13
105
283
270
34
220
296
201
8
333
326
120
253
393
66
197
47
157
116
15
109
304
151
9
252
40
238
292
319
349
160
123
221
119
210
151
220
262
109
290
292
102
109
97
327
275
88
12
291
47
245
301
192
138
218
273
103
287
12
370
7
259
126
228
14
224
244
244
396
225
323
181
269
88
14
60
333
92
392
14
372
116
321
243
223
4
139
389
23
122
218
129
335
78
371
158
153
147
335
9
288
178
324
131
161
44
89
56
75
294
82
302
311
88
265
383
381
122
246
176
153
174
116
340
64
211
358
54
52
147
65
19
163
246
297
321
8
101
18
128
118
131
207
19
70
239
93
33
94
191
305
110
117
65
241
96
380
93
235
253
145
259
272
119
22
24
352
249
352
363
41
212
229
32
384
70
346
57
189
270
162
347
339
356
324
117
343
383
149
277
282
328
99
71
305
299
254
327
15
158
171
39
352
85
186
206
75
233
202
202
202
215
117
54
63
157
162
332
27
138
205
302
342
240
37
224
143
7
376
23
215
159
118
267
352
235
232
3
338
150
113
83
385
228
33
35
52
176
56
388
102
345
143
276
225
392
67
50
271
189
60
144
389
89
331
314
264
128
70
347
100
238
40
220
17
154
71
355
125
220
18
155
394
85
306
272
223
164
285
391
234
7
225
179
136
34
357
44
199
45
355
111
358
124
284
15
106
24
223
144
6
141
61
348
30
256
113
76
371
121
317
236
285
78
127
195
222
139
114
161
214
131
190
330
85
148
258
48
14
13
293
271
271
67
291
249
59
203
196
169
358
312
71
215
100
128
328
157
65
17
234
75
277
209
332
37
153
191
152
93
155
283
365
338
397
62
250
41
291
58
226
84
114
395
1
155
2
64
70
265
291
194
235
38
111
73
69
312
50
90
324
196
67
247
158
178
320
315
11
370
1
335
332
111
262
125
34
157
303
360
105
227
388
24
27
217
8
159
363
64
358
344
177
169
344
350
61
348
299
34
33
149
143
63
313
392
156
185
177
306
264
284
306
187
51
334
22
355
91
44
182
273
373
13
271
157
71
318
365
265
363
175
216
273
398
385
379
128
343
330
78
138
176
392
194
181
26
97
8
49
57
268
97
346
290
12
240
337
149
193
255
245
210
382
17
160
242
46
180
184
16
276
221
334
341
367
309
137
84
31
260
304
181
54
306
313
125
262
348
366
4
227
240
85
58
253
236
160
343
168
165
392
75
76
282
207
236
185
329
25
372
76
172
106
286
327
282
323
114
391
218
253
15
256
322
319
222
369
190
251
261
54
193
192
314
114
379
162
53
134
386
285
380
273
11
31
274
25
42
134
38
200
73
16
31
19
282
35
159
44
67
293
74
78
322
290
382
297
327
365
71
73
119
208
285
351
294
259
231
294
230
202
339
191
188
325
47
109
378
270
282
200
391
317
97
155
162
126
73
362
112
390
115
109
168
147
3
105
307
161
306
76
131
299
27
107
249
262
125
174
52
99
139
82
44
69
126
280
220
9
194
94
31
268
188
292
34
38
4
352
352
20
129
232
387
58
398
294
206
94
128
83
291
28
258
93
35
114
158
377
315
75
216
27
361
87
275
38
54
157
165
285
301
214
215
19
323
163
276
21
13
117
238
276
145
28
107
87
328
87
254
8
288
51
394
147
225
217
40
389
278
382
324
326
102
130
8
25
378
54
226
13
147
256
108
224
192
355
265
227
290
125
236
52
195
252
284
237
329
92
94
215
385
154
164
119
142
60
189
47
99
382
131
131
397
18
115
317
380
367
112
176
359
328
320
68
310
225
276
88
305
25
296
350
4
77
196
49
301
325
206
156
2
101
106
158
182
346
363
328
86
264
37
199
167
89
1
281
236
207
241
236
148
37
265
8
200
276
171
61
249
278
397
334
301
200
326
15
27
349
181
277
53
171
243
380
330
193
292
237
366
275
269
205
4
355
175
344
47
26
147
224
9
116
289
38
1
213
234
148
347
104
132
285
81
79
217
81
248
74
48
89
384
106
372
364
27
277
96
250
88
278
273
97
309
176
35
31
17
176
153
130
261
168
376
180
330
186
92
317
138
256
347
195
203
230
186
150
40
135
134
200
57
294
250
331
70
217
61
32
67
112
314
184
19
396
318
174
223
187
386
323
359
318
349
164
212
208
131
371
270
150
57
383
339
269
294
246
268
155
83
371
217
248
134
290
101
13
139
56
303
249
135
44
211
199
212
133
140
64
372
385
22
365
136
388
103
297
282
178
256
47
171
157
153
391
388
48
256
310
353
12
83
309
110
138
265
262
223
69
215
353
159
114
126
208
91
36
51
319
208
169
353
69
168
121
231
204
71
52
118
108
143
69
206
289
58
199
374
383
209
318
197
317
18
284
358
241
17
261
197
393
384
397
142
70
159
340
229
284
41
336
352
98
33
187
117
194
36
298
87
106
307
315
264
143
62
16
63
294
377
225
98
161
241
181
101
18
337
385
30
322
202
161
309
33
83
102
255
248
9
148
264
233
341
210
73
274
50
269
109
395
206
53
367
162
139
192
251
264
137
231
309
69
150
174
377
13
109
244
323
198
51
325
198
26
211
31
311
172
390
35
294
148
106
370
187
345
140
176
156
203
9
396
237
144
179
399
297
168
9
256
372
25
262
183
174
107
279
349
117
91
226
79
343
172
77
340
165
67
37
260
332
151
200
128
311
60
316
187
23
120
182
180
238
200
250
351
242
315
376
173
351
397
393
79
205
112
225
67
1
389
366
17
186
6
294
42
297
89
263
172
254
374
337
128
140
347
313
397
69
364
397
314
321
207
34
123
255
276
225
31
177
42
211
273
220
396
355
338
202
142
198
259
347
343
344
323
28
312
63
186
263
92
275
312
66
152
258
396
155
107
84
259
309
254
81
116
282
367
200
258
232
106
169
155
305
222
115
241
302
28
377
31
282
187
113
50
103
246
378
56
374
361
177
397
127
36
128
49
55
216
352
146
193
187
221
105
175
232
185
218
71
296
36
145
255
137
353
328
181
112
229
154
42
19
334
352
260
50
19
243
355
42
172
285
309
353
134
74
205
277
315
137
97
147
234
40
325
182
180
35
311
173
227
303
297
143
376
341
156
392
399
68
358
386
35
393
172
287
333
175
218
35
397
41
8
167
30
283
9
278
384
255
331
165
371
87
328
328
191
92
252
114
97
336
354
154
365
235
90
213
53
238
144
238
237
128
302
147
17
345
334
393
249
89
116
102
139
186
180
240
106
5
309
72
16
386
182
110
185
82
282
134
201
385
19
157
230
51
38
382
22
164
245
337
291
162
79
270
37
264
71
172
77
215
16
178
190
334
157
194
133
202
239
6
145
248
386
326
48
214
343
23
129
150
14
381
195
250
351
383
18
311
151
33
302
187
302
231
34
63
199
12
106
233
123
305
158
69
94
260
344
261
137
389
376
355
313
39
232
30
311
353
293
316
24
111
135
71
266
243
151
246
47
294
393
376
379
302
276
372
131
109
282
101
246
210
128
278
51
346
180
284
271
197
215
254
181
317
92
28
395
20
386
205
293
64
81
188
341
125
140
156
231
145
88
338
352
273
21
33
385
221
166
277
178
237
143
379
299
22
275
312
100
248
353
31
34
173
301
18
156
379
234
365
298
370
136
160
214
350
3
218
366
349
289
159
305
147
351
272
94
76
196
59
317
244
282
334
68
148
73
7
126
107
264
292
313
370
372
57
359
300
15
177
235
299
308
258
165
119
286
109
346
331
23
119
325
123
3
71
267
307
229
331
0
292
378
155
179
191
365
163
122
258
22
168
239
273
309
50
38
306
13
201
298
76
217
226
66
125
370
164
120
398
157
43
163
382
214
393
267
360
42
290
83
256
388
313
55
195
126
128
387
149
375
209
161
108
342
178
382
291
8
237
201
379
33
81
81
112
268
387
270
24
345
365
380
162
305
133
383
206
188
179
322
65
313
84
305
338
53
87
347
81
357
201
49
87
312
239
125
144
256
266
347
12
0
46
4
132
298
93
342
337
303
164
207
156
146
21
386
47
10
179
226
121
102
339
356
283
332
333
181
235
90
330
366
321
148
271
53
100
221
301
325
204
199
32
298
154
32
43
216
109
348
213
157
325
311
214
71
355
13
61
140
114
55
113
367
367
35
184
68
383
324
74
197
178
150
316
7
51
353
308
160
77
1
52
298
75
198
227
196
29
46
61
12
307
235
139
228
146
9
327
14
197
130
224
176
212
225
203
289
307
113
114
172
77
70
321
166
19
327
83
389
139
298
117
313
398
60
4
210
184
215
241
274
366
349
387
167
255
193
114
9
124
274
291
390
349
374
335
133
258
251
361
365
380
53
376
311
152
147
12
274
268
3
90
144
216
224
369
381
11
212
239
265
17
264
34
6
364
184
72
295
306
199
213
218
72
171
119
255
95
343
349
302
288
118
194
230
204
281
42
236
398
360
172
313
237
301
281
141
278
340
185
285
125
397
139
206
325
252
388
201
74
170
192
220
261
179
342
334
349
155
241
214
83
207
387
61
183
170
236
264
125
48
365
191
163
67
159
169
322
113
246
20
267
138
42
167
181
144
40
256
141
30
348
393
390
381
68
61
363
316
176
197
357
254
39
366
161
386
129
205
105
147
372
204
206
135
33
70
150
311
203
101
255
229
345
158
375
212
386
79
113
293
205
397
188
335
295
10
97
53
191
325
94
267
245
48
98
99
232
271
145
12
78
372
187
262
252
51
110
260
353
43
65
362
235
270
155
365
245
246
156
116
293
371
20
231
88
240
293
37
346
89
231
351
170
117
10
316
204
317
133
202
173
253
328
390
126
300
319
99
386
340
280
148
365
240
38
183
192
360
166
43
123
370
181
236
190
280
214
186
225
383
93
321
206
24
330
193
192
383
181
250
38
254
268
216
226
133
305
75
393
207
152
370
373
71
321
150
88
361
134
95
364
205
124
297
330
88
381
351
213
80
266
388
20
376
110
14
79
324
48
29
111
396
10
38
337
20
5
384
250
303
157
394
31
96
261
312
32
307
216
323
359
348
377
183
294
277
388
120
16
8
154
182
175
292
305
352
175
173
85
338
44
319
97
354
87
117
136
245
323
164
19
232
383
23
6
177
100
181
85
297
94
361
145
334
305
311
293
66
36
124
67
113
110
251
267
137
396
22
211
64
311
243
41
239
314
149
30
226
44
251
365
81
229
225
239
103
112
83
195
385
292
375
17
157
329
143
354
340
94
313
367
99
86
95
387
27
317
282
25
293
177
106
256
99
77
299
94
156
384
12
70
351
398
117
164
160
351
0
164
382
110
211
199
341
374
328
389
213
138
350
54
209
121
18
81
280
18
229
301
3
292
17
141
122
42
92
188
336
325
149
280
284
63
382
376
142
251
311
116
88
321
300
390
86
379
179
333
177
47
45
76
23
38
18
300
120
20
65
181
390
390
269
170
210
279
267
365
365
145
176
259
12
264
319
18
288
153
318
119
381
261
99
320
353
69
161
213
279
360
202
117
70
271
25
350
341
167
318
349
93
52
84
266
283
369
82
345
358
116
340
289
203
178
268
340
223
52
239
242
47
39
153
73
112
108
385
373
360
256
354
145
219
204
24
163
281
398
127
333
160
194
129
254
60
161
18
1
185
119
50
137
331
321
275
285
276
86
73
0
102
4
132
240
368
123
167
294
343
309
321
5
138
248
286
192
73
136
38
195
89
196
30
227
242
65
275
267
1
126
55
365
364
33
353
315
268
169
293
300
338
113
30
201
206
158
380
246
150
101
363
118
205
208
282
343
67
108
187
213
278
142
23
255
109
375
55
90
332
87
245
164
206
288
133
37
398
101
236
125
395
260
44
134
317
292
67
315
320
189
238
71
97
152
62
383
55
220
338
57
216
6
360
60
18
69
300
187
72
253
40
352
88
232
240
170
324
89
221
20
287
281
161
296
115
286
369
160
370
53
297
100
383
7
108
69
141
52
265
365
54
254
387
17
160
168
267
301
202
224
148
336
13
185
12
261
157
10
288
90
375
334
309
346
199
265
144
299
383
75
313
70
223
191
277
194
0
280
292
210
354
385
119
82
140
135
178
54
260
21
263
279
388
171
97
209
304
98
170
151
396
215
150
29
31
332
231
331
109
277
228
372
332
198
108
328
38
91
27
39
210
226
287
47
37
85
394
174
347
192
359
151
206
266
137
174
310
77
292
337
199
185
330
262
190
169
376
156
95
171
138
307
381
51
103
36
187
160
314
82
389
43
269
10
207
163
278
166
204
21
249
127
334
85
217
136
112
116
51
208
14
54
349
121
85
290
138
296
5
16
300
203
75
172
386
274
52
212
33
167
123
381
309
109
126
331
2
261
382
145
82
134
88
3
337
112
59
142
341
162
198
288
214
173
113
229
70
27
279
226
119
192
287
375
276
212
311
250
349
114
152
375
14
98
370
255
273
221
338
351
357
361
338
6
60
395
142
297
200
115
94
275
113
13
297
4
378
1
81
208
6
35
315
260
187
308
323
163
283
292
331
3
372
257
342
235
117
160
26
115
233
262
309
66
303
328
389
41
362
238
263
45
374
395
129
355
365
209
17
92
52
206
322
20
103
387
10
160
162
259
130
63
234
163
232
145
338
205
168
58
285
278
172
376
91
304
46
30
205
245
131
220
364
272
166
290
1
326
89
108
143
262
389
55
156
372
204
263
319
393
144
310
61
65
9
104
26
95
208
18
355
333
234
197
352
347
304
48
270
224
344
56
128
216
211
327
266
377
38
198
135
123
87
379
64
77
398
238
378
12
27
101
369
10
357
118
115
160
361
296
168
21
118
186
335
366
366
394
326
101
238
160
98
349
120
336
242
41
104
299
288
293
277
373
119
266
362
210
165
27
308
391
277
250
188
367
201
153
353
134
337
111
116
398
351
89
183
371
117
198
170
86
167
308
201
261
168
356
277
290
320
398
154
253
24
231
1
24
77
288
118
317
260
349
52
230
125
153
293
182
158
236
156
199
250
219
396
258
170
45
290
68
246
255
267
15
111
183
316
200
277
39
273
175
262
27
52
52
158
90
134
280
286
305
211
195
209
175
98
204
393
43
257
86
115
190
282
139
19
87
133
145
388
388
356
389
191
195
280
157
230
252
15
247
179
24
134
289
198
235
248
41
349
311
343
94
189
36
68
335
383
362
269
36
75
125
168
106
384
170
18
112
106
99
17
38
0
59
141
246
299
46
165
398
188
339
331
235
9
252
135
210
224
254
103
251
143
119
283
223
32
264
311
113
271
50
270
321
89
289
167
90
262
13
160
150
155
78
45
296
96
16
242
338
67
13
217
144
29
100
390
298
282
140
225
220
33
64
171
296
120
269
274
67
291
217
64
357
345
280
255
86
74
200
212
326
329
126
80
379
71
11
396
314
285
255
233
102
354
101
391
8
237
39
26
288
199
367
384
116
52
290
127
301
127
297
345
210
390
161
197
371
362
66
368
321
242
295
177
59
55
26
371
16
312
102
251
347
178
363
214
274
276
84
47
112
28
332
288
276
289
212
11
204
15
200
133
46
278
80
210
360
210
75
339
188
19
263
17
36
341
82
34
177
277
146
154
7
99
73
166
202
228
203
335
277
105
220
123
102
389
40
330
299
91
11
171
92
353
331
217
63
103
50
23
311
201
377
252
116
367
67
323
62
357
331
333
101
30
243
258
11
232
129
164
218
129
150
103
10
294
22
150
161
340
163
252
225
55
391
133
44
68
169
252
309
264
315
363
59
392
25
381
186
173
159
351
76
139
160
133
219
326
222
233
177
345
267
286
384
30
200
25
249
131
122
123
156
138
244
317
68
103
4
59
184
197
81
148
321
364
180
53
328
384
34
316
101
324
150
307
51
77
172
273
188
164
335
392
260
117
190
77
243
2
378
321
173
352
225
26
247
19
57
339
92
306
312
306
161
147
230
274
193
55
144
281
54
226
203
93
271
164
378
178
316
0
123
358
314
44
95
310
207
203
336
388
347
169
253
250
340
280
141
121
205
5
210
247
250
194
70
379
12
255
387
311
233
378
75
307
121
137
274
221
271
65
104
26
187
115
32
126
247
10
366
61
67
342
76
198
95
158
94
222
98
361
158
24
362
297
364
148
172
387
358
396
349
86
37
232
360
297
311
365
333
214
336
82
355
164
315
310
65
166
328
140
79
144
307
319
188
169
395
233
341
291
125
201
398
61
129
117
145
349
253
50
173
78
118
245
314
236
271
179
212
137
314
285
300
247
378
20
2
244
328
9
331
4
149
73
22
54
277
77
291
234
254
123
8
290
104
94
363
127
286
375
166
257
309
292
135
281
285
96
251
224
311
234
173
247
376
200
284
144
55
124
292
23
120
382
92
232
363
373
127
351
127
58
364
265
12
360
375
61
367
36
323
119
151
63
316
252
95
70
268
197
343
122
115
105
352
216
235
33
396
381
379
297
79
209
247
45
258
109
36
144
137
369
108
254
227
338
148
380
390
308
355
212
367
45
50
382
260
389
331
316
117
96
221
356
93
227
159
266
52
230
320
140
293
342
379
71
189
53
286
11
143
69
178
32
396
79
146
206
205
368
193
372
118
84
56
228
360
373
153
221
1
304
90
263
55
128
318
194
301
209
264
53
189
265
22
346
54
297
89
150
371
155
65
192
60
336
146
182
84
278
234
250
288
193
42
252
156
46
329
12
210
374
263
248
181
247
180
328
101
392
218
219
140
272
28
168
334
8
397
49
194
264
317
67
316
69
140
230
213
146
213
145
185
130
97
351
204
129
238
182
202
87
331
46
196
147
106
181
351
279
108
148
386
214
364
387
137
53
152
364
65
350
371
97
15
57
172
45
153
2
279
246
155
309
130
361
129
93
191
251
393
313
55
161
283
291
241
279
50
152
268
218
56
348
238
360
210
362
108
183
18
382
133
54
250
9
36
248
60
331
378
165
330
298
6
55
113
346
272
262
231
371
125
355
24
290
88
199
131
273
152
325
1
25
317
74
110
76
49
22
306
177
314
215
272
336
195
303
227
229
6
395
126
79
235
377
369
399
141
295
365
29
359
109
386
345
351
360
45
126
284
308
219
165
363
329
64
235
381
78
106
259
121
170
313
263
138
134
188
25
360
226
149
11
55
244
83
73
377
142
355
218
110
165
265
117
84
376
166
134
157
22
127
279
15
344
50
373
23
119
259
361
51
253
139
316
336
354
182
91
253
20
57
127
250
365
103
193
7
202
222
383
61
358
372
151
24
113
255
57
388
260
268
180
361
109
191
129
234
377
43
82
378
369
330
189
152
332
56
44
345
57
335
159
145
145
37
252
75
240
384
278
166
302
34
92
363
208
178
154
165
4
361
298
296
28
172
288
385
127
184
190
155
311
66
90
39
269
353
73
3
115
139
209
34
228
205
356
382
151
159
160
244
258
70
76
391
399
189
36
279
240
318
206
258
330
312
352
85
218
139
213
10
205
308
335
312
342
249
156
248
37
290
57
20
0
289
349
51
368
187
300
40
287
26
242
56
225
394
91
194
120
165
181
128
371
219
395
322
141
48
220
227
263
8
127
316
141
320
378
387
345
172
171
195
0
159
253
205
303
102
82
219
50
170
72
184
239
6
236
152
335
19
367
191
166
39
310
123
179
29
281
74
380
154
382
64
386
279
289
239
359
3
387
281
114
209
93
301
219
11
220
202
90
241
324
214
199
138
200
388
343
49
111
254
212
37
57
5
49
169
345
389
30
218
72
81
310
346
363
333
130
312
376
226
62
391
370
177
239
120
375
40
374
133
292
280
350
298
361
354
278
163
14
241
144
14
93
104
143
386
88
70
287
79
206
133
371
178
377
229
69
47
74
119
355
210
30
54
62
87
5
287
253
102
392
183
324
83
149
80
268
21
122
335
7
318
265
348
131
348
143
257
302
252
381
60
387
180
337
270
353
86
327
176
276
110
242
24
198
103
380
29
362
342
264
48
299
105
300
92
15
210
198
124
265
389
196
355
163
52
318
367
334
261
367
318
294
237
341
385
145
367
36
192
125
213
65
39
286
310
82
104
205
326
245
94
139
86
99
178
233
23
77
331
363
261
35
272
233
286
108
379
145
309
50
212
47
182
77
367
389
17
149
105
303
391
332
378
367
229
86
23
399
108
395
247
317
105
100
113
232
45
3
299
230
124
10
13
151
76
35
82
48
366
27
141
24
263
148
303
209
56
118
183
116
378
142
144
6
303
240
6
244
10
276
398
167
308
230
214
21
322
163
185
224
3
124
199
142
58
251
140
58
329
242
82
131
261
48
345
356
96
25
29
363
65
248
300
146
378
92
391
32
196
108
393
199
246
190
9
293
1
124
373
252
131
319
339
303
258
347
204
267
304
25
37
286
383
166
398
232
229
349
197
62
347
277
217
130
36
214
124
181
200
119
43
272
326
99
360
187
286
111
129
188
298
369
387
321
196
392
197
217
300
208
97
380
300
310
72
284
205
194
253
155
107
317
213
176
127
14
3
300
154
78
84
121
297
51
353
142
224
87
96
2
246
352
35
119
286
254
391
112
380
79
211
372
70
385
368
342
384
296
99
13
98
274
238
36
42
8
353
192
143
67
270
108
90
64
330
291
359
82
242
147
257
168
219
294
209
103
110
184
0
5
223
384
113
134
334
223
80
58
80
170
271
384
245
162
177
3
118
291
330
377
176
350
4
284
2
99
214
105
385
304
241
389
153
170
205
266
391
33
93
144
121
18
272
364
49
214
303
306
42
90
126
212
280
91
198
352
134
167
110
260
107
392
255
268
357
351
354
149
126
5
379
133
13
271
297
131
92
109
9
37
392
92
279
12
389
162
71
100
171
63
54
80
323
157
85
306
273
170
248
181
356
76
273
32
154
372
189
374
216
305
191
114
181
267
288
345
306
194
350
55
350
290
147
237
246
82
313
341
179
357
63
146
98
53
302
204
386
217
151
326
188
333
255
228
370
180
117
388
283
80
119
353
137
150
358
140
261
243
360
84
245
70
178
290
245
209
88
302
339
135
310
172
269
315
340
70
344
363
29
4
295
44
293
381
241
331
105
153
98
112
15
182
20
193
163
160
158
169
313
327
238
14
296
295
243
69
342
347
232
183
366
343
196
120
333
207
165
26
286
114
43
129
392
40
371
383
307
133
262
360
377
282
296
328
102
78
327
379
112
380
238
206
119
377
288
359
349
161
105
154
277
148
243
11
63
2
337
351
105
62
288
76
369
126
77
150
237
59
384
301
69
132
342
72
298
184
211
67
63
289
93
252
153
104
3
59
99
118
365
273
85
286
137
254
392
284
225
364
358
230
120
60
66
371
152
208
147
384
290
349
118
43
339
119
221
258
26
160
51
317
51
275
162
111
18
233
111
355
317
372
196
243
228
273
127
193
286
71
222
321
61
245
15
80
158
233
399
354
80
28
236
347
357
398
372
60
335
153
315
391
226
0
12
246
7
356
21
274
232
376
326
371
118
121
399
263
42
224
67
268
129
154
287
134
195
19
213
392
266
212
33
242
269
20
392
201
4
160
44
292
14
283
50
79
104
64
44
386
159
307
226
219
291
373
109
47
283
247
173
368
228
132
122
234
399
395
150
390
209
261
177
104
241
241
14
171
163
339
38
81
202
355
47
340
118
283
248
173
5
273
138
218
8
163
7
6
124
156
380
302
6
167
393
41
397
295
190
323
96
80
293
115
381
323
292
90
153
207
340
293
76
109
173
259
237
188
312
326
162
63
267
10
142
76
199
202
304
215
331
261
204
35
27
26
169
337
133
195
358
271
151
37
339
115
142
177
49
200
170
85
52
343
176
114
348
229
165
31
307
70
66
340
275
204
317
254
361
18
258
327
23
186
389
389
57
390
371
217
102
322
129
83
17
251
30
50
87
183
304
321
64
266
34
50
398
94
350
208
133
299
353
213
176
281
166
132
91
290
238
390
184
331
273
291
128
354
226
224
282
72
327
229
51
136
375
127
211
106
57
259
42
371
381
212
144
367
349
20
33
353
219
226
380
167
187
120
299
146
327
195
321
137
87
324
127
372
70
282
30
295
87
332
29
124
122
300
253
181
83
305
17
311
382
305
216
399
18
143
321
243
177
272
142
155
336
22
337
4
344
127
13
379
355
0
122
58
123
258
291
181
297
270
339
16
343
393
324
171
39
182
83
23
333
78
195
83
336
332
351
197
23
131
275
56
223
48
266
103
218
110
19
56
302
32
310
113
333
235
373
122
16
204
392
76
14
307
166
395
237
350
261
79
304
148
358
292
42
132
390
63
216
181
192
19
230
230
258
229
377
366
203
89
168
38
106
179
78
174
207
382
54
359
176
351
311
19
52
97
252
384
90
386
80
68
121
200
34
9
61
55
37
207
123
9
226
162
136
230
79
318
261
289
361
52
351
28
307
270
207
148
286
281
362
228
329
389
69
375
210
355
275
368
336
141
252
285
323
121
358
147
247
174
376
179
220
391
48
336
8
11
173
381
252
246
176
219
129
6
51
104
15
324
191
99
201
287
140
96
256
174
95
32
296
51
397
330
187
245
147
53
245
242
157
164
313
251
49
212
341
359
332
39
253
271
94
276
273
248
299
149
369
116
233
164
341
25
221
84
251
47
313
17
392
392
215
220
359
75
101
301
107
248
374
361
324
44
281
244
148
238
219
41
319
164
297
225
268
175
375
241
126
205
393
285
45
83
85
28
326
323
48
324
183
353
306
168
89
222
62
236
388
76
318
5
43
123
122
292
330
306
202
323
85
398
40
85
73
399
138
275
380
160
207
132
94
88
214
26
286
263
214
375
119
173
82
67
111
104
206
365
53
110
358
173
359
1
245
76
117
342
216
384
163
105
264
305
259
390
348
101
265
308
264
180
0
317
396
31
81
46
1
99
60
231
2
73
141
397
77
62
341
146
291
72
74
264
398
132
327
151
344
192
323
12
89
238
99
22
114
25
286
332
105
158
89
90
33
356
394
292
380
368
273
196
100
368
52
381
154
182
149
254
98
137
217
250
310
26
228
32
73
203
35
24
88
224
369
133
201
284
148
185
8
91
387
249
345
118
163
373
37
330
248
369
149
339
347
171
166
379
48
96
359
357
281
321
119
329
17
49
355
240
73
30
272
277
276
217
28
376
331
314
376
213
10
11
185
196
101
304
296
260
250
157
364
9
67
370
163
234
272
45
382
319
93
114
132
78
248
334
45
264
3
89
350
281
289
302
227
325
350
9
166
176
79
304
298
266
392
334
132
393
250
179
333
398
32
30
322
388
215
230
180
199
204
36
116
202
93
76
239
107
348
130
181
249
210
111
34
36
183
131
292
391
61
10
366
221
397
187
199
292
352
299
193
142
1
93
78
266
81
300
247
272
149
277
395
309
218
298
76
234
20
102
342
393
314
268
306
266
258
164
318
263
194
4
373
276
20
148
232
21
266
46
343
205
228
362
347
105
104
271
168
75
39
344
135
53
322
13
49
346
82
395
52
334
273
182
391
361
200
91
201
201
183
115
366
138
59
89
117
394
188
336
82
320
308
211
106
374
28
33
228
338
197
272
231
165
223
174
112
271
23
73
294
320
74
59
131
152
29
302
71
124
95
283
217
131
82
118
93
378
72
104
117
356
345
19
148
386
118
357
324
199
308
359
154
234
111
234
222
89
63
197
121
379
246
14
236
148
249
38
167
316
248
317
195
230
27
89
368
164
44
175
165
130
135
332
387
279
331
17
366
190
206
76
340
65
326
347
331
205
66
57
49
279
399
151
210
358
330
182
185
49
347
211
358
157
79
305
162
174
152
9
82
305
360
291
128
108
228
37
150
35
190
0
317
270
46
320
332
210
133
63
196
315
138
107
269
256
273
122
242
103
288
353
147
75
24
298
204
179
193
277
93
309
5
380
147
191
0
145
355
327
180
376
157
207
314
213
145
132
373
201
394
369
291
313
105
102
212
178
340
337
258
118
385
21
227
293
220
62
325
94
33
388
244
5
193
76
139
162
292
72
174
108
316
231
189
208
217
251
40
285
122
116
188
104
270
327
98
124
22
68
95
339
385
254
326
120
291
393
304
83
313
257
382
143
249
23
31
312
144
272
303
235
399
35
232
310
185
257
120
259
328
179
186
45
160
77
155
58
192
130
10
243
106
382
191
321
109
162
306
345
168
245
162
39
313
68
375
94
301
128
219
374
134
237
368
305
190
278
50
153
102
176
390
57
76
116
268
285
176
200
335
278
280
239
179
48
317
117
85
140
372
248
310
335
375
298
336
203
179
75
111
81
137
256
297
137
302
61
198
347
233
377
146
235
181
21
166
17
134
103
331
361
72
99
343
290
186
243
134
267
119
43
255
94
340
30
145
328
241
293
42
50
311
262
76
217
220
179
394
73
177
27
99
49
14
70
24
2
219
142
243
381
67
309
73
396
357
337
147
134
64
136
77
229
315
362
192
129
112
195
34
179
377
371
142
83
209
110
63
120
14
249
351
287
41
180
43
29
147
251
178
288
298
383
384
13
249
341
317
88
88
191
43
342
293
325
191
300
107
219
324
200
209
30
155
244
143
382
120
127
34
380
84
266
104
124
386
217
136
193
366
361
10
27
230
136
56
202
222
57
268
259
318
97
206
333
354
316
229
337
138
39
256
171
46
188
295
288
150
362
18
154
391
381
146
52
272
131
301
42
336
244
315
176
44
5
275
8
268
244
85
387
252
141
350
284
13
159
399
249
92
144
323
93
166
64
138
281
60
170
65
338
277
272
154
187
110
305
140
398
177
348
379
60
65
189
397
35
228
88
307
381
244
194
250
161
208
320
1
331
267
339
201
278
285
319
358
240
319
337
128
325
361
56
324
82
138
46
126
191
67
179
104
238
259
252
348
385
297
398
72
70
75
72
315
86
236
56
257
219
254
233
49
23
274
256
65
380
112
183
59
320
193
5
165
245
300
230
97
326
77
88
36
178
107
345
239
246
69
331
150
105
28
205
343
398
42
387
385
272
151
309
359
142
91
191
27
254
25
147
111
373
44
253
224
118
139
373
85
236
161
90
371
275
373
317
141
339
232
187
372
94
210
50
221
103
281
210
221
212
353
283
86
336
137
60
175
192
225
357
285
380
96
61
253
362
233
233
138
280
216
362
61
333
67
82
72
392
54
150
45
156
220
295
325
346
122
196
201
246
362
369
135
141
359
351
207
105
54
26
196
220
360
114
390
264
258
31
329
266
95
243
103
216
63
44
250
306
5
354
87
48
66
177
116
138
0
3
198
330
345
120
34
318
325
209
280
42
286
173
306
70
381
337
197
365
134
391
109
272
324
9
101
187
293
65
334
233
395
88
192
87
183
174
29
120
101
353
171
124
210
350
214
148
245
226
12
304
264
296
131
185
228
324
168
61
240
321
275
287
263
338
44
399
67
36
39
319
283
364
39
284
30
76
34
95
100
197
333
395
19
199
73
187
81
85
54
384
184
147
376
240
302
355
7
356
85
334
125
65
64
397
111
327
100
173
298
209
107
43
348
259
128
319
213
199
112
319
226
35
195
182
81
390
355
275
353
85
225
94
344
74
230
102
153
43
331
359
227
378
322
182
217
48
245
19
304
181
260
197
377
149
51
111
80
310
285
103
345
366
103
93
159
385
332
180
354
216
239
340
84
338
297
2
129
144
261
360
257
327
228
327
167
204
123
271
384
247
162
309
38
323
380
270
308
212
109
57
229
41
374
43
306
144
46
170
332
137
395
242
132
388
203
383
174
266
73
223
58
389
223
320
162
5
377
395
75
325
4
169
8
8
197
30
92
161
156
14
0
390
57
307
9
352
158
329
241
364
186
44
144
216
30
344
89
24
370
187
358
194
129
229
26
350
159
17
5
61
270
303
123
269
82
225
108
65
383
206
225
290
281
9
72
28
227
150
151
225
14
222
40
287
222
257
301
260
272
274
338
342
125
100
193
122
352
312
54
55
267
144
262
94
186
40
262
290
136
364
330
128
277
89
376
295
134
243
325
379
130
310
307
124
221
253
50
395
229
246
328
345
148
94
158
98
115
254
7
13
115
73
34
144
17
1
147
367
82
365
75
193
245
328
140
394
2
205
353
112
387
218
94
374
2
275
214
173
385
38
91
375
97
17
207
374
63
275
43
84
264
271
217
149
42
73
394
355
60
179
36
98
367
323
370
381
100
78
41
89
185
149
150
143
311
346
312
310
105
145
102
357
11
83
354
151
274
90
308
356
262
46
38
86
279
110
27
225
115
307
251
77
245
276
88
305
190
216
288
245
152
329
369
394
271
31
168
306
321
63
126
277
353
135
202
365
65
297
255
222
168
371
27
346
40
339
241
84
74
387
362
244
335
343
84
300
299
247
102
367
312
86
19
151
212
273
130
32
356
276
50
221
92
83
143
285
75
296
167
96
126
384
68
18
275
191
198
189
148
48
22
100
166
367
268
289
145
300
38
176
182
240
41
16
291
137
269
118
346
260
213
380
220
291
89
198
333
232
209
250
301
242
9
28
42
357
2
171
394
238
297
297
245
147
144
315
159
6
366
146
115
48
373
121
366
74
164
341
46
300
136
356
232
284
382
308
88
332
15
364
281
312
362
342
183
192
122
176
326
113
97
369
204
299
341
45
240
264
164
252
195
309
43
69
201
393
95
337
232
386
343
145
270
140
122
357
175
124
76
388
20
243
249
132
252
390
211
378
20
233
153
340
26
314
145
236
255
209
344
394
165
182
212
373
202
19
327
244
85
83
259
0
39
274
119
393
185
30
265
335
84
137
74
76
200
299
320
159
392
326
69
190
152
156
61
55
158
332
106
224
111
331
272
387
14
356
387
44
88
191
20
155
276
389
179
264
390
160
215
297
21
264
193
16
277
232
113
11
328
225
368
179
181
276
36
38
39
270
354
169
92
286
292
269
377
364
236
37
321
96
320
327
87
269
346
7
73
364
41
105
118
384
304
8
228
312
273
343
385
71
215
225
9
368
355
31
316
25
218
268
136
387
238
184
40
58
112
194
326
399
249
91
339
37
257
221
286
188
223
84
46
56
58
375
360
214
361
369
242
355
262
325
320
287
11
208
389
146
131
316
199
220
11
119
75
283
267
209
21
93
150
326
361
227
242
333
364
370
392
342
38
96
316
210
54
307
304
212
285
365
11
220
168
285
140
300
284
14
368
347
362
132
342
1
185
23
393
266
138
237
328
101
322
8
246
281
130
310
129
26
1
337
324
236
194
329
17
84
377
109
182
234
394
48
199
389
341
66
177
210
199
214
397
216
15
141
395
369
328
151
191
352
40
340
54
361
66
179
92
30
124
168
368
233
230
39
268
3
344
296
279
282
238
138
132
85
223
360
225
255
131
91
145
36
44
130
242
391
156
141
75
234
80
3
286
210
123
363
246
12
355
188
35
314
203
130
214
315
69
354
287
189
239
263
73
136
114
9
357
201
34
198
8
132
393
14
392
198
97
133
41
134
274
99
43
96
231
271
51
240
74
348
318
12
280
198
176
227
194
266
264
372
311
167
171
364
213
78
265
298
178
277
63
360
3
168
212
30
184
232
30
13
288
240
41
31
233
395
2
0
220
89
377
59
321
381
64
95
147
56
122
37
398
46
6
315
191
147
347
399
267
1
363
122
2
15
228
327
125
386
39
398
98
42
394
165
63
231
127
392
243
79
291
172
366
253
144
268
287
260
329
139
313
62
70
123
259
228
360
242
295
212
373
140
88
265
361
362
150
310
65
223
251
296
244
64
107
247
141
374
32
354
227
389
45
79
210
305
302
221
264
55
338
24
103
358
240
195
288
298
353
85
59
3
170
259
66
36
283
86
333
261
290
359
208
41
67
129
197
251
283
72
137
332
139
19
171
318
193
12
55
56
192
399
370
208
112
397
209
261
104
213
2
288
47
192
308
305
150
275
22
243
222
364
78
223
213
103
240
207
7
349
56
398
72
274
294
369
147
302
124
310
127
111
331
224
231
306
60
51
174
124
169
198
34
268
94
14
52
157
318
281
68
380
66
250
173
227
110
360
79
28
361
172
110
90
350
394
381
120
241
72
158
83
276
314
265
320
305
318
64
220
14
214
73
303
327
86
222
73
248
326
228
303
47
344
392
153
169
126
273
81
321
95
378
390
19
354
328
189
221
127
329
148
114
192
359
175
53
282
244
232
77
282
277
294
86
358
334
310
386
179
351
181
191
145
146
231
53
208
136
176
191
58
202
57
370
313
289
117
253
264
374
22
132
281
43
39
395
211
101
196
343
199
251
315
184
70
186
176
42
75
312
40
25
248
287
320
266
216
129
330
237
128
269
186
12
150
345
148
287
243
59
224
79
284
371
182
40
299
121
41
344
335
168
151
150
93
83
320
348
389
114
333
212
173
319
288
172
72
371
141
15
89
302
270
62
188
252
24
4
335
102
274
114
170
260
210
93
369
167
352
317
292
340
90
119
336
81
73
111
64
21
257
183
137
249
196
238
372
166
48
218
354
195
230
45
265
242
379
181
17
335
385
343
12
0
127
23
129
359
324
134
104
112
284
315
144
25
269
241
224
333
96
151
140
290
328
85
210
328
363
65
255
46
233
175
352
315
336
271
186
346
35
397
333
276
395
65
373
85
267
167
322
216
195
69
175
227
103
105
158
312
234
127
46
228
303
376
156
10
212
379
211
398
204
342
237
38
46
152
373
54
394
223
226
329
177
244
324
301
28
222
6
97
41
372
262
339
124
191
6
252
209
59
152
243
27
201
235
95
0
381
102
240
378
230
226
314
136
167
268
282
24
221
306
188
184
257
146
227
373
380
351
198
140
341
79
336
260
201
345
141
54
146
27
183
29
156
160
219
113
65
37
15
300
27
293
213
156
299
370
135
281
35
191
302
391
22
130
109
272
72
215
282
360
28
51
313
279
85
185
62
152
211
359
124
333
280
15
263
314
378
217
302
336
214
336
88
16
219
377
119
332
299
108
308
117
336
381
147
373
299
169
258
301
329
184
146
229
5
50
310
318
110
21
234
104
95
346
7
139
164
89
137
204
50
54
13
290
396
295
71
323
85
363
132
168
212
311
185
375
316
1
2
237
231
287
10
190
313
59
389
160
282
169
373
143
324
324
291
232
8
393
337
381
102
40
22
353
134
316
374
195
142
126
104
340
312
324
187
151
118
299
241
298
183
339
176
146
242
118
109
123
113
183
338
355
43
359
310
23
194
321
361
356
352
179
65
134
112
355
70
379
1
257
38
267
163
184
77
99
312
102
332
390
67
373
82
176
361
378
364
84
45
273
137
325
50
215
262
27
69
17
298
152
70
201
192
10
228
80
180
33
50
322
288
366
62
344
94
293
28
56
0
58
366
37
31
206
142
13
319
396
25
87
336
349
64
33
320
22
83
255
162
165
268
128
31
238
11
156
19
305
235
218
23
104
116
227
375
100
380
97
136
235
21
315
248
166
295
215
57
300
22
388
13
96
69
23
384
180
216
127
233
235
363
79
0
301
206
341
124
59
354
398
308
345
251
154
209
102
187
122
66
50
0
55
142
7
189
331
146
293
209
298
223
342
44
224
54
396
365
77
343
382
251
35
108
375
86
9
279
383
100
10
315
3
351
343
170
389
349
320
310
210
177
229
241
87
103
234
53
363
27
115
254
360
34
245
242
59
29
25
136
205
374
241
301
249
263
3
171
120
87
123
200
183
304
193
356
221
101
380
122
245
238
227
229
180
21
342
374
98
16
356
227
81
146
279
83
296
171
396
383
149
285
132
399
168
75
265
198
204
385
267
165
161
103
121
253
15
17
203
305
205
264
175
213
328
80
302
121
1
213
209
283
239
312
156
176
121
247
112
220
235
230
215
219
368
378
32
120
34
52
11
251
219
83
219
323
298
51
211
362
391
388
344
216
299
86
74
57
117
65
199
231
7
181
269
281
279
188
318
319
149
69
263
161
262
386
163
184
392
175
357
163
41
27
256
216
28
68
218
208
308
386
123
202
35
138
341
69
330
66
224
299
215
388
136
49
71
63
286
312
98
267
207
95
126
11
279
372
76
106
274
304
75
151
178
323
339
141
159
359
374
28
377
324
1
24
158
62
391
75
122
138
385
296
67
380
132
244
5
374
100
350
259
180
279
299
289
194
104
128
334
175
270
261
62
276
114
274
385
222
384
25
23
327
307
57
293
310
66
198
151
6
126
64
98
180
20
195
95
20
183
63
104
270
5
182
369
93
66
122
87
120
367
66
118
170
143
100
62
390
143
286
8
115
77
6
175
72
89
196
71
367
83
374
284
103
230
16
318
390
29
216
341
246
287
70
181
116
269
335
62
372
200
117
327
332
285
369
258
275
243
174
289
3
22
181
55
13
237
203
200
163
177
128
187
7
115
357
222
52
213
285
398
255
21
372
232
136
386
135
354
54
128
350
55
229
132
224
15
349
316
306
64
299
131
343
219
313
122
184
339
75
397
43
32
124
232
127
119
265
89
190
341
369
152
10
229
388
308
332
177
70
333
242
309
141
131
269
46
292
39
335
188
249
39
341
360
184
363
356
33
302
322
22
39
223
22
69
341
360
351
364
246
4
371
79
3
165
258
212
265
93
5
135
364
148
284
37
373
239
59
160
314
139
136
142
34
283
211
386
56
182
118
354
331
372
14
95
202
59
160
221
167
360
250
103
221
207
286
148
183
62
182
298
391
44
280
38
355
190
32
288
211
290
78
171
150
126
256
68
61
223
262
261
257
334
5
224
113
109
235
132
256
103
349
108
128
269
182
149
139
227
118
75
387
4
87
295
291
95
79
108
192
189
322
337
172
110
281
225
356
3
341
119
71
365
302
311
90
120
138
247
40
186
356
196
314
78
312
303
40
88
136
47
300
370
313
172
46
239
96
107
305
314
275
92
376
334
358
190
136
99
158
352
243
100
202
210
250
301
284
255
314
35
229
365
92
109
340
369
162
376
206
254
260
83
207
136
190
44
120
320
169
52
303
158
96
202
89
55
333
102
87
327
70
7
71
144
61
154
131
17
218
116
260
78
390
267
113
265
224
10
130
175
251
255
323
246
236
58
154
123
139
97
176
177
350
58
334
69
164
330
93
68
122
91
394
154
22
155
274
230
198
324
376
250
291
315
131
248
21
342
346
315
185
332
93
235
380
113
49
247
286
113
267
126
191
215
181
215
388
231
385
237
256
396
335
303
283
384
341
381
168
279
90
317
307
380
122
294
193
239
359
13
114
351
101
379
115
24
53
179
110
137
119
58
201
290
314
26
0
169
377
308
381
16
243
109
139
49
218
187
235
330
33
185
23
152
268
158
29
57
91
383
206
59
266
71
174
378
214
272
375
140
63
348
371
190
347
299
56
25
194
234
185
317
283
165
284
35
27
217
377
73
293
290
79
21
144
195
8
129
306
339
194
152
198
284
123
26
325
353
313
39
335
339
201
134
206
230
287
59
186
251
321
286
280
60
390
150
263
1
383
397
386
141
197
391
128
187
10
119
394
34
151
66
204
262
151
171
253
341
41
59
384
188
323
365
64
0
31
327
354
157
309
281
173
313
243
132
39
93
179
355
47
250
390
154
296
376
81
21
99
321
235
165
194
303
94
52
288
313
257
235
154
103
31
386
33
81
275
395
104
132
248
193
202
270
306
341
154
257
259
367
218
111
128
325
48
298
285
274
79
52
96
265
124
212
285
162
153
396
349
332
20
190
135
100
148
333
60
213
259
224
327
361
46
176
231
52
58
242
77
10
220
329
42
227
104
6
189
226
397
127
191
191
247
23
212
43
81
342
124
393
120
111
43
295
173
173
61
379
164
391
239
72
159
18
297
63
285
305
72
127
243
30
29
155
200
121
128
279
142
123
160
124
32
87
189
339
282
180
10
392
115
207
139
20
299
344
21
160
341
312
98
317
344
60
347
280
21
341
45
345
368
205
41
153
384
191
278
340
356
388
37
82
114
189
206
239
45
305
396
266
226
364
224
182
26
383
24
70
196
241
142
300
51
236
229
44
118
251
372
37
161
273
119
321
15
386
98
12
149
325
282
33
269
72
268
193
240
199
234
386
92
298
240
343
338
61
104
156
84
172
356
314
240
275
304
173
267
383
370
164
303
365
115
355
316
56
349
162
175
71
303
188
3
200
294
122
332
168
170
157
219
70
176
384
397
59
77
347
373
201
293
396
156
24
269
386
100
80
183
198
364
86
360
359
28
198
74
82
183
279
8
105
37
1
92
140
154
349
223
364
63
54
193
230
312
373
20
142
166
134
343
152
89
198
54
182
151
155
249
118
247
234
7
218
375
51
143
89
30
206
9
396
391
373
371
283
84
333
8
68
263
336
68
274
3
16
177
261
69
316
124
214
336
218
153
369
42
242
54
226
351
198
95
27
85
140
192
96
176
184
390
259
301
304
340
326
98
318
374
55
244
369
193
11
118
204
7
314
78
264
65
143
180
350
370
169
123
20
3
108
96
78
337
394
248
87
55
170
124
280
346
2
240
64
253
312
337
383
196
374
40
182
132
82
363
206
116
215
292
152
23
182
322
166
385
190
175
71
361
383
50
216
368
113
151
156
310
196
155
119
216
352
284
157
316
282
121
113
203
249
313
197
80
343
27
170
270
15
239
260
272
212
148
137
366
54
101
278
369
392
191
272
193
15
335
320
307
106
266
3
123
22
92
101
74
132
12
139
280
1
227
238
137
149
132
252
372
336
289
355
270
327
251
326
54
381
333
137
298
172
141
135
26
337
312
396
163
9
236
44
303
124
230
193
183
131
352
150
185
135
123
114
75
122
137
285
190
270
208
28
165
289
219
186
180
212
160
154
143
85
106
28
181
251
254
262
86
84
359
310
367
172
66
347
185
47
334
141
48
105
242
211
235
388
163
265
281
16
256
265
38
359
329
383
380
33
79
84
24
81
109
95
110
45
276
2
286
114
107
303
141
21
321
113
97
324
246
107
232
194
96
367
20
255
360
161
98
204
215
354
123
152
235
122
33
105
245
186
228
168
174
23
309
125
293
206
289
54
182
386
376
343
399
171
284
86
382
77
54
145
28
7
272
175
389
339
173
319
96
376
362
213
270
210
304
58
144
346
336
221
274
259
294
182
198
190
56
162
305
287
16
122
249
42
159
315
190
45
308
2
342
195
144
139
98
121
50
181
341
328
346
227
10
302
166
15
313
192
223
81
168
203
139
114
322
49
90
60
362
248
278
195
93
190
26
234
185
216
180
212
115
301
251
306
172
379
149
87
328
162
215
43
317
396
41
79
0
362
350
228
217
28
0
70
248
205
178
118
22
117
39
346
399
16
146
135
294
247
273
146
234
124
380
130
247
178
92
337
265
221
109
10
49
210
92
389
139
325
184
16
232
210
260
338
254
206
375
240
81
101
283
394
354
221
397
131
59
197
304
96
395
67
321
121
395
393
71
210
255
291
304
342
308
249
342
16
143
175
57
37
22
101
0
115
53
39
268
303
167
263
335
237
346
203
309
343
32
237
383
109
159
197
219
194
314
220
306
325
244
201
41
285
307
150
173
138
359
109
178
20
220
142
219
371
47
68
187
126
232
340
207
132
55
385
399
154
279
357
8
82
239
360
252
380
25
100
175
349
144
38
125
255
381
334
50
303
18
68
277
202
33
107
61
66
309
155
189
193
191
252
11
15
114
308
48
261
318
291
199
16
51
393
107
237
94
202
7
296
372
147
242
237
366
257
89
368
203
350
134
292
112
227
40
239
150
381
245
243
163
138
390
395
257
269
21
11
283
350
319
249
195
97
387
22
193
262
75
242
44
352
388
3
302
73
192
354
121
75
195
386
24
259
92
346
272
363
223
119
22
273
339
335
130
34
14
62
160
228
93
176
5
87
124
143
388
40
206
291
20
191
91
297
396
377
43
203
22
133
316
131
394
202
309
311
283
59
376
271
168
393
67
334
328
289
147
180
272
307
28
21
2
294
43
211
369
151
121
225
92
250
189
82
9
130
319
5
310
249
244
117
248
235
60
222
7
222
223
164
398
91
289
58
111
305
232
249
189
18
95
111
29
74
91
161
304
330
318
84
276
274
380
121
102
399
323
166
299
374
157
297
147
274
372
55
263
116
32
3
54
82
42
325
92
137
296
289
273
79
62
239
54
188
94
28
385
230
330
239
183
212
51
27
231
194
50
232
278
247
211
69
299
161
202
181
396
353
254
99
157
209
15
19
78
91
6
134
271
57
299
331
231
185
135
304
377
294
399
226
248
365
291
149
75
103
267
238
52
155
288
112
169
138
55
128
56
189
348
196
314
163
21
135
219
97
342
344
338
262
143
148
263
51
329
335
266
53
200
48
203
227
341
378
15
151
356
385
281
321
245
154
347
65
39
340
38
226
31
68
40
142
262
220
308
130
156
211
153
366
199
62
238
86
393
161
206
242
71
127
109
79
197
38
148
9
284
286
128
14
31
120
234
292
14
38
287
332
345
138
332
18
282
353
295
275
141
250
275
202
110
289
269
29
10
185
303
379
87
260
56
352
258
337
3
217
43
30
278
144
270
275
193
353
255
67
164
336
105
15
7
19
286
253
249
81
298
392
280
390
99
274
98
17
100
53
65
366
49
190
20
175
78
23
206
239
35
247
346
390
95
325
139
276
299
20
276
349
267
288
170
121
42
34
17
114
326
187
260
143
77
131
220
296
18
160
375
100
306
39
196
115
349
227
306
365
174
289
269
102
107
183
81
312
60
204
93
12
331
72
168
311
44
164
217
126
216
71
265
17
179
152
97
13
260
351
265
347
327
6
5
47
155
25
308
134
315
391
28
133
44
374
189
390
105
381
168
52
377
243
245
258
280
118
2
125
391
106
104
384
184
318
300
14
63
373
212
133
23
74
55
343
151
56
391
114
75
205
326
291
159
316
321
268
151
174
238
318
345
334
19
167
195
341
253
324
208
334
192
251
325
244
238
354
73
242
34
351
350
357
253
304
116
320
99
21
47
319
80
249
97
357
99
159
54
145
19
327
137
66
304
122
288
7
235
104
260
27
91
274
273
384
388
149
370
204
199
323
385
198
254
225
117
278
291
162
345
115
91
278
137
277
74
181
367
34
357
299
117
40
194
242
89
117
16
17
107
174
127
119
107
48
172
165
269
325
160
68
259
218
157
183
209
252
121
123
59
16
66
138
317
175
65
279
60
67
134
85
69
217
39
395
279
347
95
172
156
106
46
228
126
154
358
23
170
348
153
80
17
105
127
268
170
294
377
161
79
206
87
171
237
10
340
87
83
253
350
224
132
104
208
66
235
276
269
68
393
141
383
118
234
7
179
31
124
115
7
84
268
76
125
172
99
98
52
301
330
315
165
107
125
240
213
104
365
323
46
112
64
94
71
374
132
99
184
331
343
184
107
259
322
284
358
160
42
35
208
96
298
172
377
185
167
380
70
299
170
281
172
255
6
241
117
175
85
59
83
361
250
270
368
62
48
343
302
246
164
375
90
381
24
290
317
299
65
90
308
96
34
119
80
293
59
395
18
243
48
36
343
338
300
127
43
96
142
149
328
160
237
149
58
383
155
375
336
327
7
94
163
139
196
337
367
209
302
44
110
257
236
258
375
154
80
42
78
253
297
284
78
280
362
69
172
118
205
226
163
318
166
229
324
155
387
197
101
77
149
315
53
227
388
16
279
158
237
379
382
354
100
19
321
346
284
342
30
107
101
77
107
211
172
323
130
250
189
263
77
86
311
82
20
397
161
28
143
258
2
362
38
142
269
120
365
389
253
51
233
276
126
329
70
273
351
90
357
256
81
215
330
212
133
147
190
41
347
15
133
172
177
84
394
202
203
193
369
323
254
31
392
188
11
387
395
58
45
161
96
397
95
128
277
100
117
197
247
77
377
207
189
308
86
376
83
202
43
305
340
181
288
171
218
380
131
96
304
348
52
98
184
84
14
384
370
287
136
25
349
303
397
132
385
100
103
262
154
324
360
14
69
81
61
304
291
140
128
257
20
292
309
241
145
122
196
110
319
74
232
130
264
360
329
99
298
308
357
47
344
174
197
357
47
34
83
184
294
384
322
166
142
263
216
110
252
322
190
64
304
179
265
239
364
363
277
8
224
294
156
344
198
125
376
259
332
237
264
375
264
394
365
368
78
293
126
311
48
137
132
70
239
1
292
19
357
291
273
149
377
141
5
219
37
273
314
106
94
110
177
63
91
267
208
107
353
386
246
264
155
35
72
5
82
205
249
278
183
60
29
390
369
368
349
339
287
121
332
22
169
340
184
192
307
258
391
136
66
156
106
238
55
149
129
61
200
311
187
131
319
159
283
91
164
179
249
383
336
0
154
324
185
346
354
90
52
160
241
294
345
334
201
333
99
236
214
310
195
7
297
70
389
302
53
244
247
364
301
320
141
260
167
164
107
238
247
143
377
3
112
202
359
188
375
329
250
134
301
299
49
334
374
60
351
33
121
195
274
281
108
108
323
290
20
108
185
356
77
26
263
53
20
378
215
8
384
141
60
273
163
181
195
257
15
318
102
143
319
59
112
109
285
143
339
60
331
305
138
179
322
40
133
53
300
200
359
60
38
394
396
142
72
363
232
300
12
120
130
194
125
54
298
368
121
128
328
66
256
290
208
81
219
151
352
105
393
38
75
167
137
174
42
106
126
14
169
305
260
359
99
382
370
86
91
141
128
49
224
283
162
108
1
48
8
325
325
319
136
352
109
82
55
103
155
214
219
133
389
315
142
205
11
36
303
200
281
381
216
129
313
316
96
64
43
32
326
328
123
335
117
210
204
244
249
74
368
306
46
286
122
338
180
262
79
367
122
3
371
11
252
184
192
336
154
292
327
7
294
26
301
115
354
235
168
329
353
225
324
273
261
36
364
303
64
91
232
10
269
354
395
384
237
28
348
136
364
257
15
241
346
110
322
369
60
382
161
22
259
218
25
338
244
209
216
214
177
41
241
93
72
89
373
326
278
197
230
213
179
140
375
78
58
196
18
115
105
102
342
81
286
156
229
275
237
155
155
28
329
126
148
282
73
4
133
284
5
149
108
9
150
320
158
217
381
186
366
236
114
244
285
217
356
126
350
146
88
41
261
269
230
380
68
133
161
102
4
310
206
253
140
315
150
327
314
88
110
376
