381
186
371
217
25
306
295
26
217
356
126
94
368
389
395
337
41
77
269
230
380
180
284
20
310
130
253
167
292
238
62
167
88
110
376
6
180
282
326
96
316
88
99
387
351
83
215
33
283
386
148
270
203
12
71
352
277
109
159
180
302
250
112
365
167
379
226
271
294
135
84
74
388
33
7
163
22
111
102
2
350
366
121
257
270
146
196
67
308
295
87
323
306
263
39
282
399
201
140
368
264
132
56
188
143
68
49
41
289
87
172
182
32
196
334
395
312
165
16
261
9
249
235
345
263
235
117
60
322
367
11
364
109
324
113
71
99
167
267
304
60
259
135
64
77
354
145
138
81
197
156
309
145
356
34
356
168
208
212
140
216
346
232
78
146
186
41
254
108
120
360
221
114
186
387
72
240
364
334
353
83
370
251
283
346
52
346
198
341
32
376
182
89
304
127
240
170
179
155
147
54
219
292
5
356
386
390
221
87
163
68
225
69
372
45
347
382
232
10
210
157
221
4
213
396
0
334
136
176
125
134
256
177
68
192
11
62
258
364
265
359
34
160
278
68
30
374
211
157
226
205
140
181
356
136
153
326
287
140
394
262
310
279
163
108
261
373
74
353
42
324
40
306
139
223
178
101
286
345
262
10
317
39
273
85
127
277
392
196
264
128
362
271
268
166
239
77
343
239
183
304
139
105
225
243
236
275
3
74
265
24
370
111
277
278
324
233
157
307
92
138
249
182
15
239
78
221
123
266
86
384
63
38
3
264
163
0
243
227
399
346
286
28
147
209
146
170
91
127
94
18
142
234
346
66
306
269
286
311
338
47
177
59
140
336
63
209
21
329
246
244
314
208
31
31
244
322
134
331
370
143
224
383
47
128
326
178
311
14
246
85
137
290
152
46
303
251
182
218
57
2
334
254
177
355
135
310
372
338
19
132
44
0
180
288
52
139
302
383
104
135
232
188
304
234
0
213
153
393
281
304
70
349
215
215
126
249
352
251
156
385
301
115
180
27
50
380
61
379
61
87
108
371
53
44
262
234
108
352
91
378
130
333
288
394
344
375
242
329
178
185
346
335
93
346
125
213
134
8
394
253
49
103
333
193
41
93
288
158
188
248
234
36
108
316
57
226
236
78
251
42
28
223
288
132
237
246
234
37
359
135
77
80
108
338
148
101
236
274
385
49
217
37
130
161
37
61
62
178
348
153
46
187
308
134
42
53
158
259
169
63
0
366
152
378
251
232
36
147
302
203
95
312
168
276
44
192
87
180
57
359
394
323
334
43
185
62
228
39
42
30
285
259
326
371
158
307
382
389
313
151
259
372
272
123
182
204
399
229
220
318
346
28
261
387
2
79
44
13
95
232
218
225
384
237
137
370
375
220
146
218
47
46
308
11
220
36
396
208
242
89
83
322
106
184
169
131
322
6
151
159
181
258
399
56
87
379
140
134
384
130
313
203
111
387
261
7
238
203
92
176
301
157
64
348
24
180
94
274
245
396
87
237
219
396
120
61
300
248
317
111
60
176
273
282
152
280
388
175
301
188
333
223
79
121
356
177
43
192
50
1
142
329
241
94
265
327
92
225
66
391
4
312
171
68
341
182
286
367
221
316
399
342
255
237
201
2
257
11
113
362
8
204
171
53
359
324
117
244
373
153
251
45
76
380
261
230
347
287
343
370
207
131
199
262
254
243
153
121
338
366
186
109
154
38
147
164
155
308
163
273
286
23
190
283
80
76
253
309
142
75
218
6
157
395
210
219
393
246
183
246
332
303
240
41
199
45
37
37
1
370
283
61
340
48
299
110
280
130
104
374
362
33
142
306
224
321
333
34
85
295
97
77
275
18
188
240
327
254
241
283
278
321
186
8
77
127
57
285
248
389
167
310
289
367
78
72
84
140
148
212
231
241
330
389
299
264
9
259
221
13
255
280
324
369
285
194
79
132
302
2
37
55
256
386
195
35
42
394
334
188
323
193
209
333
166
49
123
8
330
281
176
302
355
233
3
23
77
290
295
133
220
39
350
299
65
203
317
199
179
159
308
273
175
324
252
4
398
280
40
176
42
32
282
153
196
125
176
211
329
142
45
65
4
65
372
218
111
16
127
108
92
188
51
70
123
309
133
46
301
212
92
27
111
341
215
335
316
140
182
301
76
37
23
322
141
80
265
336
166
289
366
199
62
326
202
249
307
79
294
140
362
395
143
97
120
32
84
224
248
52
227
2
324
229
326
325
235
274
160
22
300
19
294
354
164
5
180
269
159
226
353
164
393
132
63
382
53
323
40
304
287
344
355
269
339
358
242
38
347
264
79
353
367
24
283
166
206
69
267
90
303
133
190
243
173
293
80
126
169
231
252
356
141
287
345
244
202
324
176
389
369
231
110
41
232
123
303
190
147
28
82
213
337
23
195
5
189
388
4
370
88
127
287
246
295
186
264
348
130
245
149
42
199
368
243
372
77
209
312
186
29
177
230
292
297
120
174
123
16
229
143
182
289
191
307
36
46
139
102
286
226
37
219
325
43
251
28
10
228
220
2
188
113
128
49
14
256
38
30
113
172
242
121
19
178
197
16
146
254
141
360
38
196
212
389
84
224
58
36
92
141
197
136
138
394
205
306
165
210
171
188
146
31
130
122
214
130
398
379
52
106
370
225
85
340
259
226
384
257
237
275
6
134
24
6
337
10
133
262
23
319
360
338
236
352
37
241
286
116
82
181
213
79
108
291
365
27
27
365
386
192
271
192
226
107
262
244
158
235
178
118
58
159
181
264
15
58
382
112
112
387
15
380
75
247
242
173
288
378
115
301
41
311
229
16
73
87
254
20
103
288
268
64
80
288
167
283
363
70
195
213
53
83
189
133
357
304
10
133
247
204
156
86
220
398
121
207
346
306
336
116
13
46
188
379
31
30
110
236
256
112
315
159
171
292
109
359
221
186
89
189
204
57
30
135
326
305
283
273
356
288
195
70
215
18
227
370
356
246
17
329
43
51
8
14
231
104
164
381
113
383
393
186
39
310
72
348
141
296
218
153
11
97
353
389
268
322
37
204
104
257
360
47
193
389
371
267
275
360
100
16
295
264
308
306
34
10
290
286
44
227
304
334
264
110
219
243
84
87
268
50
55
270
355
100
382
154
10
165
240
248
111
172
282
71
356
377
120
255
377
68
64
92
363
251
10
75
18
127
37
32
58
51
321
202
392
315
307
294
126
40
197
253
251
268
329
126
170
325
1
276
88
178
308
129
31
220
127
131
399
303
140
49
132
375
115
127
201
291
231
364
138
225
118
83
11
8
99
318
40
151
378
77
259
96
218
237
153
53
269
66
12
20
348
37
277
368
304
223
248
321
170
178
332
80
150
332
313
325
266
23
180
265
231
233
52
132
315
325
243
287
399
391
196
307
288
117
6
77
113
158
11
394
194
374
175
108
142
172
327
135
379
187
204
171
375
77
19
356
391
281
114
351
215
103
274
125
78
285
255
302
107
84
139
208
179
305
201
354
181
169
160
71
246
294
111
152
46
322
54
364
59
258
156
279
325
264
67
121
276
209
121
215
170
30
82
124
215
12
14
228
195
120
352
212
346
211
235
374
394
366
236
266
109
11
72
360
243
326
71
269
114
291
365
58
29
352
311
11
139
49
333
152
299
392
308
5
40
375
15
77
344
366
364
122
287
353
4
300
14
276
106
4
16
361
151
264
84
190
68
350
278
372
277
201
231
138
163
178
239
77
217
296
267
282
83
319
183
163
49
136
94
323
254
241
46
11
218
182
148
398
270
339
220
139
11
67
192
16
39
16
27
202
287
185
3
366
229
268
201
172
343
334
240
204
27
368
273
27
233
318
267
59
355
6
60
383
340
277
302
223
226
387
33
351
149
96
16
77
217
176
327
199
174
220
143
307
91
186
123
351
23
51
235
157
41
31
348
72
306
88
164
285
239
111
139
106
179
270
198
304
350
271
300
181
376
153
350
339
135
49
342
174
373
346
18
353
189
243
288
225
384
260
285
166
51
398
242
276
340
163
200
240
264
255
149
42
322
58
140
223
295
327
304
374
304
200
286
222
322
215
21
351
101
148
35
146
174
396
49
203
301
87
261
366
128
216
158
282
373
5
386
11
195
311
332
52
22
192
121
337
261
116
209
249
183
255
211
62
27
278
296
130
67
243
239
47
209
301
75
326
130
159
106
344
49
191
334
274
280
68
373
342
166
120
125
318
250
31
58
247
208
367
306
245
369
86
148
177
19
217
43
33
366
56
253
77
295
143
276
370
357
240
389
353
248
107
292
57
236
207
360
296
143
39
42
206
389
130
133
23
37
311
62
258
233
78
309
358
0
180
316
96
228
102
40
133
262
127
366
267
261
306
179
373
77
223
377
69
385
17
59
399
49
111
399
48
288
108
209
253
331
241
287
27
394
160
295
390
204
330
346
151
51
7
197
256
249
194
180
32
134
207
27
330
354
215
376
30
369
311
244
225
216
159
143
46
362
203
6
139
53
373
77
175
294
137
358
188
307
140
141
351
250
300
163
219
388
4
370
217
346
153
268
324
42
97
98
261
226
373
175
31
116
351
273
391
340
227
366
159
331
70
323
208
74
363
23
140
390
140
21
65
238
159
232
245
271
379
40
277
98
336
151
36
74
121
145
286
9
249
389
112
166
255
126
334
101
60
206
351
23
56
366
154
36
250
80
238
260
106
373
249
27
319
58
247
361
72
313
12
231
387
298
305
64
45
217
224
5
183
157
6
285
263
192
354
284
138
183
329
92
188
329
398
337
252
304
178
380
381
179
57
354
240
207
115
125
359
359
289
62
265
313
236
243
332
247
71
169
45
37
198
209
297
272
70
40
54
140
188
306
47
34
242
243
179
121
389
144
51
304
42
276
280
395
396
383
381
352
6
245
189
145
194
153
175
271
219
190
294
109
292
260
346
296
25
151
345
322
6
302
49
11
196
104
201
241
323
13
388
130
180
171
381
91
219
117
234
61
62
216
309
238
27
322
319
52
325
326
339
251
10
110
51
317
365
385
99
107
256
216
307
17
52
209
14
37
286
304
271
133
214
350
16
91
276
192
295
2
212
368
298
275
69
301
248
246
54
358
15
255
24
383
299
171
335
137
183
126
303
106
270
143
195
30
52
29
149
219
240
107
202
57
293
132
225
75
106
41
2
170
343
137
140
199
65
140
243
62
252
228
390
150
286
352
306
109
52
396
307
49
25
176
394
231
46
204
56
398
322
392
238
13
355
42
49
176
385
223
323
336
9
58
218
254
310
77
335
144
103
67
174
225
391
303
270
35
317
84
150
108
263
41
363
203
215
143
297
62
212
212
313
370
393
229
2
161
51
189
130
28
250
21
103
331
360
129
65
370
204
387
145
226
97
84
60
130
238
2
127
304
169
170
362
15
213
389
105
206
251
100
0
90
19
330
137
199
276
214
293
228
267
64
203
267
49
388
210
19
177
216
161
142
19
29
154
379
228
218
272
135
399
49
23
5
176
261
268
315
215
275
28
244
44
24
352
83
320
100
307
106
144
339
280
171
106
280
49
239
45
234
246
190
35
129
50
361
103
80
22
208
389
156
380
208
301
332
255
170
39
29
240
99
143
212
49
304
94
52
116
158
308
116
84
298
193
382
28
41
245
360
157
171
69
92
316
254
356
327
338
59
10
248
232
263
265
24
399
248
119
305
6
348
107
86
247
93
267
363
178
315
95
269
350
159
167
57
245
199
96
5
46
278
361
226
145
387
40
305
173
164
172
273
36
199
237
183
182
158
219
22
289
379
352
88
88
364
249
174
394
315
112
60
243
250
186
219
59
97
255
58
228
270
79
144
364
108
82
272
146
187
32
365
96
276
115
137
367
323
169
4
338
108
68
258
329
330
84
299
2
75
180
254
120
232
209
44
157
301
257
300
174
169
152
333
170
225
194
295
344
398
0
139
94
25
201
358
340
215
166
102
27
140
286
205
274
49
205
234
43
172
2
226
98
130
59
51
287
163
252
231
20
373
102
49
115
70
330
205
179
169
269
359
356
204
222
263
205
45
224
66
267
365
302
139
336
38
239
8
260
159
261
78
369
187
161
87
337
308
223
330
99
76
179
276
339
200
139
215
9
19
140
177
8
21
230
271
262
331
305
380
49
253
162
87
365
277
147
84
145
258
344
308
150
384
221
149
40
109
89
306
328
292
292
103
371
313
174
201
259
362
38
165
316
369
111
256
359
123
250
363
193
78
26
233
158
5
181
243
83
345
242
356
103
65
399
171
56
179
129
325
369
283
225
259
369
130
205
323
299
67
29
116
299
233
103
142
170
85
102
200
114
32
214
142
30
136
350
332
234
290
103
394
166
336
55
175
343
263
177
311
136
147
357
378
232
224
49
263
241
318
221
235
303
1
256
272
168
92
29
84
41
134
383
356
86
116
155
88
87
167
248
272
166
344
82
109
47
264
244
237
357
376
0
49
359
74
356
147
301
97
357
287
77
337
54
346
203
369
286
357
220
5
175
242
220
353
248
41
281
7
7
75
367
26
359
50
37
122
26
269
89
162
340
364
307
336
272
197
352
125
185
4
73
301
64
153
108
28
70
47
289
169
78
84
389
322
164
210
221
181
108
248
301
1
41
180
15
347
32
399
14
396
256
210
34
197
109
176
113
24
229
14
144
85
337
378
304
310
160
367
212
362
209
257
38
292
104
192
284
245
255
9
271
230
33
354
373
31
185
36
180
231
75
378
244
17
38
279
382
343
371
348
370
241
0
63
362
244
280
101
232
78
250
152
140
52
285
59
97
256
307
377
227
23
85
379
318
174
391
294
164
141
135
146
357
208
228
126
365
4
80
203
267
276
242
98
202
33
41
243
173
164
118
59
243
33
220
23
108
294
390
14
240
146
279
265
152
162
11
369
31
20
378
363
96
51
365
26
223
157
125
338
242
161
64
271
348
352
201
315
193
291
325
390
35
141
382
296
31
5
2
82
174
76
251
99
178
16
78
321
353
247
257
100
225
322
201
98
87
156
165
37
335
35
68
355
280
225
239
327
49
360
91
329
104
39
375
378
270
302
234
226
382
288
256
143
74
1
98
221
346
58
310
288
66
29
42
171
60
310
226
389
105
242
29
373
385
274
97
241
331
3
222
306
387
111
117
246
194
226
341
129
262
260
61
31
352
136
370
133
111
335
320
5
86
164
14
177
244
129
161
123
364
95
213
174
295
227
167
68
65
75
211
238
398
107
303
239
159
72
199
316
123
251
289
13
92
140
282
70
378
36
302
72
223
164
240
240
116
388
217
356
240
375
236
344
273
351
186
385
346
308
348
25
370
100
244
132
6
11
185
68
36
260
112
271
52
89
326
52
112
148
295
329
278
81
356
108
27
314
22
229
146
284
264
322
182
212
5
304
348
318
161
259
70
33
357
134
239
367
189
13
142
258
86
368
233
20
148
35
308
2
38
56
80
40
265
31
38
365
240
298
47
333
273
87
131
290
222
215
135
62
26
331
254
42
361
15
243
87
195
173
286
147
125
253
206
354
323
337
308
25
146
294
161
161
175
275
27
149
36
160
170
358
136
12
188
20
45
263
389
368
365
217
5
350
199
187
77
378
103
213
73
276
22
146
291
80
9
102
225
396
399
281
68
316
338
48
81
42
148
322
17
274
263
235
305
304
137
68
71
249
124
174
6
4
240
276
207
280
175
34
234
367
310
399
399
395
25
90
180
3
40
37
136
316
269
240
146
283
392
324
315
336
261
97
387
1
340
295
273
61
6
66
32
24
232
339
247
304
292
49
165
282
178
363
244
301
29
204
0
176
373
164
325
295
65
143
56
46
76
262
143
275
26
125
45
101
49
91
267
350
235
293
117
259
264
77
263
281
282
79
360
220
271
186
10
222
186
79
93
399
149
268
77
381
394
219
323
104
74
53
331
25
21
213
157
298
295
45
394
132
68
262
301
218
49
149
369
326
294
105
222
129
6
305
93
371
108
353
158
107
147
202
32
353
175
225
281
25
229
159
70
387
337
199
394
391
330
75
383
111
6
236
352
135
356
104
59
174
289
29
256
306
154
302
42
98
29
33
87
332
270
112
204
74
150
242
50
204
398
21
306
51
254
393
142
207
201
210
26
125
205
220
169
262
327
224
58
281
106
305
277
242
2
52
349
156
290
308
396
88
303
88
125
220
175
203
83
389
76
17
43
271
261
134
167
248
132
309
82
1
231
5
262
188
179
284
124
276
253
41
186
88
272
358
41
55
36
305
195
152
67
247
104
389
30
371
11
397
159
212
65
334
43
98
240
186
229
30
106
323
109
236
258
20
64
293
281
33
18
378
295
26
352
70
152
294
111
396
120
105
173
145
311
29
396
298
337
325
341
162
387
346
283
37
277
74
213
147
282
373
19
235
202
185
350
186
34
22
348
162
14
293
265
312
166
128
331
148
177
241
369
250
289
61
393
291
384
295
84
340
208
114
285
144
134
19
345
136
210
39
180
362
47
117
229
307
146
209
277
255
233
363
234
4
318
234
164
105
125
120
255
135
48
301
16
395
168
376
48
108
325
184
198
136
61
347
180
75
5
245
262
88
305
359
350
5
53
32
62
334
100
270
230
197
97
339
194
104
157
353
360
107
92
334
338
57
150
294
175
143
14
336
111
168
87
93
333
316
50
65
131
249
396
227
139
176
276
245
214
312
133
24
325
295
345
209
174
57
250
261
207
186
394
151
14
291
109
162
164
327
317
81
336
17
174
157
54
254
25
326
172
289
49
379
202
143
130
282
145
320
173
334
197
127
358
163
353
303
250
360
130
261
300
21
73
201
116
165
46
294
221
5
21
274
35
46
287
197
61
334
99
130
226
135
396
240
180
186
58
128
246
220
103
173
37
358
126
136
109
280
136
290
40
193
121
134
210
43
94
74
233
265
172
345
379
143
340
258
254
183
88
294
275
53
31
78
90
125
107
123
56
306
140
164
319
140
362
12
278
351
60
262
249
142
68
0
357
254
127
140
169
52
291
232
63
139
70
270
274
278
24
360
26
370
333
171
219
308
171
61
132
180
68
246
188
181
62
362
277
124
230
273
262
19
77
4
82
139
387
142
295
152
242
34
322
337
304
174
367
208
243
287
123
220
59
86
354
312
396
188
72
373
21
371
187
137
330
134
219
36
2
121
37
132
267
113
7
62
124
23
48
167
243
192
41
110
298
12
367
75
307
139
192
173
204
212
303
289
333
261
196
330
359
379
21
322
117
141
208
268
17
80
157
225
197
339
299
378
28
197
342
47
54
336
390
133
13
189
121
143
273
162
198
323
84
78
125
382
322
41
203
79
397
57
46
159
283
150
124
10
283
351
144
261
186
354
127
115
97
4
24
367
389
126
278
51
56
331
233
18
247
334
108
192
170
235
396
35
388
115
302
343
138
281
213
304
52
382
162
70
59
323
70
334
273
304
167
61
150
280
188
43
331
395
382
371
175
243
26
329
165
166
228
32
256
289
137
1
18
50
332
118
78
214
164
282
52
26
140
286
332
50
190
52
363
274
23
36
222
347
92
175
323
191
374
190
49
19
164
311
180
296
37
190
124
104
262
313
214
118
224
336
242
318
227
133
15
297
256
71
8
35
374
2
245
376
365
237
367
73
383
15
121
353
348
367
177
68
350
13
57
371
225
334
31
375
187
258
79
295
196
49
130
40
301
112
212
2
174
172
67
261
375
382
127
153
342
228
71
303
173
53
61
104
93
264
64
290
316
4
241
224
254
301
191
240
376
160
132
247
150
325
44
49
197
237
61
319
356
62
93
188
130
300
243
222
157
190
395
15
380
88
167
24
12
341
159
134
318
84
165
280
304
137
8
271
122
99
61
356
5
170
2
149
127
173
387
388
121
306
12
71
188
36
47
335
346
7
205
165
47
33
97
307
170
358
153
233
377
40
211
149
68
292
226
192
140
141
167
252
394
239
132
370
340
392
362
162
230
97
303
323
223
31
17
313
370
291
371
367
108
89
225
43
333
283
313
161
366
42
95
76
95
58
14
334
351
165
240
179
33
6
132
15
277
50
69
330
84
39
315
241
79
140
398
137
302
378
387
394
139
388
107
150
290
228
235
377
72
178
240
56
92
367
34
129
169
205
110
127
160
153
378
183
195
312
130
74
111
387
273
256
331
305
235
161
336
295
244
171
199
361
308
111
280
214
341
41
116
382
164
248
223
354
168
140
208
210
283
162
123
109
123
254
54
62
224
215
285
184
392
264
384
228
201
257
34
318
88
256
74
7
137
32
34
21
22
6
14
103
43
104
88
146
303
257
170
309
153
189
354
253
107
280
156
99
75
41
257
278
255
153
220
344
30
369
164
17
109
226
175
353
294
132
32
13
340
20
63
37
233
172
60
157
375
305
387
187
334
72
51
353
30
376
298
309
220
76
289
35
317
41
183
370
265
312
369
205
37
97
202
340
245
187
199
200
273
54
191
98
382
291
369
399
19
388
0
86
223
24
68
295
368
394
116
193
225
226
353
0
81
197
129
196
25
209
389
41
159
327
54
308
175
72
232
170
253
248
362
307
358
223
308
360
238
7
32
240
90
214
286
226
34
233
257
374
245
257
289
301
149
218
186
391
128
263
385
339
57
229
365
106
29
30
372
290
322
363
218
92
398
85
121
255
252
29
343
31
29
103
358
298
380
292
40
398
229
225
327
21
289
348
258
102
4
231
36
230
385
148
69
52
274
146
379
163
290
378
48
0
370
307
55
310
326
236
380
248
308
330
186
181
0
117
329
116
353
44
135
298
204
246
120
225
162
346
301
229
11
108
176
356
395
291
138
117
202
150
79
365
130
167
77
212
63
212
337
172
22
289
166
138
353
246
362
40
262
29
14
361
336
211
227
102
387
316
11
189
141
255
271
102
217
330
220
216
204
310
354
152
81
78
318
130
341
249
366
178
201
143
61
118
29
84
108
45
119
39
258
105
250
290
366
13
379
260
166
86
97
70
146
200
373
392
163
378
6
79
119
355
385
219
395
68
19
8
334
107
354
283
126
99
312
108
213
302
203
188
189
140
135
234
224
257
6
230
116
159
17
129
229
127
302
13
87
42
216
131
388
255
372
65
12
58
26
27
169
232
14
188
388
383
8
139
290
282
15
155
306
396
254
63
166
244
369
228
216
98
97
349
33
191
130
234
58
370
235
188
280
396
0
83
374
352
45
172
365
331
161
343
258
172
309
189
99
261
55
359
116
228
213
78
313
104
110
59
47
133
54
155
179
208
339
165
350
133
184
303
15
313
238
303
394
70
236
360
85
238
117
224
10
300
70
50
80
339
268
145
315
203
301
189
66
152
378
172
66
147
2
290
320
262
197
17
81
201
344
396
172
399
42
274
137
302
26
223
387
359
393
88
207
183
16
69
246
39
119
61
179
352
312
42
174
66
268
80
176
313
302
126
312
293
175
179
396
221
311
294
253
178
61
367
371
202
232
205
308
83
53
66
82
255
97
289
341
228
365
173
363
232
370
132
149
0
213
273
145
358
96
254
346
106
56
226
124
229
130
0
200
222
120
32
385
16
45
294
383
138
224
331
322
174
114
68
18
161
222
296
63
2
207
15
261
395
254
55
311
68
190
139
397
340
7
386
101
150
268
382
313
77
115
394
329
247
326
194
302
38
53
372
169
75
267
91
165
60
25
277
116
391
188
60
83
284
54
104
200
261
54
189
278
370
376
294
49
238
208
340
81
194
173
323
233
363
103
332
272
322
385
110
312
144
34
172
351
12
137
76
254
79
136
234
206
124
187
222
282
135
75
180
346
197
224
371
67
171
104
93
316
221
149
175
298
2
243
373
51
337
179
252
315
15
237
83
376
386
231
307
393
211
140
237
218
122
214
351
156
216
283
0
125
236
287
398
380
9
173
295
353
156
93
84
6
314
215
298
198
38
364
383
310
369
344
47
124
96
70
383
342
260
393
178
366
175
130
172
289
174
162
380
45
152
348
69
112
158
390
77
277
241
216
27
189
171
2
156
234
135
46
263
349
86
222
16
123
389
237
82
330
182
289
248
192
18
106
78
18
269
263
302
86
105
0
182
361
304
350
344
45
148
1
1
211
167
171
309
143
17
274
77
307
203
251
86
77
34
334
108
387
326
273
51
138
207
12
183
192
41
97
234
382
209
126
209
316
180
41
221
235
194
170
248
99
225
227
306
199
97
258
343
373
49
34
41
201
215
196
47
273
280
19
172
238
9
128
226
289
43
63
160
159
89
207
12
96
239
192
93
46
278
65
289
232
231
98
87
313
7
286
81
160
110
220
19
125
161
42
36
234
181
117
103
247
75
240
379
131
18
170
220
260
387
385
224
167
15
35
360
29
351
174
170
372
28
0
100
84
101
349
253
295
385
359
65
394
381
16
264
30
93
281
83
10
109
59
308
297
40
399
316
50
11
139
264
3
179
143
246
157
372
208
202
1
356
281
356
180
307
10
112
48
339
145
373
55
65
64
119
164
139
334
36
99
55
227
87
31
326
380
375
384
149
292
295
327
74
184
256
277
363
353
277
101
308
208
219
295
47
284
346
233
40
389
267
26
346
32
107
203
303
344
225
235
208
228
41
316
278
68
22
130
116
12
153
301
351
21
399
156
262
78
24
31
239
141
330
39
42
259
183
279
335
383
68
375
295
65
139
114
58
148
101
294
165
50
71
292
190
44
369
16
203
371
282
8
68
253
138
40
51
244
256
133
286
396
352
192
88
386
202
24
248
159
56
339
294
381
299
347
370
115
352
306
196
89
231
358
357
87
359
271
380
31
235
179
262
116
298
159
49
372
275
341
104
330
55
178
33
161
30
147
278
243
251
33
56
131
373
324
277
267
133
174
17
55
293
223
51
175
10
62
132
82
94
257
201
89
164
352
267
203
115
189
344
7
325
305
135
209
136
347
187
385
356
379
283
86
188
187
166
273
37
283
48
123
153
18
323
8
25
269
274
64
230
126
338
183
200
143
62
193
391
387
75
288
228
297
64
162
306
103
351
23
369
269
5
248
93
195
210
179
42
379
220
12
252
6
90
347
307
119
332
58
5
226
269
80
368
308
134
335
88
84
38
280
16
285
270
10
353
13
390
240
31
45
144
108
187
243
241
118
13
220
332
378
207
230
363
335
162
161
242
149
59
85
353
253
316
105
290
120
239
358
120
274
42
284
267
222
104
232
18
134
317
14
310
61
283
296
371
390
267
55
263
106
186
236
234
221
213
339
383
368
364
300
19
103
70
187
242
291
228
108
219
217
208
206
133
174
173
111
221
104
31
258
61
16
205
338
68
34
218
55
249
288
244
399
116
326
393
147
269
224
198
126
381
116
230
335
41
60
149
247
87
212
228
397
110
94
79
67
167
100
263
226
74
206
361
196
313
101
26
10
25
210
338
215
91
80
162
365
237
266
105
274
123
130
203
175
287
62
257
223
235
107
348
30
379
182
157
56
151
94
329
216
166
32
56
97
317
307
50
183
307
318
76
340
249
342
171
3
385
94
180
6
233
5
379
307
206
79
4
123
54
278
0
144
172
122
139
12
197
182
153
190
203
160
36
340
106
151
42
305
391
319
177
2
130
285
253
332
82
213
35
103
38
176
51
236
262
390
32
363
245
307
222
171
223
69
166
356
284
396
280
126
180
254
33
249
217
211
110
183
216
347
296
344
362
10
177
382
353
330
270
179
69
77
254
139
132
183
310
131
378
264
96
353
267
0
250
388
277
333
250
249
53
134
203
367
49
362
102
218
166
321
346
7
341
63
220
155
53
34
271
262
148
346
162
5
355
223
247
271
287
34
273
398
1
352
346
125
161
201
13
105
35
176
252
146
301
203
258
96
135
133
315
30
218
332
120
288
213
327
343
50
129
318
97
234
229
140
199
135
252
142
66
78
338
261
378
153
37
246
375
210
329
389
179
136
67
55
255
318
202
90
53
380
200
240
222
171
282
284
334
296
238
46
196
327
136
242
348
215
347
378
97
346
371
246
396
109
124
53
11
9
170
288
233
228
303
165
255
266
271
274
275
47
230
350
272
248
259
183
368
35
324
56
347
377
353
259
44
108
252
73
170
43
346
258
334
304
12
186
23
294
1
143
283
199
187
270
249
274
221
325
183
253
125
2
25
27
270
18
360
9
390
150
40
344
103
342
153
235
326
221
162
98
235
105
46
234
20
66
159
233
144
336
103
156
122
102
258
334
236
316
75
230
372
62
70
99
123
289
276
182
169
91
298
167
369
369
382
88
308
201
34
399
230
8
205
138
112
318
371
289
82
112
394
64
144
125
243
391
7
122
174
222
398
114
398
85
376
15
188
35
283
204
27
386
262
373
55
37
72
10
233
67
84
172
381
391
181
171
248
334
74
118
388
301
98
261
357
62
233
290
107
82
87
133
55
74
120
193
43
99
66
332
321
293
163
293
286
288
103
386
92
31
278
398
92
23
281
39
270
64
236
208
326
346
52
109
315
125
283
252
220
257
382
373
360
178
269
174
268
309
16
242
89
188
239
271
214
211
6
382
290
168
220
6
60
270
18
51
287
307
18
364
96
15
37
332
149
236
49
20
152
208
306
60
74
257
163
398
199
333
280
116
56
300
236
63
149
198
41
185
222
10
316
211
241
29
252
51
146
363
253
330
327
394
145
393
17
205
310
236
263
346
31
99
3
183
129
177
248
232
127
41
89
248
235
95
123
334
216
219
264
247
252
65
289
221
74
98
151
333
223
378
45
69
201
170
193
76
380
159
198
108
29
126
262
227
248
294
161
284
143
205
399
154
130
327
353
309
219
396
121
188
165
189
29
201
386
59
367
11
108
301
42
108
398
94
271
118
138
140
187
167
67
353
45
92
303
382
99
14
181
204
373
354
232
350
223
81
382
85
193
153
225
399
64
186
60
176
6
106
377
60
134
330
250
222
252
154
225
224
180
250
117
96
180
343
0
274
391
153
170
399
216
390
259
256
295
150
340
100
133
39
183
168
117
87
82
166
37
290
8
174
69
211
346
221
121
140
329
54
320
68
149
389
14
86
278
226
141
298
182
31
144
319
360
8
314
178
27
79
27
187
11
278
309
121
135
24
244
399
364
245
159
61
240
176
193
128
395
268
127
293
84
116
220
398
64
200
44
374
138
293
181
167
86
394
153
202
222
97
116
109
27
365
326
199
166
102
108
261
54
46
22
131
304
161
119
164
176
256
143
293
393
397
377
389
139
124
84
242
33
193
291
203
135
167
342
170
24
201
40
308
7
295
67
115
6
393
313
41
348
135
247
233
346
75
249
74
149
193
371
80
165
377
208
326
258
211
251
48
48
11
145
200
174
83
199
55
81
349
144
390
66
118
334
186
342
371
319
382
13
188
194
167
146
204
231
379
11
257
289
217
327
214
276
76
95
188
358
236
24
55
208
240
72
270
238
208
342
163
109
129
105
359
362
220
387
157
175
38
365
91
112
49
150
197
123
91
271
249
272
324
161
389
58
378
121
279
300
304
240
53
190
132
366
131
138
150
218
234
169
143
44
0
370
144
329
395
97
18
69
265
193
133
79
97
338
226
199
70
125
240
280
167
272
223
156
247
59
121
324
46
189
313
53
35
116
68
188
99
245
270
233
57
392
227
293
370
391
387
243
316
220
10
2
213
248
283
295
31
292
77
188
354
317
205
376
44
133
54
291
21
224
260
273
370
93
8
172
378
24
249
265
116
173
347
281
98
131
60
228
48
266
309
148
209
217
210
21
355
362
180
87
7
170
166
344
317
351
160
86
389
0
78
217
290
129
11
282
367
91
126
289
28
149
398
65
302
61
375
232
341
102
255
168
32
27
394
182
333
300
86
198
339
323
170
177
166
324
125
305
396
124
127
5
121
214
26
26
317
140
55
352
389
157
37
387
338
215
273
67
208
194
288
168
65
40
65
385
214
74
257
22
96
396
371
311
79
87
8
282
242
260
163
389
217
360
107
378
190
78
303
116
141
258
27
152
67
331
39
316
229
42
228
258
296
106
5
241
223
328
245
348
180
147
202
2
382
348
326
29
78
149
244
205
44
34
243
149
231
116
359
173
36
147
206
151
49
229
380
256
202
96
334
282
398
395
104
180
298
92
140
171
398
193
349
360
149
112
174
163
88
358
84
12
233
186
55
204
165
311
332
190
5
395
321
254
244
217
27
350
301
334
97
346
229
379
316
20
87
398
4
106
138
364
101
376
399
385
218
312
359
281
133
317
70
286
109
65
23
376
287
54
362
302
55
227
116
208
353
208
57
103
134
354
353
209
246
393
286
184
180
124
173
192
20
105
57
88
169
179
337
160
334
382
67
187
4
280
192
114
109
359
108
76
77
359
14
394
167
313
171
23
157
346
381
368
288
378
259
182
105
126
228
207
70
214
81
112
325
246
197
54
220
303
71
251
235
93
203
233
340
365
167
278
138
12
378
194
241
20
147
323
321
45
199
249
221
141
186
70
369
172
204
98
87
255
361
345
378
252
159
296
292
20
225
364
211
214
258
106
98
253
142
214
322
315
242
30
274
156
189
80
73
162
301
145
376
307
342
58
277
129
236
311
152
157
25
174
28
287
13
19
64
269
215
169
312
192
156
223
383
95
73
241
103
204
278
369
7
219
302
270
178
361
84
36
188
251
195
101
148
145
246
12
200
14
72
193
148
249
19
71
259
23
209
225
192
261
346
250
361
399
16
0
164
9
30
52
176
304
329
326
285
118
345
245
243
81
69
304
79
353
59
249
324
230
215
282
370
284
248
272
56
148
11
138
390
197
299
72
330
301
1
58
11
208
63
345
161
125
164
126
2
8
116
285
26
177
203
367
156
147
359
185
278
38
242
147
196
260
136
228
237
259
325
168
129
339
151
195
33
152
380
20
238
172
278
334
6
1
79
391
224
174
162
78
363
222
125
65
162
278
250
112
395
276
385
43
198
378
62
215
364
48
205
285
339
234
115
255
13
190
353
69
147
156
153
139
141
139
32
153
214
29
101
334
68
224
301
32
66
268
229
11
14
338
125
40
218
123
29
84
317
84
153
241
316
58
269
378
275
393
358
276
201
348
262
91
252
105
215
43
155
327
80
125
129
125
187
169
322
7
84
225
399
167
124
187
333
292
38
283
294
198
356
83
133
317
198
261
302
135
378
258
348
218
206
372
67
166
262
133
281
370
137
199
333
245
229
371
365
124
363
393
29
246
183
56
60
250
357
300
53
208
363
69
292
72
383
44
37
152
203
97
204
145
220
352
109
346
244
26
107
215
83
44
385
281
218
298
65
230
148
219
208
16
327
214
209
307
133
387
56
200
145
396
27
8
264
374
46
247
372
184
209
176
187
198
209
39
167
30
257
330
299
336
252
3
110
193
236
125
264
269
266
177
144
260
0
53
280
399
252
291
153
172
178
156
281
125
94
189
229
233
203
88
237
153
69
66
137
151
351
358
356
289
2
197
329
174
311
110
358
133
56
379
135
306
54
27
337
18
283
315
317
169
209
396
210
329
24
49
280
174
254
16
137
267
378
394
65
368
252
278
98
231
80
45
172
58
159
353
304
233
238
331
222
86
182
94
339
356
124
95
86
321
219
356
162
112
24
108
1
28
154
308
97
206
33
273
2
388
278
303
238
13
49
342
270
34
94
220
201
8
120
326
120
253
393
66
197
146
60
116
15
109
277
151
9
252
40
203
292
343
349
160
125
221
119
210
151
220
262
112
35
292
386
114
97
327
275
88
12
291
47
245
301
75
138
218
273
355
132
233
370
353
259
126
251
14
224
248
244
346
217
323
129
269
88
14
198
134
92
2
14
372
116
321
243
223
334
139
195
23
306
218
2
335
78
371
359
153
147
232
9
6
369
324
398
161
44
89
299
75
294
82
302
311
88
265
393
388
344
246
158
153
174
116
340
64
211
209
54
52
147
65
19
163
153
84
321
8
101
18
80
385
131
302
19
70
239
93
33
94
15
215
110
117
213
241
136
193
177
22
182
145
347
273
119
22
24
352
249
2
363
229
212
229
32
384
14
355
57
189
270
162
347
339
356
324
117
152
337
149
396
282
257
99
290
305
299
254
327
15
44
171
39
352
342
186
206
75
233
202
202
202
90
115
54
295
157
22
332
27
138
205
302
283
240
37
242
143
7
376
23
215
159
68
267
352
235
221
3
338
288
113
83
385
228
33
35
52
304
56
180
83
345
143
276
225
115
67
50
225
189
60
144
389
89
115
380
264
36
70
186
101
238
65
107
17
154
71
355
125
220
18
155
394
349
28
272
223
164
71
391
234
7
225
107
136
358
357
44
103
45
4
111
358
286
284
15
106
258
223
144
279
141
61
87
30
1
112
76
29
121
317
241
135
78
44
195
222
139
264
161
214
186
190
330
75
148
258
174
129
13
257
275
5
67
291
41
59
203
196
169
358
312
71
215
201
196
39
275
65
17
234
75
186
209
332
37
153
191
152
93
116
283
316
338
180
62
250
41
291
58
371
84
112
395
1
155
2
64
70
265
291
2
235
38
27
70
69
205
130
61
324
196
67
247
164
178
180
315
11
370
1
221
332
111
262
125
34
157
303
360
48
227
388
24
150
244
8
159
363
64
358
180
177
169
0
41
61
283
299
149
33
149
143
63
313
392
156
185
177
306
316
284
306
23
51
334
322
249
91
140
182
273
373
13
271
157
71
143
365
213
363
175
23
273
398
385
184
36
334
330
78
292
158
188
254
181
26
97
8
168
57
268
2
5
290
12
240
337
373
193
255
245
210
382
17
160
242
46
23
70
127
371
221
194
172
182
307
101
84
31
119
288
90
54
306
255
125
262
348
40
303
275
240
283
38
315
200
160
107
168
132
392
75
76
282
207
241
382
329
25
262
128
69
386
286
216
282
323
109
391
218
78
15
289
322
10
222
369
11
251
324
54
193
192
86
112
379
162
52
134
386
285
380
273
184
31
274
398
42
134
38
38
53
288
31
19
282
72
159
44
275
389
74
78
322
210
382
148
327
387
135
300
119
94
226
351
294
147
243
294
230
47
339
191
11
30
47
109
378
270
282
150
391
317
97
294
162
126
73
135
382
390
91
109
274
43
3
175
40
161
306
76
131
299
352
220
249
248
125
174
103
99
388
82
50
69
4
280
220
9
194
94
28
192
12
292
34
38
126
352
352
20
129
232
387
58
333
189
206
94
36
83
291
28
258
93
219
114
36
377
315
75
216
27
219
75
103
38
54
27
383
281
264
214
68
19
323
163
77
21
13
117
238
276
145
28
326
399
328
87
254
8
288
41
394
147
225
217
40
6
0
382
324
326
219
130
8
25
378
54
226
13
147
235
379
224
192
355
2
227
290
125
229
381
195
252
284
237
329
49
398
215
385
154
164
20
142
284
189
78
99
382
233
295
10
18
26
317
380
367
112
298
305
328
336
240
310
225
180
88
305
40
296
350
291
77
193
174
396
325
206
156
111
101
106
158
182
173
363
65
87
264
37
105
167
89
149
281
241
207
241
236
148
37
265
8
200
12
99
61
304
272
180
334
301
372
326
15
27
277
62
277
53
171
243
380
318
193
336
237
366
275
269
205
316
355
130
282
378
27
334
224
9
116
289
38
1
213
234
148
347
372
132
285
81
346
217
8
231
74
329
89
282
230
372
364
27
86
69
250
88
302
273
133
307
158
35
31
17
224
153
130
118
275
147
164
59
186
92
348
138
172
347
195
203
230
193
258
40
135
59
204
303
294
250
243
70
217
61
32
0
115
150
238
19
396
318
174
223
187
387
323
27
318
85
164
125
208
371
301
270
306
289
383
339
269
294
246
268
155
83
371
217
142
134
21
101
265
139
56
303
249
135
44
211
199
213
133
140
64
104
385
22
365
136
388
103
5
307
178
256
42
171
157
153
391
388
153
256
310
353
12
83
309
113
108
265
261
223
69
215
353
159
379
126
208
91
128
51
289
208
169
112
69
49
121
244
204
188
52
118
108
143
69
206
331
58
103
374
383
49
318
197
317
18
284
358
236
17
261
197
383
93
314
142
14
159
340
229
284
244
336
27
98
190
252
117
194
36
358
87
106
323
315
140
143
172
365
103
294
377
225
98
161
241
181
137
84
337
385
30
162
202
161
309
33
83
101
288
316
9
302
264
233
341
210
14
338
50
269
109
105
206
53
358
162
139
192
251
60
137
219
308
69
150
174
158
13
109
244
323
198
140
325
198
76
83
241
345
172
390
7
294
148
1
370
187
153
9
377
156
1
91
396
237
144
179
399
297
209
354
157
372
25
262
183
174
107
279
349
117
91
226
79
343
172
77
341
165
67
37
259
332
151
200
128
311
149
316
187
23
120
21
180
238
200
250
112
242
315
242
399
351
331
393
79
205
331
225
67
149
389
203
17
186
6
294
0
297
89
263
172
254
374
232
32
140
347
313
397
69
2
397
150
321
207
343
123
255
276
247
31
177
47
210
273
342
396
374
243
2
142
157
259
347
343
312
307
28
312
63
280
378
114
275
312
66
258
258
396
155
107
84
346
309
254
81
109
282
367
157
258
232
106
169
203
305
222
115
236
302
28
215
156
282
187
304
50
103
246
274
56
374
6
177
397
304
16
108
346
34
216
52
145
193
187
221
152
175
232
184
49
71
325
325
145
255
101
353
327
181
112
229
235
42
19
183
352
260
50
19
243
355
42
172
285
309
11
134
74
205
203
315
101
97
147
234
40
45
182
6
126
311
173
298
92
297
141
367
341
156
392
399
68
358
386
35
393
172
287
243
175
218
361
319
41
8
167
30
283
252
278
384
255
77
60
371
277
327
140
353
92
252
109
97
336
354
154
365
235
90
213
165
238
144
238
92
381
302
147
17
345
200
393
304
89
211
320
139
186
260
240
106
141
324
24
346
387
367
353
33
82
282
134
201
385
398
157
230
51
82
2
22
164
245
337
291
91
176
270
303
264
11
172
77
385
16
178
190
334
157
127
133
202
239
6
145
247
387
170
51
214
255
23
129
144
14
381
193
250
351
383
18
311
151
70
302
369
152
231
173
63
199
12
106
233
123
200
176
69
251
334
68
223
4
389
376
202
143
39
232
30
311
115
293
316
24
351
135
285
128
231
151
246
164
294
177
3
379
363
276
327
77
109
282
203
246
210
108
278
51
348
338
284
271
197
215
254
123
317
92
28
395
398
386
205
37
64
81
188
341
115
380
156
231
145
88
338
101
272
290
188
385
221
3
349
178
152
143
379
299
22
61
312
27
248
112
96
107
173
301
18
156
379
234
365
298
370
207
160
141
350
3
218
214
283
289
159
19
147
351
273
94
76
80
330
317
244
282
334
68
148
73
7
108
220
264
293
93
394
67
180
180
300
15
49
235
299
308
258
165
183
286
113
346
347
23
119
147
37
9
11
275
308
229
264
0
292
378
155
277
338
365
163
122
258
22
168
239
378
309
50
396
306
387
201
298
76
217
226
67
125
370
164
357
398
157
34
163
381
214
393
207
360
47
290
83
332
388
313
55
193
126
128
387
149
375
209
161
108
179
178
382
291
8
237
201
11
33
81
81
180
268
387
270
125
247
139
244
67
305
133
383
206
188
34
162
65
313
84
305
198
53
87
293
81
220
201
49
87
312
239
125
144
1
304
45
91
278
46
4
132
346
93
342
337
303
164
207
156
146
24
386
63
10
179
226
121
181
339
356
87
51
334
61
164
56
330
366
321
148
271
53
214
350
243
313
11
54
32
298
235
32
43
216
109
348
334
101
147
311
385
285
103
359
61
140
150
55
113
367
182
35
190
68
383
324
74
197
178
69
347
7
387
353
308
160
158
236
52
298
75
60
94
398
29
46
61
128
308
235
293
228
146
129
327
14
197
49
224
176
212
225
191
252
383
114
109
172
77
11
321
166
19
327
83
389
139
298
117
313
398
60
108
210
211
215
241
267
253
349
387
167
333
193
112
225
155
274
371
390
349
374
232
133
258
251
379
389
380
257
376
311
55
147
117
199
268
192
90
144
29
224
369
381
11
212
277
265
17
264
34
6
364
100
104
295
306
199
213
218
72
171
165
279
95
343
349
302
288
118
194
230
110
281
42
236
334
360
172
313
237
301
355
141
63
340
188
285
125
333
139
206
325
252
196
363
74
170
247
220
103
179
257
334
349
155
236
214
83
173
389
61
183
41
236
264
125
325
365
58
163
65
159
169
322
113
246
127
267
180
42
42
181
144
40
57
141
30
84
393
390
108
68
61
363
224
375
197
94
254
39
366
161
386
129
130
105
147
200
204
206
70
70
188
149
311
203
316
255
229
345
158
24
212
387
79
114
193
205
397
11
232
295
44
334
53
71
325
45
262
245
48
396
99
249
271
145
12
78
218
187
262
252
219
27
260
353
34
65
135
154
270
378
365
245
153
156
116
293
222
283
231
88
240
389
37
346
89
233
351
170
117
10
316
276
317
238
202
173
253
327
390
126
369
397
99
386
340
280
148
89
240
127
183
192
28
166
43
124
370
181
239
190
280
378
186
225
177
93
321
206
24
330
193
192
310
181
250
38
254
268
216
226
133
305
75
393
207
183
370
373
11
124
122
88
352
134
95
364
219
124
297
330
88
381
351
213
32
149
137
20
34
353
14
48
22
153
29
116
396
319
38
383
75
5
377
250
303
86
394
31
96
261
312
80
307
327
323
357
348
114
59
294
277
388
120
16
8
235
182
174
292
318
352
175
173
85
338
44
331
97
354
87
117
136
245
323
164
19
350
383
233
6
177
100
181
85
209
151
353
212
334
305
87
293
66
36
124
67
113
116
251
267
137
241
322
112
64
55
243
41
23
105
149
172
226
44
251
365
176
229
225
239
361
112
83
195
385
138
375
363
157
329
143
354
340
94
45
367
99
86
95
386
27
317
282
25
293
167
106
256
94
77
299
30
156
384
12
285
351
365
117
22
160
351
205
164
371
110
211
199
341
373
247
293
213
292
350
54
296
121
18
81
280
280
229
301
279
80
17
142
172
42
275
188
336
77
149
280
284
353
382
376
105
251
311
113
88
321
371
390
180
37
179
333
393
5
207
16
23
38
18
390
398
20
65
181
93
204
269
170
210
164
275
19
365
145
180
258
12
264
320
51
57
153
318
119
381
261
99
6
112
69
161
317
279
360
202
117
70
267
257
350
341
167
318
349
93
52
84
266
283
369
82
345
358
12
329
289
203
178
268
341
223
52
241
242
47
38
153
73
112
108
385
355
360
256
306
145
219
204
24
163
281
398
127
333
160
186
129
254
60
161
18
1
185
343
50
137
289
321
275
285
276
87
70
0
317
4
132
240
178
123
167
294
151
309
321
123
37
248
286
192
73
8
38
389
89
316
147
227
242
65
275
275
81
126
55
365
65
33
115
315
378
169
293
213
198
115
30
201
206
158
380
246
101
101
378
118
205
208
282
183
67
128
369
213
162
142
23
255
109
375
55
90
330
87
245
164
206
288
133
37
398
101
236
113
199
260
44
134
16
202
67
315
37
189
238
285
97
152
62
383
147
220
338
9
216
6
360
60
348
342
180
187
72
253
5
353
88
252
240
170
360
89
221
20
287
281
161
220
115
286
369
160
370
53
297
100
383
7
108
69
147
59
265
314
202
254
387
17
160
22
199
301
2
224
148
336
13
242
12
8
157
10
11
90
375
334
309
346
199
265
144
299
28
75
313
70
223
203
41
194
0
280
242
210
354
385
153
82
140
135
178
226
260
21
263
279
126
297
97
209
304
98
203
151
396
124
150
369
31
332
243
331
301
277
228
271
332
338
80
328
53
14
27
39
210
5
287
124
379
85
131
174
347
192
359
151
206
16
11
174
310
77
236
393
199
188
330
262
70
169
147
156
95
171
288
307
382
3
103
36
369
160
87
82
389
43
202
79
207
163
278
166
204
29
249
127
305
342
217
136
112
116
256
208
14
54
349
121
283
290
292
2
5
1
300
203
75
172
386
271
52
213
70
167
123
295
309
109
126
100
389
261
379
145
82
134
88
3
177
27
59
142
341
162
198
288
214
92
1
243
11
27
389
226
119
192
202
375
276
212
311
250
85
27
105
375
65
98
1
255
273
335
198
351
174
123
338
6
338
395
142
174
5
81
94
199
114
13
297
292
378
345
2
208
16
35
308
260
187
308
323
163
342
292
112
2
39
257
348
235
117
160
379
12
233
201
309
66
303
23
389
41
362
238
263
45
355
395
129
139
365
30
17
92
52
206
307
183
1
387
264
160
162
114
130
63
234
163
232
145
44
205
168
184
71
253
172
376
91
140
46
30
312
245
204
99
364
278
166
231
41
326
89
108
143
262
229
55
118
372
204
259
319
393
144
310
61
65
9
104
77
95
174
18
20
334
234
197
352
347
304
48
270
224
344
56
108
216
211
35
266
377
38
338
135
123
256
379
64
77
20
265
175
80
129
11
369
10
357
118
115
160
361
220
316
29
220
186
335
366
68
394
170
102
238
160
98
55
119
336
242
41
104
299
279
293
86
373
119
230
204
210
165
27
308
391
277
250
188
182
201
153
353
134
337
111
116
398
351
89
183
222
346
338
170
179
167
322
201
261
168
298
277
290
256
132
166
182
24
231
252
24
77
359
118
316
260
218
52
230
125
153
200
367
5
236
156
199
140
219
396
258
170
45
290
68
134
255
42
15
111
183
74
200
87
39
273
77
262
27
52
52
359
90
333
280
286
305
11
193
296
166
98
204
393
43
103
213
110
190
282
139
19
256
133
145
388
388
356
389
371
193
280
157
230
252
15
247
34
379
302
116
198
235
248
41
349
311
192
94
299
36
68
392
383
362
269
80
75
125
189
106
384
170
18
112
106
99
82
38
0
59
141
246
299
46
165
398
188
339
180
235
9
252
135
210
224
254
299
251
143
260
283
223
32
204
311
114
271
45
270
286
89
289
167
23
262
53
160
107
352
78
45
296
96
68
242
60
6
13
217
144
97
233
390
361
282
140
225
220
33
203
171
209
120
269
274
67
291
217
64
357
311
280
255
325
74
200
125
326
329
126
32
382
144
11
98
220
82
255
233
15
354
186
52
8
237
39
26
9
199
367
384
116
52
275
127
222
127
297
43
211
390
161
197
131
91
66
369
321
242
2
42
88
55
26
371
16
312
352
49
331
178
378
214
274
276
84
47
242
28
332
140
276
289
212
11
203
15
88
379
35
278
80
210
307
67
75
339
188
19
306
17
127
337
82
349
177
277
146
169
7
357
72
166
202
228
101
221
1
41
220
123
352
389
40
330
299
9
11
171
92
113
331
51
215
103
50
23
311
25
377
252
116
367
67
323
0
237
353
260
101
30
229
258
11
232
129
164
218
129
176
103
289
294
22
43
161
340
257
252
249
55
391
300
158
68
169
252
308
264
315
363
59
353
61
190
186
75
159
351
76
139
160
133
219
326
74
233
177
297
203
286
172
30
219
25
249
131
207
263
156
138
244
317
68
103
389
59
132
197
81
148
321
364
180
53
328
384
34
316
101
324
352
307
9
77
172
273
188
164
249
392
260
117
185
77
243
101
175
321
173
352
250
14
247
19
57
339
201
306
312
306
161
147
52
274
386
51
144
328
21
226
203
0
92
164
378
178
103
278
377
358
213
44
95
310
207
203
336
388
347
107
253
250
329
280
141
201
205
5
292
247
250
139
70
379
12
333
353
151
304
378
75
322
121
4
274
221
199
246
104
26
187
37
80
126
247
158
366
61
67
283
76
198
95
289
357
222
396
179
68
24
73
208
364
148
172
387
358
264
84
86
331
380
360
171
311
37
18
214
336
82
355
164
51
310
23
166
23
243
331
144
307
10
188
69
395
303
340
291
125
201
398
61
129
116
145
349
253
50
86
2
25
245
180
225
266
179
213
137
352
353
300
248
378
379
140
244
181
9
331
4
16
71
22
261
277
77
291
234
254
123
8
290
104
94
363
256
286
375
166
136
309
292
84
281
129
14
251
224
311
234
173
247
376
200
284
144
55
124
101
240
237
16
92
232
363
373
1
351
127
295
364
133
12
360
375
61
367
36
323
302
166
63
295
252
399
70
378
197
120
220
212
30
352
216
235
394
100
381
379
174
79
209
247
45
258
101
128
58
137
369
80
254
227
198
148
380
390
322
355
158
160
20
153
382
260
389
319
316
117
64
221
302
93
227
159
38
52
230
317
140
293
342
215
191
189
46
93
11
143
346
178
32
396
79
334
205
205
368
193
372
385
84
56
228
360
127
153
221
331
304
39
263
55
32
318
369
301
209
264
53
189
276
22
277
53
183
89
150
134
202
65
192
60
336
146
367
84
278
234
250
176
193
282
252
34
46
329
12
210
374
263
248
181
342
79
328
140
16
251
219
140
272
28
168
183
8
304
49
194
74
391
96
243
69
316
230
212
146
212
197
185
130
115
38
252
129
238
182
2
87
331
378
138
147
373
181
351
1
108
148
386
214
364
387
264
53
152
364
42
350
371
115
15
57
172
183
153
354
389
246
155
309
313
361
129
93
191
251
393
201
55
161
283
291
241
57
50
152
336
218
56
348
353
360
1
362
108
183
18
382
133
54
41
9
36
248
60
331
61
133
330
298
6
55
12
346
272
262
231
371
125
355
24
290
88
199
394
146
152
383
1
25
317
204
109
76
49
22
306
177
347
215
273
336
195
303
227
58
6
283
126
79
235
377
369
346
141
63
365
371
180
109
193
345
351
360
49
126
245
308
275
165
363
325
64
235
97
78
106
259
121
170
40
263
138
134
185
25
189
226
149
11
55
244
83
70
16
142
267
246
114
67
337
117
84
376
166
134
157
322
277
218
242
384
346
373
23
119
18
361
6
253
139
109
336
354
182
91
253
398
57
87
192
365
103
193
7
202
222
383
385
148
372
151
24
210
255
57
388
260
268
6
215
109
301
285
234
67
43
82
378
369
330
189
176
332
56
44
1
130
335
159
145
145
37
252
75
240
384
278
166
302
149
92
363
208
178
154
165
4
105
358
296
28
156
288
385
273
33
190
219
311
67
90
39
269
353
70
316
115
389
209
34
228
205
356
381
151
159
160
244
258
135
76
38
399
189
158
279
240
59
177
258
330
312
316
75
218
139
213
10
205
309
335
312
75
249
156
248
37
190
346
20
65
289
349
336
370
187
300
40
287
204
242
56
225
394
91
194
120
165
181
196
371
219
395
162
142
50
107
227
263
8
186
392
143
83
378
386
157
172
99
194
0
159
253
205
303
65
82
247
50
313
72
33
239
29
106
84
335
19
253
352
209
38
310
123
179
29
281
106
380
154
290
64
386
57
77
239
139
3
193
200
102
209
93
301
219
11
296
121
104
239
42
214
199
138
200
388
330
49
114
254
125
37
51
5
166
169
345
389
30
218
72
81
310
346
197
333
240
312
376
226
62
391
370
177
239
120
375
40
373
222
365
280
350
298
361
354
278
163
61
241
144
14
93
104
143
37
88
70
287
180
206
133
371
178
157
16
69
42
74
119
209
2
30
54
23
18
5
116
253
110
392
183
324
83
149
80
268
242
275
232
385
88
265
348
74
283
141
257
302
373
64
284
387
264
337
270
11
87
327
176
150
110
242
24
198
103
380
27
362
342
264
345
299
179
300
49
15
210
60
124
155
389
196
279
163
52
318
367
334
261
367
59
294
237
340
385
145
166
128
192
125
213
65
39
286
310
82
104
205
84
245
94
139
176
99
178
233
23
77
289
49
103
327
272
233
286
108
379
145
308
50
212
47
367
77
182
377
17
149
150
303
391
332
273
367
229
86
327
300
108
140
247
391
105
391
109
41
337
385
104
230
163
10
333
151
76
35
82
153
366
27
141
24
150
148
303
92
56
118
229
289
378
142
144
6
303
240
6
244
10
132
398
167
308
230
214
21
322
163
185
224
2
124
199
140
58
251
140
58
329
256
82
131
261
130
345
356
96
25
29
201
61
248
300
146
378
92
24
126
125
108
393
199
246
190
9
293
1
124
140
252
131
319
340
346
258
347
204
199
233
25
37
286
383
166
20
232
229
349
197
60
258
87
217
130
36
214
124
181
140
334
43
268
342
99
360
247
286
111
152
188
166
369
387
321
196
304
17
217
300
208
97
132
300
310
72
284
205
212
253
155
107
101
213
304
34
14
75
300
34
78
84
378
297
51
353
142
224
256
96
140
246
352
35
20
286
254
391
115
380
46
211
261
135
385
370
283
384
296
99
13
98
274
238
36
42
8
353
192
79
269
391
108
23
64
330
291
359
82
242
147
257
306
219
294
198
103
37
211
0
5
223
384
113
134
120
223
80
58
80
170
271
78
245
162
130
354
118
191
330
377
96
350
4
284
396
99
267
105
385
233
236
389
153
170
206
316
53
33
93
144
121
18
25
364
49
214
2
306
42
90
126
212
280
91
198
352
134
167
111
120
107
392
255
273
357
351
354
149
126
5
362
301
13
271
175
390
92
109
9
37
392
92
259
109
293
162
379
336
171
295
54
80
323
157
283
306
273
170
248
181
68
388
273
32
235
67
163
374
0
398
191
109
391
267
348
363
306
195
350
51
102
71
147
208
246
82
313
341
179
218
97
123
98
69
302
301
386
217
151
326
188
333
303
228
370
36
117
388
283
80
119
111
137
208
358
140
122
243
28
18
245
14
250
29
245
99
88
325
339
135
310
172
268
315
341
70
40
213
21
389
295
44
293
381
241
397
258
227
98
12
15
147
157
193
163
160
363
169
313
306
238
14
296
70
243
306
342
347
232
183
5
245
196
120
193
207
0
355
286
112
43
129
354
40
371
383
308
132
262
122
113
282
107
104
102
124
327
379
27
380
238
206
119
168
5
359
349
161
171
154
277
148
0
11
63
140
337
351
105
62
288
108
369
126
180
168
237
59
384
301
69
132
342
72
209
184
211
67
63
289
93
41
153
5
169
59
99
17
365
378
95
286
137
202
317
284
225
364
358
230
120
60
255
371
105
208
147
384
290
349
118
43
339
119
221
258
233
160
208
100
336
275
162
117
18
233
145
374
107
372
196
243
225
273
283
193
286
71
222
321
61
245
170
80
156
290
399
354
80
28
236
121
220
398
273
284
392
153
315
295
226
0
12
246
7
356
21
274
232
376
326
371
118
121
399
269
42
202
67
268
129
154
96
134
195
19
371
392
101
123
33
100
269
147
16
25
32
367
333
292
282
283
50
79
104
145
44
264
159
315
226
41
291
2
46
78
283
247
168
368
228
132
277
234
399
395
259
390
209
261
393
104
225
225
391
220
163
172
371
81
202
355
47
329
118
283
225
173
5
273
138
147
8
163
7
6
124
277
380
99
238
167
393
41
397
295
190
323
96
128
389
110
196
323
292
90
153
147
172
316
76
109
173
259
209
188
312
326
162
37
267
10
142
76
130
202
256
202
353
261
317
97
27
26
169
337
133
389
358
271
246
379
339
256
142
177
209
200
69
85
52
160
176
114
348
229
165
31
307
71
66
340
275
116
316
254
361
18
258
327
23
186
389
74
57
390
371
41
317
322
129
83
215
94
30
130
281
183
304
321
291
266
349
50
333
94
350
174
133
299
353
213
140
281
166
132
91
290
389
390
70
331
273
33
32
354
226
224
177
71
327
229
3
372
375
1
11
63
232
105
42
371
36
212
300
367
349
20
33
353
219
226
380
316
187
120
299
146
327
13
321
379
84
324
279
372
70
282
30
295
87
136
181
124
78
29
253
181
357
158
17
311
382
120
252
399
18
143
321
248
177
273
142
240
336
22
177
4
78
1
13
379
355
40
308
11
123
258
264
181
297
270
339
51
343
393
324
171
60
182
83
23
333
49
195
83
336
212
351
197
23
131
22
209
223
51
353
103
218
101
19
56
302
32
310
113
260
280
266
325
343
204
392
76
14
307
166
325
237
232
262
139
288
148
358
292
93
238
390
63
216
181
219
19
230
228
258
303
256
366
186
89
274
38
106
164
78
174
172
130
54
359
176
133
311
19
52
97
41
384
278
387
80
398
78
44
256
9
61
55
37
357
124
395
14
162
136
230
10
318
261
10
361
52
351
360
383
270
257
148
286
281
362
228
329
389
69
375
188
2
275
368
336
143
252
190
323
121
358
147
247
253
376
179
99
391
69
336
8
72
173
128
252
246
176
192
129
6
51
104
15
324
89
99
201
287
364
110
256
174
95
32
171
170
397
330
187
245
147
54
245
242
157
164
313
251
49
212
393
359
332
39
253
271
94
37
146
248
22
149
155
353
16
164
341
103
221
84
251
47
313
17
392
331
215
220
194
75
101
276
209
247
24
14
324
44
34
248
65
238
377
304
79
164
2
225
268
175
375
236
126
205
393
285
45
83
85
28
326
323
227
324
183
91
164
92
89
222
67
236
388
98
318
5
43
123
84
388
183
306
202
162
34
334
40
85
73
399
37
16
380
160
325
132
94
88
209
365
286
263
214
375
84
173
82
324
111
201
84
365
53
27
358
173
387
1
245
193
117
342
216
384
33
105
232
305
259
390
348
101
265
308
264
77
0
317
291
31
81
74
244
99
60
243
2
84
141
397
57
329
341
146
291
73
74
264
84
132
46
151
344
192
323
12
89
238
99
22
114
118
286
332
174
380
89
90
33
41
394
292
380
368
273
196
76
368
52
382
154
182
331
254
98
304
217
250
310
26
51
32
73
319
35
24
88
2
369
264
104
284
148
109
8
109
387
249
345
118
163
373
37
330
248
369
149
339
318
171
201
287
48
96
359
149
281
321
119
329
17
49
355
240
73
189
272
219
133
217
360
376
111
36
376
288
292
132
300
128
352
16
296
260
85
157
364
9
255
370
163
234
272
20
300
319
93
114
132
78
248
120
45
264
3
89
249
281
289
302
227
65
350
9
169
137
176
266
298
202
335
398
132
393
250
169
305
398
80
357
322
388
366
230
115
199
204
36
116
202
40
76
239
107
243
130
39
249
210
111
34
292
183
276
292
391
61
79
366
221
2
187
104
292
102
299
193
142
1
93
273
345
81
300
247
272
149
349
395
309
218
166
389
234
398
277
69
393
256
268
306
232
258
164
318
303
398
4
373
276
364
358
250
290
176
212
334
205
228
210
256
105
104
271
378
75
39
93
285
53
322
13
49
346
390
105
52
334
273
367
203
279
200
9
201
201
183
115
366
138
59
93
249
394
70
149
82
316
308
211
236
371
28
33
228
60
197
273
231
165
223
174
112
101
90
129
294
389
74
59
131
152
396
302
290
124
95
283
217
131
82
118
278
378
72
201
117
356
345
19
148
212
118
48
324
199
308
213
164
234
115
217
16
89
385
197
121
379
246
14
394
148
249
23
167
316
248
316
195
230
27
89
394
164
229
175
165
130
135
122
387
279
331
17
366
190
206
237
340
65
326
37
319
205
255
85
49
276
399
151
210
358
330
367
82
49
372
211
358
157
355
34
162
174
256
9
82
305
360
211
128
108
228
37
79
46
190
0
317
241
46
115
332
353
133
63
193
315
138
107
269
316
273
156
242
103
252
353
147
348
24
298
131
179
193
277
93
315
240
380
147
191
0
288
355
327
37
376
157
207
320
212
373
132
373
201
394
369
264
313
255
102
212
178
340
337
152
118
118
371
227
293
87
298
45
251
185
388
244
291
193
76
139
162
292
72
201
108
365
231
189
208
2
202
40
295
168
116
188
118
270
327
396
124
22
215
95
339
274
254
326
120
291
393
1
83
313
96
382
143
249
136
31
206
70
269
373
235
87
35
232
322
291
257
120
259
261
179
186
207
160
77
155
58
192
130
10
243
106
382
379
286
109
278
306
345
321
245
364
39
313
68
375
180
301
149
44
374
134
237
368
305
190
68
48
148
102
79
390
1
102
116
268
285
176
204
335
278
200
239
152
50
316
117
283
2
250
248
310
335
375
298
336
164
34
75
37
138
101
57
227
137
302
61
198
347
233
377
146
235
56
371
253
17
134
103
289
361
72
99
334
394
186
243
134
267
119
283
255
30
340
30
363
328
223
293
83
50
311
262
76
217
220
179
132
73
393
14
99
49
14
71
290
137
219
142
243
381
67
309
70
396
50
383
147
134
64
136
77
229
315
362
192
73
112
195
103
179
306
29
142
83
99
110
389
120
14
249
351
390
41
180
43
29
147
251
178
3
298
383
384
13
249
339
124
200
303
62
43
342
293
329
191
276
107
219
324
200
48
30
333
373
143
382
149
16
325
380
84
232
104
124
116
217
372
382
68
127
193
27
230
142
56
202
242
288
268
259
318
97
47
19
84
69
229
42
138
39
256
171
46
70
295
290
289
362
18
164
391
69
146
52
272
131
301
42
336
244
315
365
44
49
275
8
268
244
349
387
252
141
350
284
97
159
95
249
92
144
323
93
253
64
380
281
60
170
65
338
277
273
154
187
110
305
140
398
167
348
379
198
65
189
397
35
228
88
308
381
225
195
250
161
208
320
1
359
267
339
201
278
285
257
358
240
10
337
128
20
216
56
324
285
176
46
126
15
41
179
104
238
259
252
348
215
209
334
90
285
75
215
315
1
236
56
257
219
254
16
49
328
274
277
65
380
112
183
59
16
389
5
103
245
57
149
108
326
77
88
137
178
107
345
241
246
69
180
149
30
28
205
343
398
42
387
385
272
151
56
359
142
352
191
27
254
104
30
111
203
44
253
224
118
139
355
75
241
161
366
382
165
373
109
143
339
219
187
372
94
52
50
221
1
281
210
221
212
316
105
86
3
16
29
209
192
225
246
109
380
26
61
166
362
365
233
212
280
290
362
215
333
378
82
71
12
54
150
209
345
107
295
172
346
105
196
201
246
362
369
72
141
359
351
207
105
54
26
292
220
360
114
390
264
258
69
329
57
95
243
103
181
63
44
249
207
5
354
87
237
66
177
116
138
0
3
198
330
227
120
34
318
149
208
164
42
286
86
391
70
381
393
197
365
134
391
109
273
324
9
352
369
389
0
334
248
395
333
192
87
333
174
29
333
12
91
171
124
97
350
118
298
245
226
12
304
264
99
186
11
228
324
168
216
240
321
153
287
263
152
44
280
72
36
39
319
283
364
39
245
325
76
34
95
100
197
134
395
19
199
73
394
81
349
54
384
71
147
349
240
302
2
7
356
85
334
125
138
64
389
117
327
102
173
298
209
220
151
348
259
382
289
328
199
256
331
226
126
193
182
238
132
149
275
109
85
225
94
93
74
230
1
153
43
10
359
227
378
322
182
217
48
245
19
304
385
260
197
377
149
236
116
80
310
285
303
105
366
261
93
159
385
332
149
354
216
239
340
84
338
175
140
161
144
103
360
257
5
228
202
167
204
123
271
28
247
162
309
38
323
204
270
308
212
116
57
229
41
374
43
306
144
35
170
332
137
395
242
132
126
291
383
174
373
14
223
58
331
223
26
0
160
41
172
75
147
333
169
8
8
197
30
92
161
48
11
312
394
57
307
242
352
125
329
234
364
186
44
144
379
30
5
89
24
370
187
148
194
129
229
26
350
159
316
29
61
270
303
123
269
82
225
108
65
40
84
219
290
389
185
187
51
227
150
84
225
121
222
40
287
222
257
301
260
272
372
198
84
155
100
193
325
352
205
54
55
267
144
262
94
186
40
262
71
215
84
330
108
226
89
376
295
134
317
325
379
130
383
28
124
348
140
50
105
229
246
23
345
298
94
114
317
37
303
7
13
115
73
274
184
181
1
147
367
82
365
219
193
245
327
140
394
16
205
109
114
387
43
94
373
103
275
214
69
385
38
91
322
33
17
325
261
63
275
43
84
264
271
217
149
42
285
204
103
60
179
36
98
182
323
370
108
113
78
41
89
379
149
48
141
311
43
205
310
209
145
291
357
11
83
354
151
274
90
308
356
262
46
38
256
255
276
27
225
115
307
99
36
245
276
88
305
190
64
213
245
55
329
187
6
271
31
215
41
321
54
4
86
353
285
202
365
65
297
255
222
142
371
256
51
40
339
241
84
355
387
362
2
335
343
84
300
90
247
102
367
312
86
19
298
212
201
130
32
356
276
50
232
49
83
143
285
2
296
167
96
126
105
68
18
103
191
338
189
148
153
325
101
166
94
268
264
145
371
303
176
182
240
233
16
301
137
269
118
346
260
0
380
220
231
89
198
150
350
209
250
301
242
233
23
42
357
225
171
7
238
297
161
245
147
144
315
159
6
366
146
115
50
217
72
366
242
164
341
46
276
136
356
232
284
382
177
330
352
15
364
281
130
70
192
183
192
207
176
326
108
63
246
204
104
341
45
256
264
164
252
195
365
43
69
201
393
95
177
41
386
343
145
270
225
267
262
175
27
128
388
334
243
249
132
252
390
211
378
314
233
153
340
26
180
145
203
255
296
255
379
165
182
212
373
202
19
327
244
85
83
158
0
39
274
119
393
239
107
265
335
84
101
74
76
198
69
155
159
79
326
69
287
259
156
65
192
262
332
106
224
111
331
272
139
16
56
387
165
88
294
333
140
276
389
179
264
390
160
104
161
39
264
193
108
193
304
11
11
216
225
368
283
181
276
200
38
39
270
354
169
92
286
138
269
377
364
236
37
124
131
320
328
86
269
346
287
73
364
52
278
23
384
241
8
228
312
273
255
385
71
215
247
9
6
355
31
316
207
218
268
136
387
238
184
40
58
112
194
326
95
249
135
339
37
242
221
286
188
223
84
11
56
58
375
28
214
127
369
242
209
262
207
379
287
11
174
389
146
131
316
199
220
11
119
75
283
267
209
316
93
46
326
349
227
242
333
364
303
392
283
38
379
125
210
53
307
304
212
211
365
70
220
207
285
140
204
284
14
187
213
362
133
342
1
191
23
393
232
138
237
40
213
322
8
246
281
130
310
129
204
16
337
324
241
194
329
14
84
306
109
367
234
394
153
271
389
340
66
177
210
199
68
304
327
15
141
105
187
328
151
379
352
40
340
71
91
66
173
92
30
124
192
54
56
230
39
268
9
66
346
238
282
109
15
132
87
223
360
230
255
112
70
212
204
44
130
242
391
41
142
75
234
80
3
286
210
123
363
246
12
2
11
35
176
295
177
214
315
69
354
287
299
239
69
70
136
316
140
77
201
24
338
8
132
308
27
277
338
187
133
41
134
274
99
399
78
291
271
51
240
74
248
59
46
280
198
79
227
4
242
264
38
356
167
171
66
213
78
352
356
178
105
63
360
51
168
213
30
365
149
147
132
377
240
249
31
233
105
2
0
99
89
224
88
321
381
64
43
147
56
56
233
398
46
6
315
191
147
16
55
267
149
363
306
354
15
230
327
125
389
39
398
351
42
29
165
79
231
277
79
243
79
291
298
68
65
295
268
287
302
329
293
302
62
70
378
259
228
307
242
269
158
355
304
88
265
361
362
395
310
65
223
251
296
244
63
348
225
142
374
32
354
227
389
281
292
210
305
302
221
264
55
200
24
103
358
240
193
361
298
353
84
59
354
170
259
364
36
283
256
193
261
290
359
209
41
201
129
197
251
342
56
137
332
139
19
48
318
195
12
55
56
86
399
370
208
112
79
209
186
104
213
266
74
47
192
308
305
359
275
22
276
301
364
78
223
213
103
248
207
7
349
40
398
14
274
294
133
147
302
321
310
256
111
139
224
243
306
60
208
367
257
169
284
34
268
94
73
52
306
318
281
89
380
55
369
349
143
115
360
344
28
94
341
110
90
350
204
197
120
169
72
316
83
204
314
265
203
305
318
64
220
14
214
11
2
327
86
222
73
248
218
228
180
47
344
355
153
169
126
273
213
321
95
378
7
19
354
201
189
221
331
172
48
114
192
359
180
54
282
244
232
77
282
277
294
86
358
302
310
139
179
351
220
191
145
146
231
53
208
282
176
7
58
202
57
370
378
289
117
94
264
373
2
132
281
43
39
283
210
69
196
147
267
251
315
14
70
186
176
42
75
312
40
25
248
287
6
40
11
129
59
49
36
269
186
12
227
169
148
287
243
59
224
79
284
371
48
40
299
121
335
344
232
263
151
259
84
83
392
348
292
109
370
79
189
319
51
172
72
371
141
15
76
302
270
327
91
249
24
4
232
101
274
256
326
260
210
93
133
167
352
317
292
340
372
134
336
264
70
111
300
373
257
183
353
249
196
238
372
395
366
218
354
193
230
45
265
242
60
181
17
335
385
302
12
0
127
23
129
359
324
59
104
16
284
315
144
25
269
241
224
305
96
253
361
290
243
399
290
328
363
65
255
46
233
175
352
315
336
271
38
346
35
397
140
276
395
0
373
85
267
167
322
347
195
69
49
50
103
105
81
205
234
127
46
228
303
376
159
10
125
379
33
272
204
342
237
38
46
34
373
54
394
229
226
329
177
244
324
301
28
222
389
97
250
245
0
339
124
191
6
252
49
59
152
243
27
201
154
399
0
381
109
356
378
230
226
131
181
167
268
282
24
221
306
188
14
257
146
227
373
380
351
198
140
341
79
336
260
366
345
333
54
381
27
84
29
156
160
41
125
17
388
15
300
6
365
213
156
299
132
362
281
35
191
302
391
22
130
109
273
72
30
282
360
28
51
313
1
85
11
62
152
211
359
124
334
275
15
263
102
378
217
302
336
214
336
88
16
219
74
305
332
299
32
308
117
336
381
147
373
299
169
258
301
172
14
146
229
356
50
310
318
110
21
234
104
220
346
7
139
164
89
137
204
50
53
13
290
396
295
35
323
87
363
327
86
125
218
185
375
316
149
266
297
225
287
276
190
313
59
389
160
393
169
373
143
324
324
290
232
222
393
337
128
102
40
22
353
134
316
8
195
142
126
104
340
130
324
202
151
118
299
250
298
183
339
176
146
242
118
109
123
389
183
338
312
43
359
307
23
398
321
394
356
352
34
328
277
353
52
70
379
1
257
38
267
163
184
77
99
312
204
247
390
67
373
82
128
361
378
364
84
277
273
137
325
50
215
262
27
69
17
298
152
65
201
192
77
192
80
180
33
143
322
3
49
385
163
94
194
28
56
162
58
214
37
31
206
142
133
77
396
25
127
336
349
64
33
233
22
83
255
162
165
268
36
31
204
33
399
19
305
235
218
265
104
116
227
375
149
239
97
371
235
21
315
248
166
295
215
256
300
360
388
195
96
69
328
384
289
181
1
111
154
363
79
0
222
206
341
123
330
354
193
308
345
251
235
209
106
327
122
66
50
0
152
142
7
189
331
146
293
137
156
225
342
44
224
52
264
365
77
255
382
251
24
108
375
86
9
317
383
100
10
346
3
394
338
306
389
348
256
310
210
177
229
241
87
45
234
212
363
27
115
254
360
34
245
373
59
29
25
121
205
254
392
301
249
263
3
171
260
87
123
391
183
304
193
356
221
2
380
30
245
238
103
229
347
165
283
206
98
16
356
227
81
146
279
191
209
171
2
162
150
285
287
399
227
75
91
60
100
385
199
132
161
103
121
253
15
17
203
333
205
264
175
212
328
80
302
51
169
213
220
283
239
312
156
176
368
247
320
107
235
230
90
219
368
363
32
120
34
52
11
251
41
83
219
323
298
342
58
362
391
388
344
216
299
87
369
57
115
216
267
231
7
367
270
281
279
188
318
77
230
69
52
161
199
386
163
71
79
49
50
163
41
27
149
181
28
68
94
208
308
386
124
202
35
180
341
69
59
262
224
299
122
292
136
208
285
58
286
312
396
267
212
283
126
11
209
372
314
106
274
248
75
151
178
323
340
141
159
346
374
28
377
307
1
187
158
62
23
75
177
36
130
218
67
380
287
244
5
374
100
232
244
150
279
299
289
398
109
36
334
175
270
261
62
13
51
274
203
222
384
201
23
327
40
279
293
310
66
60
151
6
126
64
98
180
20
195
55
147
20
63
104
244
364
182
29
162
66
322
27
134
182
66
332
170
143
101
23
390
143
286
8
115
77
6
171
72
89
196
379
182
83
89
284
103
230
16
318
390
29
216
341
246
287
73
67
116
269
335
62
372
101
117
391
41
285
369
258
275
233
174
2
1
22
294
55
222
237
15
60
163
130
128
187
7
353
69
396
52
213
71
398
255
21
372
304
136
387
135
354
53
128
350
311
229
84
224
228
349
316
306
64
299
131
305
219
313
209
11
339
75
397
345
32
124
232
127
119
265
89
190
340
369
174
10
229
388
309
380
177
70
303
226
309
141
204
269
46
292
39
335
184
249
60
172
360
184
47
356
58
302
308
324
39
223
22
69
341
322
351
364
246
32
371
3
102
165
152
390
265
78
5
14
364
148
284
37
373
5
59
160
46
139
372
174
179
283
211
120
56
48
118
354
392
104
14
173
372
59
100
41
177
360
231
103
221
207
286
358
134
172
367
209
391
44
280
371
355
190
32
242
82
71
78
302
377
108
256
68
61
223
118
261
257
334
5
317
113
36
235
133
256
103
349
108
108
273
182
149
150
356
118
399
387
176
87
263
35
399
79
108
192
189
322
383
172
115
330
225
356
3
341
43
82
365
302
311
90
120
79
247
40
186
356
36
258
78
312
303
40
88
299
47
300
370
313
172
46
239
96
209
318
365
275
92
376
334
358
190
132
99
12
352
243
100
202
210
250
301
284
255
203
264
229
365
173
109
341
369
162
376
337
254
260
83
68
372
262
44
183
26
87
52
127
176
96
202
89
55
333
102
87
327
73
7
71
144
366
334
204
17
218
116
260
78
390
313
277
301
224
117
130
358
251
255
323
246
236
58
154
123
139
97
176
177
350
58
333
92
164
88
93
68
360
86
394
164
22
155
274
230
198
372
376
250
291
315
131
248
371
342
277
315
185
332
93
235
380
113
156
247
286
262
267
126
191
215
378
90
388
231
385
155
269
396
335
303
283
384
341
382
378
179
40
317
307
380
325
306
193
239
213
13
9
351
101
379
115
24
53
179
112
112
134
58
201
290
213
289
0
169
377
307
64
242
243
109
139
49
94
369
299
59
285
185
23
302
273
158
29
57
229
383
206
59
266
71
209
378
214
272
2
140
63
348
371
242
347
299
56
78
194
234
362
229
85
29
31
35
27
217
40
14
293
290
158
371
144
195
8
129
306
339
293
152
163
284
123
26
325
353
313
65
335
339
201
134
206
230
210
59
327
251
321
321
280
338
390
176
103
67
383
319
353
141
197
391
36
187
10
119
394
34
151
66
204
262
151
256
166
341
41
59
384
29
322
365
64
0
31
327
354
157
346
281
173
313
243
132
201
93
34
355
124
250
390
154
220
376
81
103
333
286
235
165
213
304
94
391
288
66
127
235
154
103
31
387
285
213
275
395
104
132
248
193
202
270
34
340
154
257
259
367
376
111
381
30
48
298
285
209
79
52
379
104
286
212
285
92
153
241
349
332
20
190
135
16
48
398
60
213
259
224
83
361
46
75
231
52
63
242
77
10
107
329
42
227
104
6
189
241
331
101
138
191
247
23
212
43
81
348
124
393
120
91
43
295
34
173
28
379
164
391
239
72
159
18
297
382
71
305
72
127
243
147
29
264
186
240
4
316
141
123
207
121
32
87
189
172
282
79
180
118
203
207
139
45
189
325
290
160
341
312
133
317
201
338
347
280
150
341
45
345
368
205
41
153
384
185
278
340
356
388
37
82
112
189
206
239
93
305
396
230
226
54
224
182
331
383
24
70
196
241
142
202
202
236
229
308
118
251
202
37
161
273
119
321
211
386
98
27
34
44
206
33
274
72
268
193
240
267
234
386
92
298
240
281
338
63
104
156
84
172
356
233
240
275
87
173
267
172
370
164
303
365
115
355
243
56
349
322
175
71
303
188
51
394
294
398
332
340
275
336
225
70
398
384
6
59
77
347
373
201
293
303
156
24
212
193
386
80
183
198
364
399
360
293
16
338
74
82
183
279
8
240
37
1
92
140
154
349
223
364
63
53
193
230
312
374
86
143
151
134
343
207
89
60
259
182
151
56
233
118
248
234
7
280
375
51
143
89
30
177
14
46
391
373
371
348
84
313
8
68
263
336
68
158
140
16
177
262
69
392
124
214
336
218
153
369
42
242
54
226
242
338
95
27
85
140
152
96
314
184
227
259
301
336
340
326
98
84
240
55
225
369
193
11
118
278
7
138
78
264
65
291
306
127
370
169
47
20
3
184
382
78
337
132
248
87
55
170
124
280
69
16
240
150
253
312
337
42
397
301
40
182
132
82
363
206
116
215
292
302
284
182
22
166
385
187
175
285
97
42
50
328
132
113
151
220
310
4
155
119
23
16
284
157
316
282
105
113
1
249
313
197
223
79
27
170
270
15
239
305
240
212
358
137
366
53
101
278
369
103
191
272
193
15
373
26
307
351
204
3
356
22
92
387
74
304
12
139
280
1
227
361
353
149
287
252
104
336
289
103
270
328
251
326
52
381
346
37
298
172
141
135
26
337
312
396
360
9
239
303
303
124
228
193
183
131
352
258
185
135
123
6
192
122
137
285
190
270
208
28
165
289
219
186
79
212
160
164
143
85
355
28
181
298
254
262
86
84
359
308
367
172
66
347
184
177
398
141
153
378
254
211
235
388
163
373
236
16
16
265
38
139
329
337
389
33
180
87
24
112
214
399
110
172
276
2
286
114
220
398
227
369
321
109
97
324
246
220
350
255
318
182
325
255
360
161
98
204
215
91
123
169
235
150
70
207
245
186
228
197
174
60
309
125
293
206
180
54
182
386
376
152
399
171
284
86
382
77
54
213
360
7
2
175
76
339
173
319
96
367
362
213
270
226
89
58
144
346
336
221
274
258
294
182
198
91
330
162
305
382
69
307
249
42
159
315
190
45
322
2
342
334
144
2
98
121
50
39
341
136
346
356
10
302
166
15
313
192
270
145
156
15
139
387
322
166
90
60
91
247
204
195
93
190
180
234
11
216
79
125
115
132
251
306
172
256
149
51
328
162
68
43
317
396
41
269
0
188
350
228
217
2
0
11
248
205
178
118
324
117
39
346
95
16
146
135
294
247
273
146
234
385
380
192
247
178
90
337
180
277
70
10
49
210
92
389
139
313
83
317
243
210
260
197
254
206
375
240
81
101
85
89
354
221
381
190
59
197
87
96
105
67
42
121
395
393
71
388
255
291
304
342
307
41
342
368
143
175
57
37
105
101
130
115
271
39
212
87
167
263
335
237
346
203
322
343
32
48
383
109
159
197
219
194
314
296
306
77
244
201
176
71
322
278
173
240
359
211
178
147
220
142
78
371
47
68
187
126
232
340
207
132
192
5
399
154
279
357
8
82
239
360
252
380
25
203
237
349
144
38
125
255
381
20
303
57
18
68
277
202
33
107
61
294
309
155
189
257
71
252
65
15
113
322
209
261
318
35
199
289
51
393
107
153
94
254
7
258
372
376
103
237
68
327
89
368
203
350
134
196
397
227
40
241
319
381
245
231
163
138
390
395
257
269
21
11
283
350
111
249
195
353
387
22
193
262
75
242
44
15
137
202
302
70
192
202
121
75
389
386
24
259
92
67
273
363
223
134
22
78
339
335
209
179
14
62
160
228
93
158
5
87
172
143
316
40
206
291
260
70
91
175
396
51
43
352
22
29
316
133
394
16
309
311
283
59
376
271
168
393
50
334
23
289
147
180
272
307
28
21
2
294
43
11
369
151
61
225
92
41
189
188
304
393
319
5
310
249
244
83
225
235
64
222
7
222
223
164
398
91
388
11
111
305
350
249
189
18
399
112
29
74
91
161
85
53
318
346
74
274
389
121
34
399
323
166
299
4
157
297
147
261
372
55
263
116
32
57
53
82
42
172
92
319
296
2
273
79
62
239
54
188
94
28
385
225
302
239
183
212
51
27
229
193
50
232
278
247
211
69
299
30
202
181
373
352
254
99
157
209
15
19
78
91
6
134
267
57
299
97
243
185
135
243
103
294
399
371
248
365
291
289
95
103
267
238
52
267
6
389
169
292
55
128
65
189
348
381
373
163
21
135
219
97
283
325
60
261
237
148
54
51
325
335
355
53
202
153
203
227
341
378
15
306
356
385
304
321
245
164
150
79
39
339
38
226
31
68
40
142
262
220
324
130
156
211
48
68
199
123
238
86
393
161
206
242
71
288
109
292
197
52
148
9
284
321
128
14
31
346
234
292
190
56
287
332
345
138
212
18
282
353
295
275
143
250
275
202
110
149
269
343
10
27
1
379
87
260
56
101
258
337
48
217
43
30
278
144
270
275
193
353
255
61
164
336
105
15
7
19
286
2
249
187
298
233
280
390
220
274
256
181
102
53
65
366
218
83
119
175
78
23
206
239
35
247
346
390
95
171
139
276
299
325
180
349
267
288
228
14
42
34
17
109
170
187
260
143
77
371
207
99
18
160
125
114
306
39
196
11
85
227
306
365
174
289
269
102
318
119
379
312
5
389
93
353
331
72
105
311
44
164
217
126
23
135
264
17
179
45
63
145
260
351
264
63
327
386
141
47
155
25
308
134
315
391
28
368
44
374
189
390
68
137
168
52
377
243
245
258
280
92
1
125
52
106
393
384
188
318
371
14
295
373
212
133
35
377
95
183
151
56
391
114
75
205
326
291
159
101
321
268
84
174
238
330
345
387
19
172
195
339
253
360
208
229
192
251
175
244
238
354
73
242
34
351
350
333
253
140
382
6
99
134
274
319
80
249
396
99
258
159
54
145
19
327
137
66
176
240
288
7
235
78
398
27
91
274
273
384
388
149
370
371
199
323
385
60
254
244
117
278
53
162
345
115
91
278
137
43
74
215
182
34
174
299
110
90
291
242
89
117
41
25
107
174
127
119
107
50
172
165
269
325
160
118
305
218
322
183
209
41
121
123
59
16
66
52
16
175
65
57
60
39
134
92
277
217
39
395
351
365
95
172
156
373
46
228
126
307
358
23
170
348
153
80
17
105
16
269
170
197
6
161
176
2
87
171
237
10
341
87
112
253
350
224
132
103
208
67
235
176
269
366
393
141
383
118
234
369
179
31
124
233
7
84
268
76
288
172
296
98
53
301
330
315
70
108
125
240
213
78
292
323
46
37
64
84
71
374
132
220
285
113
358
185
220
259
322
284
358
182
42
187
208
96
298
172
51
387
167
293
70
61
170
281
172
255
9
241
117
175
85
59
210
204
250
270
368
62
209
343
302
146
164
375
90
381
391
56
317
299
0
90
308
96
34
152
80
293
59
259
18
304
48
150
45
262
300
127
255
96
142
399
328
160
237
250
58
383
155
375
336
327
7
94
163
139
196
337
367
208
302
44
110
257
236
258
41
154
80
42
78
253
174
284
78
280
362
69
172
118
205
103
163
59
166
229
315
155
387
197
179
77
86
315
53
227
388
16
279
212
129
27
334
354
100
19
172
87
284
342
30
19
346
77
107
211
172
323
130
250
189
263
77
342
311
82
151
397
161
28
143
219
334
362
42
142
269
120
365
293
253
235
233
303
126
329
14
197
351
90
220
256
81
215
330
196
133
147
190
41
98
15
242
172
177
84
394
202
6
193
369
323
254
31
392
188
11
387
395
58
69
251
126
79
399
128
69
88
117
197
225
200
189
207
189
310
156
376
83
140
43
19
329
90
288
171
51
380
96
389
304
348
52
252
184
84
14
384
370
287
53
25
75
222
331
133
291
191
50
263
164
22
360
14
69
146
61
304
291
140
76
257
270
292
309
41
145
122
196
110
111
394
232
130
264
307
172
99
298
322
245
47
229
174
197
147
47
34
83
184
56
124
322
166
142
263
216
110
252
322
29
64
304
179
74
239
262
49
270
8
224
294
156
68
338
125
376
259
332
237
264
375
10
131
4
370
78
389
126
311
153
27
370
70
239
399
292
19
209
291
273
173
262
141
5
219
37
273
258
106
94
115
177
382
140
267
208
107
27
386
246
10
155
35
72
5
82
205
304
278
183
60
29
390
369
368
41
339
287
121
332
22
169
341
116
192
322
258
140
372
66
156
106
238
55
256
11
61
200
34
187
131
79
159
348
91
164
152
249
383
336
0
154
324
33
346
354
178
52
160
236
294
345
305
201
183
99
236
214
310
195
7
297
71
295
302
53
244
247
364
301
187
143
260
167
164
251
238
247
143
377
25
112
254
359
188
375
329
250
134
301
299
361
334
224
187
351
135
121
398
25
281
128
316
163
290
169
108
188
356
77
26
263
53
20
378
215
8
384
142
150
273
163
181
195
257
15
318
352
143
77
59
126
114
285
143
339
60
331
357
138
34
322
40
133
53
300
200
10
60
38
394
396
142
68
262
350
29
12
120
130
194
145
54
253
368
121
314
23
66
283
290
208
97
219
151
352
297
393
38
207
167
100
208
42
106
126
73
69
305
260
346
94
382
370
86
91
143
128
49
224
283
162
108
1
48
262
325
329
319
378
109
112
82
55
103
155
214
219
29
386
315
47
206
60
36
303
65
281
381
216
129
390
316
255
64
43
32
159
61
123
335
115
210
204
244
249
74
368
216
46
286
105
338
158
262
79
182
122
303
2
128
252
11
192
336
235
316
327
7
294
26
301
116
354
154
316
329
353
225
307
273
261
36
364
2
382
91
1
319
176
354
395
384
237
28
348
136
364
257
15
241
277
110
308
369
276
382
161
22
150
218
105
338
244
209
29
68
177
55
236
93
14
89
373
326
278
197
230
213
179
140
375
78
58
32
18
113
105
109
352
81
42
183
229
275
50
127
304
28
329
126
148
47
70
4
133
284
5
176
108
9
345
101
158
217
381
186
214
241
114
244
285
217
356
126
350
269
88
41
77
269
230
380
68
133
161
41
331
310
130
253
140
315
150
23
352
88
110
376
