196
377
221
275
311
111
191
188
93
295
387
113
73
120
389
79
336
184
331
227
350
256
205
70
73
175
98
165
395
110
267
263
194
387
176
62
224
181
243
306
363
307
31
251
162
294
279
21
191
397
147
223
258
368
38
58
28
110
86
281
196
181
273
109
10
335
368
128
143
217
261
9
321
309
93
8
371
14
164
220
228
246
224
81
341
58
175
232
76
292
278
54
301
312
249
281
310
195
118
319
369
308
249
80
116
114
316
363
323
84
175
240
148
317
78
126
274
384
80
177
227
396
138
183
5
390
109
378
36
13
16
153
280
81
397
20
14
80
130
172
216
74
5
346
33
204
154
266
368
159
149
256
136
46
360
137
61
295
1
337
290
13
62
68
321
36
196
175
290
302
68
41
312
257
112
21
147
265
61
326
194
266
216
275
183
12
356
360
287
131
292
87
3
200
258
204
59
14
345
317
133
57
167
312
380
318
98
281
325
372
290
145
291
132
375
232
233
264
87
398
22
299
283
188
340
208
369
395
235
41
245
84
120
274
76
14
40
180
163
135
305
318
238
78
203
123
398
172
70
202
246
112
127
354
286
289
341
119
208
374
34
170
143
271
72
254
247
244
288
360
369
29
157
220
196
201
19
109
383
142
86
360
71
119
242
376
179
178
337
47
361
182
144
237
264
22
350
286
64
22
134
187
44
144
369
41
251
275
33
303
129
163
166
264
307
276
23
141
238
146
4
66
152
271
376
175
301
263
6
325
398
155
310
240
240
267
230
158
49
140
396
41
166
62
239
273
30
318
2
266
329
40
8
119
357
316
179
117
330
262
212
264
236
12
378
213
344
157
263
201
201
314
87
395
169
174
250
274
190
364
7
226
355
198
275
195
209
14
304
95
383
56
285
232
221
254
15
145
313
337
37
187
169
373
367
126
51
324
295
75
215
390
241
269
119
392
154
96
393
61
236
274
157
255
173
72
350
375
315
166
200
221
173
39
194
274
195
244
24
191
359
396
48
211
141
338
252
333
397
373
224
200
66
365
160
202
380
266
362
233
319
257
74
273
216
112
342
95
100
5
369
212
30
9
323
264
80
135
75
98
10
358
8
123
229
82
235
290
222
117
166
390
225
343
285
334
44
229
305
63
103
354
70
144
162
48
142
150
179
22
177
101
295
206
144
349
83
365
232
278
139
294
139
251
22
256
120
389
364
201
388
159
181
189
299
122
170
187
377
287
85
113
152
214
241
368
136
73
33
85
229
331
75
54
13
348
349
378
167
80
373
94
270
105
177
359
356
92
293
97
39
16
12
204
350
75
295
293
81
67
268
341
5
103
107
252
71
95
89
203
328
73
223
244
396
27
52
244
276
342
284
64
226
370
273
79
42
199
60
212
179
248
241
219
267
162
39
22
383
191
208
223
104
62
94
391
338
247
0
312
287
124
392
187
392
282
168
346
168
142
238
231
198
127
268
336
272
196
255
71
150
137
399
303
41
12
131
377
341
399
343
165
221
276
150
136
33
334
272
133
366
268
376
115
71
371
73
197
207
139
118
229
263
192
368
384
236
293
126
98
304
269
204
260
43
379
370
292
32
160
256
260
43
263
112
233
94
150
54
268
312
55
343
226
18
200
325
195
343
398
53
181
381
87
300
138
107
66
78
78
341
321
236
112
373
247
282
319
191
373
128
26
189
79
122
393
209
69
376
297
297
257
11
290
359
128
261
79
288
6
353
302
399
2
227
259
267
103
391
398
237
207
285
205
269
335
283
35
258
186
249
48
279
123
321
348
395
366
144
299
157
307
138
140
371
150
143
319
278
375
189
219
122
380
321
335
212
244
229
224
398
381
130
88
141
5
193
45
210
284
290
206
365
367
309
75
233
262
208
332
32
352
86
7
59
286
182
295
372
211
223
390
358
79
46
349
306
292
77
322
355
261
13
161
330
123
364
100
141
341
185
288
169
378
25
250
87
258
164
257
303
73
10
366
308
361
133
144
171
242
53
316
244
261
69
267
90
295
361
362
202
100
330
344
146
282
373
304
299
373
20
248
17
328
281
379
250
39
58
294
164
25
355
389
368
96
53
42
324
287
220
397
131
182
202
315
178
63
373
286
189
75
387
17
77
218
126
10
186
43
19
186
91
245
183
22
349
188
225
336
228
203
264
68
183
82
163
20
138
343
351
25
111
271
397
131
150
92
348
181
237
10
179
41
244
86
370
59
118
155
278
29
146
138
112
38
231
119
298
186
340
129
135
320
396
80
312
260
106
227
124
227
376
142
378
358
132
0
190
170
247
56
245
89
92
368
158
256
342
194
302
156
156
256
227
314
381
208
118
291
8
323
336
64
210
347
86
166
337
346
328
259
44
210
260
382
169
386
194
315
344
202
185
103
218
286
241
190
364
244
61
15
157
122
188
277
181
312
331
314
378
11
204
339
266
212
308
137
339
183
334
327
13
251
283
258
65
19
239
381
26
165
227
288
74
382
11
366
355
79
260
171
162
62
153
264
265
6
155
79
219
228
147
244
93
310
183
7
142
269
59
146
40
265
277
399
208
354
200
90
214
38
132
23
178
306
144
121
194
391
50
284
108
46
134
318
117
75
125
193
378
274
290
243
87
224
25
242
339
338
374
239
364
243
200
312
114
37
387
145
72
92
198
154
351
367
52
121
278
125
194
166
270
348
191
113
55
92
115
327
274
24
92
275
17
73
296
137
285
359
91
2
243
79
30
285
263
25
302
69
16
197
30
359
115
58
252
141
211
95
377
134
382
388
188
105
190
398
265
298
75
208
337
197
287
75
55
304
358
333
193
338
129
85
187
371
9
45
397
392
173
181
86
16
398
44
261
378
10
337
347
262
96
54
27
329
267
328
53
273
377
128
110
35
221
122
337
163
316
99
1
373
101
56
295
373
286
341
162
40
108
77
32
213
327
231
67
42
210
211
115
122
60
59
326
251
30
340
225
138
335
189
168
257
60
293
56
168
52
100
99
230
251
193
293
175
257
104
134
308
173
115
31
72
248
149
67
364
268
317
286
312
157
162
162
316
323
192
151
137
379
380
83
49
346
141
238
42
379
46
271
148
47
13
299
352
55
225
76
309
13
70
363
66
83
265
336
17
172
83
366
9
270
119
247
15
393
109
185
344
71
178
343
227
196
89
388
124
248
144
252
263
225
178
200
105
332
243
122
62
138
290
281
238
365
61
198
276
343
155
345
84
392
316
32
29
48
270
8
390
18
53
223
20
148
45
211
366
216
270
335
73
393
211
12
266
128
221
258
324
245
191
208
117
349
30
393
112
325
142
352
185
116
104
217
65
379
137
377
324
138
290
301
247
200
57
85
125
369
159
250
70
108
24
292
101
118
204
312
220
23
212
1
139
247
0
277
207
193
64
58
332
266
306
393
106
158
90
86
265
272
287
108
321
17
239
72
209
398
207
389
326
384
278
219
289
276
124
147
168
46
127
132
393
189
383
12
354
116
63
46
184
177
189
259
196
233
297
237
15
108
383
259
323
177
5
160
372
209
98
110
316
126
313
14
133
342
62
381
256
245
28
187
217
357
185
391
78
65
348
380
378
374
184
340
9
221
364
99
53
63
349
292
253
382
385
376
193
239
399
76
200
131
23
62
138
155
36
245
113
50
64
220
316
3
129
2
328
232
344
99
105
66
100
395
370
110
267
200
198
351
352
76
314
280
280
350
361
274
257
329
224
8
201
250
184
370
235
183
246
301
130
230
261
54
363
281
309
344
374
345
51
274
192
101
339
292
238
252
395
11
398
229
36
11
202
137
255
396
0
154
210
232
285
373
165
233
121
84
392
148
166
374
318
214
213
49
113
39
0
237
305
197
190
124
132
397
353
234
95
91
255
229
350
189
318
155
285
251
200
190
210
293
120
125
98
43
227
123
147
16
393
149
324
247
300
251
122
148
264
382
20
20
344
371
141
55
87
209
327
374
35
387
118
216
125
223
24
163
2
247
327
359
13
350
139
14
377
108
25
379
251
72
92
290
75
24
337
249
277
394
54
17
356
206
230
108
79
69
103
326
27
133
165
110
271
211
281
119
263
218
30
282
56
341
368
197
154
207
170
218
196
4
298
309
127
62
353
201
332
307
253
379
95
281
295
146
45
83
53
255
341
90
17
67
264
170
158
272
238
242
47
86
190
399
316
7
100
59
387
170
383
65
150
345
37
390
49
299
31
108
0
147
395
202
392
136
77
318
258
49
92
331
314
398
108
63
291
294
14
255
294
370
344
379
315
281
107
70
337
154
345
41
130
168
390
122
148
119
100
236
76
264
326
294
178
44
165
205
1
291
181
382
237
301
298
321
228
297
389
68
216
254
258
266
392
100
233
65
239
137
85
156
307
218
182
85
102
57
187
126
367
380
68
292
304
370
155
340
38
348
257
44
332
150
256
181
369
112
378
375
399
241
246
120
377
255
263
229
325
38
179
359
328
20
352
179
164
29
67
313
67
243
124
135
352
243
371
44
28
1
288
275
90
235
329
114
320
370
13
31
129
82
91
263
114
106
169
169
51
239
393
155
321
347
272
123
128
39
133
234
95
38
257
88
146
328
218
64
380
171
231
5
385
75
293
354
157
44
169
94
325
48
352
314
394
81
285
371
4
232
125
152
78
217
196
373
353
70
179
280
201
23
40
382
274
225
330
249
374
121
116
303
328
220
185
127
366
58
156
60
388
0
271
104
231
49
155
76
230
270
257
271
44
92
216
188
45
177
109
153
383
86
244
176
351
192
308
296
94
387
125
162
251
76
95
99
73
233
183
86
291
6
317
71
51
229
381
189
32
269
255
279
12
399
283
244
359
145
365
179
10
322
372
184
376
190
244
3
176
347
54
114
251
60
7
82
220
240
61
17
150
124
116
161
5
301
369
203
161
23
353
362
179
317
66
39
134
241
359
60
269
391
49
329
247
125
86
267
237
96
230
178
50
109
26
160
181
21
74
394
150
328
319
179
139
297
361
339
71
187
363
211
388
15
29
235
272
341
30
14
155
5
237
47
198
235
65
324
210
226
391
7
267
103
86
268
357
8
154
358
387
197
376
70
183
163
219
30
310
74
204
388
357
266
252
181
296
167
319
199
11
258
120
77
60
50
171
328
136
194
124
15
218
248
30
104
244
369
328
229
97
345
348
334
59
231
44
183
100
280
368
131
313
134
246
291
211
291
207
107
183
2
313
117
278
343
214
9
352
382
377
213
6
119
46
364
259
181
319
250
204
154
235
259
339
117
356
114
269
384
154
122
9
272
96
390
63
336
380
142
91
163
391
228
133
379
73
270
115
297
166
309
76
43
32
115
90
277
139
52
282
373
197
50
178
57
339
4
3
40
260
263
169
346
27
55
291
177
120
190
21
188
67
304
342
347
269
374
65
391
78
69
129
162
196
170
140
92
38
176
71
243
364
218
159
221
314
10
1
318
142
119
386
103
284
322
379
226
337
147
59
318
103
28
282
132
279
15
143
207
213
80
15
169
224
100
275
22
256
68
291
114
142
213
53
126
242
386
92
239
362
4
381
381
229
89
370
179
320
119
231
98
384
190
243
118
322
327
394
270
46
239
136
388
322
10
144
323
4
330
315
379
173
157
93
174
213
169
384
378
11
16
19
177
288
10
272
91
352
79
74
255
316
300
170
388
79
144
97
225
106
155
351
81
309
195
397
74
248
92
31
397
254
220
80
137
391
38
279
334
354
136
382
393
371
295
365
118
321
193
181
174
97
97
384
354
0
279
235
36
188
290
269
180
44
80
182
80
301
293
0
232
49
30
108
240
290
50
386
132
366
5
187
363
247
61
366
383
214
127
174
17
269
232
171
365
36
277
122
171
133
373
372
171
383
259
66
121
263
321
297
97
21
314
53
146
290
132
10
213
113
22
64
269
219
391
330
288
300
279
258
344
283
43
240
323
139
336
131
172
6
379
369
395
360
310
41
184
127
358
157
86
358
391
373
135
382
81
217
321
79
97
51
329
375
280
321
128
196
175
6
327
389
268
258
387
164
263
325
34
298
30
170
259
352
64
202
226
345
98
90
120
70
114
277
90
161
360
186
56
38
184
208
360
365
137
392
18
23
186
266
370
381
326
280
40
345
10
302
214
173
116
285
14
307
26
230
361
43
332
29
397
101
111
175
344
0
326
254
362
149
339
312
37
124
307
34
268
81
181
35
48
207
188
178
234
33
359
7
309
343
20
184
18
302
30
313
384
374
83
342
222
275
286
171
321
119
325
27
205
283
16
149
323
68
92
141
113
399
343
146
279
77
74
41
127
144
78
153
96
370
88
237
357
356
165
360
367
48
314
162
219
240
198
159
74
202
47
99
95
34
356
182
354
201
387
138
251
151
319
80
377
23
339
22
258
140
350
397
98
142
309
189
387
120
205
329
55
325
308
324
36
257
108
181
24
233
75
224
112
231
296
315
289
307
249
318
392
132
241
245
188
289
329
35
253
271
143
102
358
156
14
149
254
98
186
389
160
309
112
295
389
179
163
44
65
367
78
218
388
375
224
210
150
167
156
31
268
83
342
362
96
30
106
23
299
359
370
272
314
8
141
12
249
174
377
130
77
92
150
43
297
148
242
283
45
156
161
381
162
156
2
346
334
149
320
283
295
373
258
287
140
225
316
220
49
215
172
139
211
212
322
25
38
219
342
349
306
358
287
384
8
190
245
288
127
6
196
73
362
351
129
236
316
249
57
100
38
349
101
255
128
281
216
205
165
213
234
240
126
131
11
389
118
18
350
386
192
157
208
239
41
57
237
43
129
259
58
121
27
121
20
344
21
111
219
108
9
66
202
173
67
159
385
223
289
132
226
350
22
190
375
145
179
173
68
27
259
141
52
4
258
314
328
49
262
204
342
266
322
351
260
9
229
204
10
317
133
21
268
158
221
1
286
226
262
148
263
19
311
130
289
136
192
199
357
58
340
33
342
234
194
273
299
65
16
344
193
49
384
255
299
393
362
294
168
26
103
34
18
28
25
17
21
68
75
77
298
13
21
22
6
304
165
49
99
375
389
47
61
46
78
285
98
19
223
261
196
0
172
292
64
146
301
296
52
396
132
197
352
97
23
85
27
388
210
243
2
199
353
52
108
140
217
225
380
19
131
170
99
191
349
319
89
351
212
241
106
294
130
117
72
15
346
395
75
294
77
123
293
290
273
50
111
155
166
134
240
99
222
395
119
343
161
365
252
189
125
137
207
236
47
204
318
132
172
185
355
330
262
111
83
189
168
370
17
190
271
19
182
178
106
224
8
221
337
328
130
307
364
152
98
291
145
53
380
10
98
118
290
314
7
130
393
146
113
263
35
83
389
140
27
200
162
22
123
264
157
365
130
305
391
88
94
36
393
271
54
95
12
278
150
283
179
111
271
222
110
107
231
168
60
313
278
373
89
154
228
50
127
151
114
156
72
378
5
14
50
241
118
88
319
205
57
211
215
292
94
353
41
11
213
83
190
167
163
22
317
124
90
34
281
365
7
78
351
95
228
13
136
21
291
69
173
214
136
174
116
74
392
106
211
36
168
105
211
117
367
233
224
352
72
312
361
92
178
339
61
91
159
295
345
95
261
124
319
267
294
115
314
390
214
338
324
44
345
154
136
280
68
69
100
268
61
3
271
65
236
211
8
181
398
75
93
331
99
121
151
137
383
202
299
43
62
137
325
10
281
105
134
64
4
177
292
17
211
287
92
308
387
277
376
74
267
225
264
32
69
90
340
64
354
326
42
364
185
90
149
102
323
171
237
260
328
354
40
58
3
274
180
11
172
311
123
180
99
193
169
47
174
69
50
380
356
373
346
358
255
386
332
166
213
78
301
266
283
315
84
244
181
381
204
128
211
42
48
34
191
309
15
69
207
203
328
327
27
84
126
258
21
220
37
366
391
306
205
335
294
251
96
372
129
215
170
9
292
68
205
374
309
378
351
285
328
126
101
183
166
189
397
338
250
302
399
345
256
332
232
229
230
79
49
204
336
362
73
10
201
289
183
89
332
86
22
74
338
152
311
144
382
385
241
40
322
340
200
41
291
210
358
71
45
273
340
149
78
114
393
393
359
121
295
20
214
307
114
358
158
84
103
295
181
395
94
103
317
385
18
241
66
225
51
339
186
2
293
209
192
59
315
372
385
369
372
336
151
212
257
163
98
32
10
246
203
205
0
218
69
248
109
203
39
44
158
137
186
389
269
253
231
276
327
314
235
381
24
348
61
27
189
159
74
18
320
140
242
45
94
370
145
3
323
125
312
258
137
173
382
399
309
227
308
127
18
374
348
2
245
13
5
362
164
225
350
318
42
337
215
350
234
42
110
224
42
36
256
365
5
174
339
347
167
193
216
223
225
339
185
15
265
306
289
67
211
186
44
65
347
217
89
143
367
393
299
73
4
56
323
354
358
32
18
248
357
223
101
264
272
390
26
165
192
169
185
87
315
194
131
196
292
272
381
391
213
24
349
19
218
390
49
123
293
371
309
379
180
153
382
145
51
318
61
60
3
112
45
179
244
366
37
73
33
5
98
10
106
221
324
12
276
288
156
166
177
94
345
172
280
331
116
204
155
100
309
378
318
226
25
398
393
137
336
306
354
91
0
269
206
52
173
138
33
359
288
367
220
341
69
0
143
128
348
118
21
183
15
43
265
285
237
122
10
355
144
74
397
337
355
242
371
122
339
323
322
18
10
31
81
272
262
306
227
264
6
65
341
59
266
34
40
397
105
315
147
280
96
71
235
82
189
223
106
70
315
326
34
80
168
388
169
110
381
281
32
388
289
300
175
58
146
347
175
57
61
158
239
129
77
347
122
169
260
188
324
101
206
113
63
43
193
24
171
388
239
388
102
390
329
362
237
140
81
111
252
344
149
297
203
292
251
294
16
132
152
229
271
277
263
303
156
237
144
74
379
338
261
202
235
93
213
117
381
71
167
4
144
101
379
343
376
216
282
109
26
104
288
178
217
252
190
19
283
181
335
192
84
55
214
281
292
250
262
124
286
89
354
140
291
187
235
36
334
32
298
310
48
241
320
340
101
195
197
187
309
196
383
164
42
292
359
318
250
125
78
260
182
214
332
382
257
172
105
334
254
11
302
238
231
51
187
348
37
26
271
109
250
75
381
390
244
385
260
40
82
164
285
113
273
136
372
45
145
251
59
386
279
358
11
260
46
365
137
13
169
102
137
247
286
78
53
213
99
210
355
237
212
272
217
294
224
376
20
79
393
187
43
115
320
265
274
243
382
176
18
126
259
22
278
278
90
208
312
64
159
117
378
232
242
308
70
261
284
212
287
231
195
126
60
17
328
284
361
60
322
49
66
218
243
98
53
378
213
360
312
38
226
101
273
231
386
278
288
7
338
385
124
129
103
273
289
255
128
280
200
309
157
389
177
19
342
197
373
159
215
375
360
66
66
115
98
124
380
210
98
272
8
11
307
334
205
294
381
288
0
97
318
62
263
38
372
8
370
179
320
132
365
303
383
399
55
85
93
155
122
320
169
35
395
304
385
31
218
121
195
111
201
368
390
223
19
140
86
206
204
272
190
200
46
263
210
260
222
159
225
66
372
46
32
120
376
16
360
232
100
136
97
151
207
383
306
298
8
285
397
368
194
376
343
223
124
65
186
385
11
397
286
268
134
335
132
328
386
42
380
23
296
287
7
35
347
288
15
241
72
334
228
60
276
193
300
112
324
288
95
151
243
17
294
4
240
339
33
301
331
344
25
246
57
375
277
144
330
98
317
43
132
181
353
286
360
17
301
296
310
353
275
259
167
66
371
375
278
33
17
144
114
285
305
276
283
77
332
66
8
247
236
114
205
231
330
77
261
156
316
9
379
281
290
47
293
152
314
235
36
7
78
175
229
5
25
250
194
206
344
187
277
122
223
196
193
227
326
186
145
398
216
224
91
379
115
287
146
73
172
133
385
4
171
327
218
391
315
329
300
264
16
398
312
265
269
21
271
129
351
60
286
108
310
382
334
73
123
134
363
59
108
157
377
115
307
256
272
377
70
331
158
139
124
13
202
339
336
286
161
242
6
365
157
360
248
50
39
5
268
26
165
110
260
104
343
348
8
59
218
53
116
282
25
276
215
100
4
83
122
388
287
0
77
277
185
332
70
121
10
384
169
59
60
330
230
141
20
171
299
138
30
316
213
153
218
279
347
302
185
376
128
289
16
274
16
196
235
17
281
355
182
330
148
296
269
145
370
98
301
66
112
345
209
154
133
303
254
23
267
101
334
299
110
333
231
385
128
23
168
275
79
219
183
170
3
39
375
74
275
358
100
246
363
339
43
238
20
129
386
277
62
95
398
382
163
104
147
165
226
150
271
101
313
307
18
399
306
221
366
32
107
384
294
222
312
346
143
39
349
42
304
385
398
211
290
137
301
4
75
305
347
243
331
386
37
62
28
261
269
52
360
94
214
354
223
142
168
324
166
14
384
215
385
318
310
360
209
339
317
204
371
112
228
41
211
271
81
0
27
86
13
260
394
393
107
388
184
382
270
56
149
199
280
326
112
68
131
321
143
84
328
359
224
15
234
14
287
212
227
188
10
139
355
158
195
318
136
31
345
109
270
71
23
376
249
202
153
42
101
216
90
296
109
143
131
66
369
142
54
46
357
233
236
243
328
301
63
169
350
198
106
269
4
255
57
301
302
227
24
295
207
316
113
347
110
69
252
219
60
206
141
82
54
382
150
279
171
32
89
241
349
8
216
345
394
348
265
161
298
288
254
124
323
169
93
47
118
237
87
88
48
159
315
394
369
351
187
300
388
355
133
1
220
175
239
279
1
221
13
50
295
217
156
247
115
8
349
353
104
127
164
45
368
89
138
105
63
345
372
292
297
104
329
162
80
183
121
42
222
97
22
266
56
171
258
322
58
268
152
183
151
315
151
151
318
359
101
133
1
221
158
167
184
119
227
224
234
311
166
180
384
179
175
200
292
27
267
11
394
95
19
96
366
4
186
235
329
61
269
363
99
24
267
300
78
278
203
78
171
241
192
193
180
40
316
279
1
381
186
352
14
164
28
8
382
340
168
390
313
67
243
310
117
196
372
355
208
253
173
370
242
392
283
170
138
164
183
267
332
96
255
283
35
41
43
68
176
203
96
314
255
181
244
348
322
340
8
24
396
40
360
180
386
398
267
82
127
264
365
341
155
38
257
197
150
56
59
373
206
176
399
289
226
332
397
219
161
269
14
376
50
114
151
337
68
45
177
217
171
194
332
56
346
100
238
109
374
296
350
134
353
70
337
208
307
55
148
71
29
320
347
132
185
132
270
108
116
174
235
79
133
31
62
225
289
174
151
237
177
278
268
384
11
296
239
208
353
395
20
322
395
160
182
355
240
199
45
14
70
209
203
382
81
259
103
171
347
375
313
381
272
381
399
152
208
39
190
285
212
184
119
333
91
107
24
163
209
101
16
172
119
312
306
278
79
238
278
230
101
116
254
38
150
173
89
44
190
331
243
238
29
7
73
116
256
249
134
44
367
36
250
183
234
203
185
302
258
343
31
227
239
45
192
31
100
73
232
92
303
85
333
188
309
326
365
210
56
255
229
393
390
178
182
289
267
47
374
230
256
265
388
25
35
85
316
144
398
255
281
360
272
243
147
370
22
196
248
103
351
170
57
373
286
178
259
121
222
151
87
355
222
312
148
380
206
149
219
278
193
37
34
387
256
159
96
18
184
27
306
220
241
221
334
358
235
52
9
325
391
186
171
299
320
45
284
284
331
248
166
374
102
361
289
94
43
69
333
153
14
317
98
362
139
162
2
157
308
225
273
283
97
311
229
140
175
111
170
361
148
118
161
285
164
66
144
129
373
69
195
22
124
280
192
105
41
392
255
274
359
82
19
354
347
239
380
81
205
242
139
313
317
109
142
179
177
120
235
36
118
160
42
196
53
350
259
326
82
229
13
126
28
216
215
289
247
342
28
340
59
17
183
211
354
279
260
17
64
250
309
266
332
86
34
179
139
216
215
266
66
370
168
148
236
91
57
356
313
287
229
49
308
143
155
57
71
218
107
286
58
321
371
155
85
256
20
248
121
9
138
146
88
72
203
365
143
203
105
334
5
199
280
206
338
268
55
398
319
192
398
276
226
250
290
302
218
254
335
389
235
83
169
280
340
10
278
141
296
186
135
305
293
97
249
180
168
12
122
15
299
51
353
223
116
114
318
182
125
38
280
242
376
84
194
375
79
305
275
385
345
229
289
127
387
225
322
146
121
37
179
194
356
53
145
378
304
173
231
334
178
77
92
356
186
106
117
90
132
312
297
172
19
372
19
300
172
124
41
40
233
182
321
42
68
262
114
130
395
365
70
160
35
12
303
46
360
285
157
311
47
291
334
377
274
342
316
258
340
61
13
320
253
323
126
81
102
237
278
330
112
249
171
131
278
349
346
221
51
375
148
67
282
399
55
281
217
67
61
361
107
101
366
363
221
344
304
39
110
67
104
29
397
223
135
107
152
70
34
360
291
338
159
244
223
385
50
177
125
275
312
183
91
256
382
263
24
159
238
62
324
260
214
252
198
234
31
391
174
281
219
361
252
141
210
180
319
84
57
128
348
126
221
230
330
49
104
212
186
50
288
355
23
193
127
352
105
328
89
298
210
339
240
319
208
272
211
259
274
65
141
171
162
345
180
336
92
250
325
296
94
239
135
127
28
229
178
327
141
104
233
259
151
43
264
389
292
274
267
171
347
389
96
224
83
109
313
183
267
194
389
0
326
176
350
167
287
337
62
201
267
92
100
125
258
91
94
149
282
187
132
334
211
296
50
35
261
362
61
112
152
351
79
27
46
243
60
108
296
218
176
232
209
56
161
10
192
60
100
172
256
133
96
238
224
176
360
201
134
237
85
334
339
297
9
254
357
64
232
238
140
287
143
299
305
195
199
156
343
18
304
136
99
31
241
17
149
9
108
368
268
69
74
325
138
266
104
82
111
110
351
290
140
23
28
350
121
90
205
94
366
184
105
223
113
146
274
221
132
307
156
153
146
209
348
390
104
73
109
157
126
216
229
117
290
395
223
84
283
300
367
280
185
286
39
256
25
158
17
123
8
134
91
81
90
388
179
23
58
77
378
176
183
221
243
239
64
377
76
173
187
64
52
82
300
234
77
305
295
133
99
337
354
155
297
331
375
89
293
123
302
13
183
59
27
30
90
257
13
32
249
327
309
320
234
188
84
333
231
357
248
102
155
31
379
61
393
108
76
59
232
387
246
337
343
0
232
317
239
245
64
58
134
8
47
217
301
121
258
334
239
256
362
174
388
129
9
343
52
284
205
81
250
145
205
87
375
307
282
274
338
104
106
145
81
318
290
147
223
308
297
59
367
356
167
132
160
382
379
39
45
296
331
170
7
89
376
386
264
289
56
80
397
206
121
29
266
111
121
78
231
371
19
176
151
107
36
66
377
190
133
282
25
306
102
344
29
148
377
239
86
110
323
78
8
48
73
205
350
20
327
248
30
37
107
288
259
267
49
168
284
115
243
312
294
389
342
148
83
38
66
249
172
72
165
185
226
199
242
270
380
298
225
8
28
358
230
125
381
12
175
271
139
161
182
188
216
69
79
140
113
358
214
333
296
294
13
81
212
112
50
10
383
348
83
269
388
363
266
97
330
19
79
227
317
356
47
293
274
116
108
269
22
308
276
124
73
60
343
305
393
124
11
156
188
333
326
227
95
82
219
1
24
182
296
134
65
206
44
38
137
347
27
21
62
160
304
85
265
278
41
353
224
347
309
7
69
121
223
59
151
262
238
77
112
185
159
262
297
298
248
366
78
142
91
209
75
55
274
181
374
7
259
202
190
15
77
377
193
43
264
108
176
362
281
197
392
175
19
167
60
201
163
311
60
297
114
175
265
343
275
106
42
31
231
191
248
33
187
130
312
10
339
81
168
341
295
218
33
217
62
7
252
103
270
391
53
372
76
25
231
226
357
204
191
232
67
134
215
292
363
56
188
50
293
169
69
38
47
18
215
204
243
110
353
294
389
265
20
300
177
249
346
248
101
130
325
324
203
302
127
26
260
279
17
152
19
245
180
6
157
76
317
172
330
62
190
164
224
164
140
389
294
300
279
247
153
220
388
47
15
181
339
184
2
27
79
165
14
169
135
82
348
128
145
228
325
131
231
82
143
58
219
364
227
130
122
258
24
363
158
329
193
251
59
229
392
130
70
75
371
355
337
337
137
335
206
36
96
82
43
380
318
129
94
162
270
133
355
251
221
30
143
345
168
327
336
105
316
71
180
376
232
104
208
364
327
160
56
272
244
180
329
88
123
44
185
270
77
351
92
331
1
303
53
272
241
90
242
232
232
262
348
394
292
311
203
206
286
96
197
374
282
33
284
257
11
295
303
302
285
397
350
360
338
18
137
217
75
362
165
81
336
301
298
246
308
54
198
203
231
361
318
38
220
108
15
76
185
68
280
295
357
239
177
185
35
114
152
135
216
137
331
193
65
250
329
241
12
329
11
240
135
242
43
17
31
76
193
48
89
33
237
364
95
300
339
144
72
146
393
253
36
209
317
306
311
389
255
201
206
361
290
207
249
296
36
165
347
12
83
329
385
188
18
1
192
79
279
130
14
311
368
231
219
139
86
22
31
328
364
229
371
217
328
90
17
399
326
167
9
382
110
176
169
241
165
350
66
89
338
293
141
135
306
67
248
383
80
210
66
191
362
276
320
220
135
293
24
40
316
141
389
256
329
60
171
152
89
380
8
76
176
190
79
199
165
368
65
358
30
152
186
332
52
224
197
180
254
131
380
307
184
69
12
76
294
199
85
392
358
150
321
87
135
319
211
141
41
380
299
53
207
5
269
132
43
224
200
369
190
254
40
233
75
284
387
310
243
88
224
229
337
371
338
321
261
361
334
194
29
48
137
306
369
80
39
42
158
164
239
249
182
227
322
337
308
140
353
100
131
26
85
249
374
147
173
85
16
349
255
68
72
353
174
182
16
386
100
366
113
285
174
372
201
34
158
22
99
175
136
369
193
385
254
13
323
113
261
313
392
195
221
287
35
5
230
374
66
156
391
61
43
356
327
324
316
291
208
130
328
176
353
115
227
0
334
31
367
108
190
272
268
136
245
306
224
236
322
177
244
89
81
236
200
48
298
215
250
205
148
303
253
297
345
278
197
261
294
167
309
63
308
238
40
53
30
1
364
318
313
350
273
206
342
93
392
383
241
266
8
293
60
243
266
227
235
193
279
333
138
366
339
41
395
136
134
6
79
384
114
317
81
2
80
263
110
363
253
121
27
154
48
64
298
167
200
299
325
39
353
5
15
20
198
302
264
197
89
74
54
331
298
34
135
212
280
335
125
361
375
173
377
221
172
258
142
301
4
215
59
312
344
18
233
311
339
179
57
5
335
253
133
30
329
147
367
212
191
281
190
108
150
153
354
32
58
117
203
103
125
168
197
352
247
91
198
193
377
192
122
178
41
246
63
213
255
180
305
124
365
392
114
392
352
220
135
108
271
277
174
188
44
351
113
213
328
288
110
76
234
66
377
44
290
192
21
25
11
117
326
226
253
119
247
194
223
112
329
331
211
297
203
378
151
74
122
262
276
305
58
242
76
77
63
145
155
249
26
350
154
240
1
93
376
228
174
215
134
99
187
262
165
378
270
374
205
167
294
221
143
233
343
363
378
326
54
64
379
339
326
198
98
37
194
35
195
48
354
115
49
271
302
292
124
366
260
80
119
50
243
242
68
26
129
187
157
52
394
383
387
262
223
317
14
279
380
58
20
141
54
248
366
227
336
167
181
90
155
163
4
195
247
115
95
57
122
225
77
352
219
31
64
31
88
386
159
395
356
237
387
218
159
339
186
131
121
285
261
137
102
246
266
99
391
357
262
91
313
236
394
39
348
31
156
18
39
138
164
337
9
334
274
309
244
207
214
33
368
202
178
330
134
84
214
398
282
34
137
71
32
385
93
231
209
156
386
138
313
265
160
191
63
57
382
212
244
388
342
317
38
320
108
282
215
240
212
179
2
387
89
349
370
308
127
380
116
204
314
390
264
39
299
181
176
247
213
70
196
342
91
279
301
39
261
59
196
381
105
257
25
354
291
9
183
250
339
94
26
263
19
207
316
29
129
197
290
355
182
276
396
241
268
326
92
53
331
265
199
98
155
4
99
56
173
69
159
327
362
359
270
226
128
201
380
251
18
310
66
314
372
298
387
55
148
70
153
75
394
394
354
34
193
221
263
175
364
43
123
115
168
225
255
307
297
9
392
211
116
11
96
93
197
390
31
251
258
16
217
263
207
171
89
176
100
121
397
153
35
347
315
395
319
65
20
175
137
172
45
17
111
231
221
284
141
211
336
137
238
232
393
334
294
127
262
359
58
359
396
237
121
53
227
105
110
85
41
88
87
282
161
395
378
283
388
293
137
225
173
53
164
155
15
123
189
273
11
123
346
60
207
113
180
374
62
32
31
255
167
194
140
82
200
68
25
45
352
324
196
386
234
171
169
223
291
386
140
340
2
365
90
385
279
35
192
112
170
88
8
9
248
309
62
127
305
333
396
381
282
139
176
174
207
220
357
51
269
240
394
57
176
394
253
378
57
185
221
1
397
289
229
349
138
86
168
376
21
235
33
300
382
89
40
32
44
248
291
33
232
297
108
140
31
327
138
298
26
106
93
297
227
191
397
359
232
336
144
256
52
127
364
93
388
59
34
177
32
344
397
275
263
355
228
4
197
190
54
264
116
106
172
125
216
53
214
23
1
128
379
4
112
53
33
96
295
119
94
187
282
385
142
386
94
324
233
254
76
245
257
217
236
311
330
3
133
110
0
135
148
78
99
140
147
264
161
190
185
30
163
120
46
19
306
301
294
209
138
302
86
143
51
248
102
131
252
49
242
144
30
175
72
253
357
361
203
247
74
229
250
179
263
153
270
146
245
127
277
32
148
80
305
126
349
150
331
378
192
335
325
267
207
222
377
381
298
288
19
304
314
358
89
101
169
306
164
224
311
323
319
248
239
366
385
136
243
397
28
3
197
94
36
107
370
378
62
89
398
363
290
63
241
213
364
123
71
270
110
181
229
8
312
218
333
220
385
73
279
165
271
81
176
370
99
83
394
168
193
6
214
27
26
86
46
273
67
215
394
373
31
254
86
9
367
189
300
55
388
54
114
30
246
182
260
340
166
196
345
123
120
390
60
327
356
275
142
15
277
251
212
388
274
17
259
376
142
330
125
72
86
0
292
283
164
102
98
324
2
131
75
48
25
166
52
262
37
251
304
136
156
133
311
261
89
236
369
84
26
328
222
6
34
221
301
86
113
353
221
130
156
335
138
85
222
32
143
208
92
364
222
356
108
254
309
41
3
63
148
371
86
342
291
58
184
266
288
36
182
259
342
295
390
44
223
177
358
85
240
38
63
124
100
160
372
246
298
111
224
127
133
305
187
239
313
238
118
267
140
30
348
154
318
146
279
343
241
221
105
378
354
240
51
26
321
168
358
239
91
296
152
350
336
75
397
141
138
35
61
54
85
393
70
107
365
124
300
345
241
85
265
14
205
82
257
352
17
8
365
138
220
144
78
352
287
151
275
268
8
315
392
99
107
109
33
278
257
25
15
284
13
300
86
21
226
212
238
248
352
348
258
50
231
12
323
114
199
129
230
164
237
398
33
20
312
266
46
6
95
250
231
174
95
208
84
372
94
31
48
364
82
54
201
259
351
395
314
86
288
184
265
191
34
7
247
1
76
65
222
310
142
391
283
398
319
273
142
300
186
51
7
172
355
34
152
75
232
18
29
87
208
114
267
251
176
37
262
188
131
269
380
108
182
217
347
299
86
160
290
31
399
340
94
318
345
217
4
269
288
189
261
175
48
392
217
70
307
201
242
49
162
201
102
130
132
180
53
367
228
129
328
300
346
77
261
325
217
228
153
88
260
210
205
323
381
156
136
121
235
169
293
240
120
160
67
111
186
390
305
286
233
147
46
360
187
202
132
53
89
73
302
81
0
40
222
1
86
334
303
28
314
188
88
343
319
217
366
359
217
329
279
3
67
348
224
139
118
14
212
103
190
199
128
372
160
278
12
37
344
226
338
349
294
45
376
335
330
106
83
288
255
286
154
331
59
286
51
252
200
384
338
2
110
154
258
128
387
53
93
333
264
18
155
373
81
291
37
298
340
305
118
58
233
352
105
142
338
69
379
29
332
192
330
240
308
175
378
396
351
247
219
294
384
260
310
292
208
63
80
165
167
1
126
87
67
93
374
181
66
381
251
140
77
65
34
209
214
33
304
353
63
67
399
192
9
310
227
289
394
36
70
383
52
386
356
90
119
180
190
52
122
395
252
382
214
369
273
133
319
241
3
42
272
46
393
218
223
170
316
49
236
309
227
225
97
293
362
314
0
79
54
327
320
276
246
52
27
274
213
394
12
63
382
35
164
38
176
71
50
291
151
162
267
107
209
46
329
190
38
264
129
363
29
132
160
154
308
307
52
260
241
65
119
352
11
136
302
86
21
292
220
33
85
147
186
199
300
27
193
113
378
245
95
95
109
176
104
127
287
226
140
177
120
196
26
87
325
27
34
246
262
123
40
351
275
149
182
182
105
17
140
242
290
238
103
176
167
210
166
119
361
91
347
66
3
144
99
322
101
20
363
278
30
183
163
120
212
58
69
83
134
7
208
312
274
395
109
85
97
313
145
311
313
351
311
213
78
204
198
37
247
1
271
176
209
117
95
292
222
252
124
214
399
90
350
312
193
13
134
331
94
140
106
227
252
214
253
343
100
59
263
384
144
205
228
133
352
262
56
337
30
43
166
193
381
36
189
248
293
319
246
330
80
360
262
315
163
91
6
90
295
242
338
252
367
137
388
333
367
323
205
369
159
13
282
283
190
97
138
37
321
368
281
331
219
370
99
191
285
240
239
5
277
233
111
301
83
127
207
372
205
70
137
49
275
273
227
388
336
255
300
159
388
74
347
346
111
53
358
87
160
244
327
241
160
342
184
190
125
75
359
326
280
232
226
191
204
88
222
35
334
267
312
16
45
240
144
172
162
207
309
120
146
339
354
270
255
289
266
17
360
112
237
289
97
61
49
78
42
265
63
274
150
205
12
319
167
147
219
326
345
50
386
16
222
303
201
179
345
208
392
290
280
377
113
297
377
380
62
240
221
351
189
123
364
170
199
234
381
341
124
250
124
1
368
158
54
260
59
80
56
109
377
174
58
133
240
215
169
384
384
98
75
261
217
47
317
296
360
77
223
219
373
306
247
252
393
364
7
90
318
1
247
289
94
42
233
393
185
262
255
133
322
335
282
316
95
106
171
168
320
45
191
301
277
10
369
136
116
130
121
18
287
246
125
93
28
57
154
7
52
313
171
149
205
364
124
175
176
350
382
267
178
56
258
300
15
10
338
284
138
282
67
254
97
170
221
264
51
49
60
360
90
367
317
145
222
66
192
332
372
339
3
126
106
150
275
306
160
384
180
340
30
319
125
304
199
20
94
142
346
268
297
184
139
192
149
291
220
204
151
313
116
85
336
107
308
212
395
257
228
134
168
12
202
275
387
64
99
351
96
232
125
180
133
133
36
166
227
279
246
92
387
290
123
163
44
203
273
12
278
136
241
91
23
37
114
327
63
385
130
394
186
12
258
181
55
14
358
195
166
146
57
135
29
98
117
64
109
252
91
285
366
88
101
173
234
398
19
40
186
44
132
192
220
280
297
262
39
24
299
33
330
290
19
53
118
65
34
252
113
335
70
212
371
34
55
37
76
292
214
263
359
266
179
287
352
343
391
346
320
209
138
173
118
345
91
370
7
131
31
71
45
235
335
308
76
99
346
157
288
25
318
256
6
357
136
340
295
320
274
246
314
174
245
295
334
77
167
240
295
364
345
84
384
281
114
387
364
232
302
114
75
41
323
40
187
139
238
179
370
396
43
309
76
387
201
101
178
286
360
192
100
49
251
72
25
214
148
253
397
41
8
81
248
35
348
303
316
264
49
288
55
341
88
380
148
233
300
313
289
38
349
304
257
12
317
9
279
248
73
203
305
338
163
95
325
243
124
210
339
90
244
63
333
35
213
247
105
390
348
160
234
55
335
121
237
374
141
392
310
243
188
220
160
25
322
3
64
373
51
388
196
335
175
214
288
261
93
162
28
76
72
52
201
71
340
398
99
156
19
170
394
157
71
95
136
307
30
259
55
350
262
108
3
201
238
131
320
155
367
314
280
147
223
160
299
175
280
34
346
61
178
383
302
275
348
288
307
141
3
255
327
235
385
381
98
377
159
4
43
33
57
195
228
266
373
152
313
168
128
84
252
153
42
399
159
372
317
1
85
374
286
396
156
346
107
46
61
241
109
49
123
142
168
332
150
384
162
355
128
261
343
39
24
300
86
49
324
250
15
40
357
15
179
245
270
23
210
194
36
261
157
18
175
187
175
143
390
326
264
347
356
319
76
276
249
263
43
327
319
100
22
246
274
157
147
359
49
67
127
135
46
287
247
187
207
41
88
199
299
258
307
357
326
346
23
384
77
361
73
86
373
347
224
392
306
226
256
265
182
287
293
170
58
7
385
334
149
236
147
246
154
328
256
63
112
256
274
29
384
40
277
341
255
364
13
21
0
87
377
359
252
85
161
151
259
155
153
210
228
58
383
345
349
186
115
372
351
103
321
55
96
71
266
120
81
217
282
251
265
153
294
278
40
331
37
139
392
4
92
353
33
51
265
111
145
392
374
65
314
369
102
139
320
21
224
339
332
178
158
117
4
202
33
210
171
328
284
133
396
289
247
279
169
339
261
155
259
152
360
195
12
72
176
71
142
149
122
289
132
49
378
32
220
106
81
142
311
137
180
207
283
379
82
108
357
133
253
335
317
379
356
380
195
240
118
279
46
390
93
191
186
82
301
370
63
102
123
312
179
202
58
119
314
20
320
375
310
284
184
36
115
139
295
108
102
347
185
282
397
8
351
17
372
111
365
104
375
247
19
99
300
272
275
214
143
161
341
19
74
142
345
18
254
220
294
353
307
110
315
88
118
47
141
7
187
317
121
48
169
232
18
380
220
307
142
390
76
67
224
293
199
313
301
241
383
304
46
57
123
111
99
375
268
3
346
277
305
380
191
194
290
321
374
147
275
208
216
256
169
86
105
370
314
385
12
15
209
363
98
145
74
107
165
382
196
97
296
36
83
43
279
342
258
219
62
270
231
88
284
0
377
43
148
105
292
207
299
68
102
49
352
267
117
80
338
85
43
79
310
97
318
221
336
154
226
270
270
98
149
201
312
390
280
268
364
192
153
241
162
270
269
361
300
182
352
261
359
204
44
113
277
12
299
272
253
100
124
142
79
277
149
359
303
206
98
257
101
394
142
253
353
130
133
253
102
184
231
297
240
357
264
151
314
318
17
391
393
69
9
344
110
223
205
286
396
337
155
267
241
53
219
215
48
185
383
33
24
0
338
296
341
298
65
41
116
311
354
386
47
103
4
279
351
20
354
130
341
216
309
295
149
334
350
279
259
26
179
215
126
131
287
208
84
145
235
113
319
396
111
259
205
2
204
100
171
285
121
272
1
81
154
263
255
115
206
122
283
120
342
222
378
275
301
253
338
151
64
236
333
21
130
103
171
321
380
276
131
81
178
160
206
396
65
61
32
155
234
254
6
64
247
365
270
56
240
191
203
393
129
341
156
264
321
319
300
107
391
137
19
81
148
234
212
6
218
177
195
378
155
138
82
95
292
261
187
41
48
285
30
370
271
324
185
20
28
114
201
62
57
63
267
19
251
356
46
245
195
57
88
192
29
206
96
210
389
313
161
388
1
208
267
134
278
29
364
143
139
340
5
101
89
225
160
372
3
61
159
93
184
272
316
202
139
374
352
127
325
173
297
298
218
361
291
135
385
393
101
151
383
198
158
299
82
97
214
10
375
72
147
262
379
332
239
386
91
9
130
124
319
311
154
266
1
327
295
226
359
65
191
55
357
137
213
203
130
257
226
85
268
160
103
352
75
129
348
41
191
137
236
342
271
314
132
351
189
370
55
249
106
198
29
262
86
151
129
238
287
202
294
148
190
47
161
112
70
64
316
321
328
359
284
215
338
389
371
110
250
128
168
115
13
323
301
225
182
112
194
344
344
108
301
349
47
84
37
215
28
14
68
234
234
353
344
135
126
233
105
246
25
257
373
345
240
176
138
369
238
61
56
26
107
312
275
381
16
257
82
230
234
177
249
191
197
164
1
263
317
195
226
46
174
310
293
170
35
324
198
249
176
94
360
217
364
23
255
285
146
86
93
10
271
233
269
87
208
7
360
324
165
338
303
348
313
241
272
358
170
108
84
362
161
369
162
391
188
231
278
270
346
287
125
46
279
331
252
21
158
199
57
166
276
172
58
223
112
120
377
93
317
366
204
71
52
208
318
252
380
9
218
125
336
79
368
88
145
66
321
352
260
224
55
397
25
127
102
197
165
346
262
130
132
29
127
396
323
263
204
17
373
82
123
67
276
104
144
151
197
330
108
70
137
107
154
190
150
242
340
118
351
170
264
371
6
343
288
184
183
38
110
15
156
140
203
230
307
26
394
262
338
86
50
367
17
341
391
349
245
105
224
23
340
243
284
343
87
167
55
236
322
290
184
67
215
0
286
356
85
304
377
29
381
191
180
40
262
215
256
32
60
291
390
301
230
26
234
40
256
322
149
276
310
332
114
52
130
256
203
254
321
393
25
376
332
12
244
77
344
385
2
290
233
1
333
175
323
316
314
67
266
28
110
254
51
92
242
29
229
360
222
240
168
102
226
22
13
356
307
325
101
396
289
183
311
341
301
238
87
191
129
305
2
228
397
282
382
56
92
127
386
167
161
300
226
71
395
315
356
176
390
382
323
73
304
358
225
383
295
157
0
79
198
220
18
169
299
3
109
122
51
206
5
342
41
204
264
396
93
284
236
269
21
114
172
18
219
332
257
235
366
206
2
133
295
53
235
243
47
109
7
173
394
26
215
130
344
312
360
360
197
135
62
253
21
126
134
219
345
269
33
343
48
396
37
337
186
305
197
56
288
45
109
326
116
98
337
237
139
175
185
40
107
386
194
15
334
320
190
209
265
54
265
71
309
218
138
134
276
133
122
110
312
396
73
315
383
349
132
2
28
236
322
330
53
146
154
109
165
181
34
202
292
245
228
152
346
45
142
92
241
217
134
326
211
234
22
100
202
125
323
8
212
379
358
41
51
177
229
117
195
102
30
226
358
336
246
383
61
269
183
42
45
304
178
362
102
78
357
306
19
15
226
222
163
347
94
39
191
288
304
235
85
34
44
227
127
100
131
181
293
325
143
170
74
186
257
89
389
308
399
51
324
117
395
107
158
278
348
219
15
156
221
374
25
45
25
176
307
135
252
144
215
260
234
97
219
59
146
282
300
88
273
304
184
57
230
30
285
338
149
195
292
280
308
112
10
295
276
322
364
375
73
277
248
98
46
154
322
56
5
78
131
250
392
394
332
13
244
174
216
274
192
362
168
332
154
63
161
390
374
125
64
12
255
206
350
214
284
24
392
103
1
238
369
38
96
151
17
48
18
139
292
266
243
78
118
168
344
61
98
25
296
221
288
237
273
192
394
303
120
218
126
230
47
25
311
198
54
197
315
389
48
281
188
351
291
393
156
130
291
330
49
247
278
328
225
103
394
165
307
13
351
80
122
187
376
159
302
144
26
277
374
84
149
311
247
113
205
101
181
334
59
348
83
227
265
305
192
123
10
333
324
139
159
293
338
41
173
201
82
200
202
354
207
226
114
181
100
35
62
256
210
161
345
257
156
384
267
335
135
4
238
5
314
302
165
275
161
248
320
12
329
237
248
370
19
48
45
194
381
2
22
74
17
192
81
136
347
104
342
320
80
138
33
25
21
73
52
184
391
10
327
195
395
186
150
66
39
119
351
311
206
170
174
63
238
8
274
373
286
173
38
182
335
263
160
320
324
318
70
77
296
285
273
76
273
315
96
101
16
198
17
236
393
115
180
143
151
186
362
169
193
46
19
268
124
116
38
363
389
122
52
7
126
60
379
148
269
36
254
106
111
106
326
246
271
392
209
361
254
192
341
54
131
65
198
263
99
352
167
335
78
16
366
241
245
127
105
41
180
138
293
20
315
195
84
197
180
60
243
258
181
368
17
57
179
363
61
151
167
135
167
148
303
324
187
110
65
265
125
338
143
98
346
235
143
188
121
258
367
351
261
182
271
76
125
370
132
342
186
266
371
349
375
363
328
389
287
69
367
256
246
221
289
298
165
341
43
71
23
366
54
198
122
259
192
135
362
177
268
362
225
330
379
73
280
193
101
129
24
150
71
149
5
197
389
270
111
7
33
2
228
83
51
236
193
384
291
274
391
214
28
323
247
124
294
62
366
395
275
33
211
355
61
361
223
26
15
140
295
225
109
10
32
5
141
156
399
379
350
358
233
252
126
51
26
196
311
392
201
361
130
383
399
262
150
362
200
130
66
235
356
183
348
289
134
97
99
189
340
264
242
61
377
213
247
96
313
244
94
102
302
41
20
395
260
284
244
300
189
200
351
326
134
337
140
357
43
227
388
26
64
299
149
131
96
67
366
280
202
399
268
238
80
343
311
22
271
346
105
390
207
292
246
25
222
86
135
297
198
153
390
388
44
120
1
160
191
157
228
131
112
330
277
110
7
32
286
28
73
396
159
31
305
110
151
396
260
159
158
105
88
284
45
32
119
259
8
337
325
162
77
173
161
283
230
335
269
381
146
336
38
380
66
196
353
187
65
242
230
102
348
275
55
221
213
275
172
216
9
311
314
160
392
239
187
98
129
157
362
357
353
206
9
261
375
245
393
326
204
386
109
242
395
373
189
103
66
361
161
197
199
118
305
94
8
240
84
228
2
186
309
144
198
306
27
262
43
57
335
143
282
166
90
289
315
255
260
279
47
11
108
104
48
302
80
300
273
260
22
82
145
244
45
333
248
160
133
209
309
39
153
272
156
6
232
376
292
242
367
279
212
140
99
134
152
380
194
17
24
390
203
249
196
259
318
388
353
16
128
35
258
335
41
311
95
37
338
347
141
119
4
345
307
247
156
197
342
158
199
355
59
316
38
165
115
130
191
391
297
163
47
311
293
145
103
89
356
334
218
271
346
111
91
2
311
345
85
249
114
245
364
237
120
195
360
2
187
369
307
27
396
352
239
261
23
140
16
227
42
16
71
196
278
257
37
76
142
368
209
279
306
45
158
48
199
333
109
350
149
171
397
10
332
346
287
199
325
316
121
371
300
321
18
50
41
162
265
369
117
13
88
368
87
283
326
232
253
21
9
375
134
228
221
101
284
96
268
395
248
158
55
214
76
333
354
367
224
3
26
130
200
22
318
255
355
206
363
367
48
127
119
216
340
73
152
215
164
10
368
226
160
120
354
110
63
136
197
380
297
356
9
63
154
18
362
87
73
84
45
153
306
329
49
53
194
153
20
126
347
201
28
65
315
42
263
114
151
6
113
70
72
304
375
97
339
247
175
143
279
11
108
116
67
371
163
266
304
296
172
145
35
212
276
267
71
288
48
66
279
274
93
150
250
38
4
365
305
289
340
250
117
29
51
240
250
63
354
324
56
192
21
61
5
288
75
131
297
286
315
165
297
281
394
199
96
299
165
320
380
188
340
289
44
202
44
93
282
258
367
216
200
162
0
139
161
223
143
280
134
58
389
363
296
99
113
324
210
210
173
20
94
52
280
38
392
355
170
128
339
395
286
102
144
374
243
322
306
42
348
374
226
78
102
119
347
191
299
333
51
139
180
11
256
44
338
80
90
29
205
310
292
396
273
56
365
20
265
246
306
208
161
157
20
263
347
144
90
211
318
99
246
171
252
52
154
205
44
57
236
336
52
165
337
198
293
208
332
379
35
82
26
154
225
39
342
247
21
273
168
317
80
191
102
357
83
300
234
106
307
131
188
194
354
26
34
319
155
69
82
147
309
156
39
336
332
118
287
28
92
120
210
77
270
377
115
216
303
316
177
324
272
213
201
117
79
215
377
328
174
399
285
227
388
286
172
184
216
311
326
335
7
149
258
211
366
230
308
174
397
28
343
342
237
202
244
145
333
180
174
380
111
167
87
343
310
99
103
71
115
287
221
69
363
101
323
293
95
6
380
330
331
353
203
23
119
2
316
323
61
177
42
399
235
187
166
199
147
271
265
243
281
164
374
164
212
23
36
37
9
111
200
350
276
233
250
254
15
83
52
373
164
350
282
1
336
230
153
33
223
162
291
31
263
271
146
265
45
52
131
125
222
89
310
199
308
153
254
291
175
252
46
48
332
168
382
59
168
363
363
97
237
112
120
380
331
331
199
68
113
333
396
108
148
210
120
198
70
298
144
357
255
2
155
183
44
350
124
187
50
161
168
64
302
199
251
42
14
293
306
287
220
369
171
333
47
59
5
171
58
341
202
383
234
188
294
310
320
190
121
12
222
3
32
349
62
207
159
135
162
372
1
178
74
313
333
111
319
319
222
187
398
304
277
37
91
234
3
16
389
386
164
353
306
275
238
179
37
134
21
339
316
23
390
14
50
134
377
55
399
201
31
296
17
274
219
327
146
361
125
30
160
356
365
5
172
379
103
324
204
25
223
49
272
220
77
72
372
278
384
123
79
293
302
164
320
0
249
0
385
12
396
388
295
291
6
193
96
292
356
28
136
24
67
132
16
188
193
116
81
338
36
214
329
205
15
236
245
229
290
369
128
123
378
55
32
286
74
182
90
235
11
196
231
99
361
81
368
8
197
167
34
266
213
204
288
192
40
8
367
374
106
129
259
122
49
9
56
62
146
32
176
306
50
19
120
95
281
309
387
218
345
43
307
284
380
300
372
281
163
387
360
182
1
214
111
35
229
78
21
334
196
346
102
363
145
98
375
318
355
329
276
360
367
377
333
104
210
18
18
227
352
220
261
86
51
101
1
302
100
399
114
169
209
397
291
199
147
52
212
221
192
159
340
205
53
295
130
54
9
328
3
91
44
152
356
114
369
210
146
256
210
351
19
116
267
16
352
201
226
325
144
181
201
135
268
25
29
72
154
112
176
141
126
276
200
206
337
221
199
68
363
261
82
180
275
327
75
36
34
150
359
144
344
126
12
118
282
368
87
368
133
99
364
378
236
293
124
356
160
143
27
338
120
63
37
368
175
36
54
61
345
125
367
32
102
40
52
308
23
54
123
42
61
252
129
190
47
34
32
345
106
335
184
124
219
360
235
233
49
38
80
230
117
154
182
269
131
135
41
202
44
18
167
385
28
176
245
139
87
331
219
70
351
73
227
229
109
233
325
74
126
375
343
206
131
14
144
307
35
217
220
259
245
316
258
333
200
228
175
166
161
290
232
341
330
98
356
216
136
145
273
341
211
248
383
195
268
84
162
247
271
394
164
322
39
322
298
219
266
284
369
79
270
103
302
85
29
148
143
61
225
66
350
394
27
397
264
82
173
366
152
145
3
78
368
194
43
180
256
314
345
315
283
376
332
302
361
338
246
11
246
268
369
330
322
145
54
326
341
80
223
47
239
10
198
143
361
169
15
3
150
305
317
64
348
121
42
162
139
29
114
0
195
44
145
203
284
161
396
39
238
253
229
371
233
101
337
362
130
391
93
166
228
318
369
54
172
134
389
140
124
366
236
230
24
393
323
185
152
141
316
51
279
234
105
46
285
269
15
45
332
223
341
161
272
283
262
6
146
212
277
12
151
330
69
303
79
24
370
310
340
208
111
337
386
395
379
52
102
321
335
252
41
123
280
289
196
303
316
75
100
72
30
8
186
215
396
42
118
2
175
214
82
236
289
371
314
275
151
304
191
191
251
146
315
290
351
238
346
281
146
275
5
89
57
177
88
344
350
382
84
205
267
385
120
77
94
114
93
106
179
113
210
50
210
177
280
72
111
121
135
372
0
267
140
261
238
58
329
79
359
351
239
381
153
83
288
189
236
274
103
122
262
25
280
182
8
376
30
319
58
219
296
302
188
342
70
90
303
314
260
87
176
362
115
309
367
0
245
273
196
181
194
392
319
241
189
285
280
66
202
322
34
221
384
157
199
392
280
371
351
48
331
340
287
99
154
382
271
330
97
327
395
39
107
301
207
74
7
81
222
353
215
179
107
206
323
374
207
303
228
296
6
154
65
381
215
27
255
310
355
255
193
384
42
363
351
77
146
233
173
208
210
387
195
174
361
240
245
106
204
189
159
28
197
70
63
198
176
300
166
191
359
267
128
320
114
102
379
209
298
286
67
197
159
163
19
316
117
102
35
335
52
238
283
42
59
223
45
10
361
323
370
331
163
285
186
370
171
58
304
243
325
104
36
182
94
182
325
294
370
49
16
165
169
365
126
183
360
54
63
237
301
122
377
120
23
262
244
159
385
57
321
370
156
200
310
260
131
357
157
389
272
150
295
346
314
44
274
304
381
188
350
280
25
140
363
329
380
87
131
343
248
38
158
342
353
328
336
327
208
310
251
30
370
310
87
72
16
21
157
33
82
67
140
249
308
230
315
215
268
153
318
126
203
53
66
238
382
347
173
7
354
217
236
72
227
325
399
157
259
6
8
275
252
231
349
141
32
381
50
78
295
257
176
184
138
386
107
222
106
218
69
175
390
174
308
291
327
314
322
391
214
96
298
27
230
122
18
248
245
74
2
141
305
133
25
311
46
194
119
261
257
3
104
201
257
346
204
201
275
3
377
196
349
131
26
280
333
12
123
29
75
313
162
319
101
145
283
28
239
21
349
111
153
202
275
46
115
190
161
157
159
237
298
138
245
98
23
16
81
367
327
277
355
70
53
335
102
27
67
248
14
38
245
194
256
16
5
284
5
102
80
313
34
145
48
216
384
222
233
113
335
376
112
301
165
122
23
396
273
36
27
16
175
95
34
198
106
40
109
72
3
93
172
192
221
329
258
251
86
309
11
378
244
88
386
21
110
44
127
356
287
39
304
339
333
276
225
310
389
90
69
286
365
233
147
260
371
191
256
116
177
15
44
163
325
344
331
374
299
122
29
337
170
396
110
109
42
363
216
325
134
309
324
347
137
69
296
354
78
277
342
67
263
270
153
129
287
386
124
109
195
321
17
119
175
355
110
352
23
72
71
128
96
232
244
327
332
355
43
267
2
283
50
307
329
72
94
175
134
304
290
266
341
39
57
211
55
6
23
195
58
64
150
229
244
72
315
35
104
107
357
80
349
299
267
387
55
279
328
397
44
294
142
367
388
118
47
34
184
40
328
264
143
326
23
81
198
51
260
217
11
47
24
356
293
136
141
330
82
37
25
158
163
83
171
247
43
336
57
155
210
29
368
258
131
112
38
324
16
88
1
298
385
67
144
383
159
125
129
136
289
260
156
392
276
131
66
50
270
135
140
112
384
230
399
363
62
157
277
231
212
387
342
38
140
23
364
384
202
367
187
286
304
354
143
320
38
278
68
245
193
10
385
125
304
320
11
35
270
352
157
58
205
191
262
88
95
49
268
270
151
316
0
211
359
371
35
21
237
337
148
119
209
396
194
257
86
136
197
87
94
389
341
305
70
385
358
155
310
359
128
37
157
265
322
398
155
255
89
127
300
341
145
357
40
299
48
393
376
374
161
276
39
22
111
15
30
134
98
163
228
326
300
303
358
255
337
204
337
344
207
72
171
185
277
4
166
309
251
348
75
328
184
109
37
107
194
104
223
30
189
381
31
216
164
388
0
104
343
186
72
206
329
30
18
348
186
324
390
84
123
228
213
358
352
45
208
191
302
56
45
349
326
71
346
61
354
151
281
83
235
76
54
118
69
365
320
300
202
350
136
362
325
395
118
74
227
357
275
115
101
84
212
337
42
207
305
22
47
283
150
190
40
15
321
305
63
73
135
245
100
147
172
261
336
315
346
116
300
255
97
306
26
304
337
109
103
326
203
111
159
201
390
139
191
201
294
249
13
13
88
197
335
32
166
90
349
246
133
187
76
71
253
118
309
327
309
45
135
372
45
107
265
177
337
41
209
218
250
163
317
169
50
321
47
321
358
104
320
82
284
332
357
190
307
127
117
135
319
336
367
310
286
281
246
42
110
149
324
343
87
184
307
248
151
173
211
61
363
337
185
387
392
296
152
57
69
297
116
373
248
322
307
238
314
378
41
303
314
84
115
318
123
247
171
180
72
168
95
362
148
159
313
51
183
355
229
214
231
309
136
87
341
220
362
263
65
352
272
76
145
150
372
150
216
143
52
250
120
350
247
167
264
199
47
94
292
235
88
352
294
319
377
21
346
155
271
198
120
329
333
226
257
162
64
153
9
198
0
84
306
92
178
56
234
240
106
325
195
136
312
282
218
38
16
167
131
78
305
136
342
42
101
354
396
31
260
335
118
357
334
94
171
301
371
97
129
279
128
102
184
56
317
42
170
213
299
302
384
42
365
212
207
72
20
104
42
257
131
220
96
186
100
333
45
344
239
305
121
391
47
300
194
186
382
54
217
232
96
87
263
162
2
135
76
103
60
273
363
285
13
121
31
99
330
316
28
21
79
27
68
92
143
228
152
253
322
230
105
358
331
6
383
137
325
41
26
365
294
245
166
172
283
397
167
87
170
107
130
383
358
275
368
180
213
181
23
93
286
348
361
168
181
157
50
74
102
16
56
299
26
312
283
113
25
19
198
325
59
170
93
243
371
128
156
268
207
174
195
107
13
304
350
68
167
66
250
251
228
228
221
253
268
113
190
36
73
212
386
39
105
234
136
315
233
132
89
151
356
326
343
5
0
117
136
149
55
343
121
154
292
160
266
96
171
148
69
352
397
357
226
330
117
185
128
335
128
216
88
227
150
46
299
112
252
184
173
101
111
148
383
352
332
205
239
203
84
83
128
37
301
251
377
362
371
337
196
319
396
61
81
166
187
215
212
157
93
398
307
329
351
82
118
88
304
160
302
76
299
118
285
218
243
102
113
104
4
234
376
28
258
291
133
109
258
105
162
256
56
4
52
36
6
38
114
113
235
318
59
149
88
359
369
37
356
253
379
225
167
276
210
284
123
177
372
253
363
185
299
7
147
147
105
70
374
238
68
198
394
5
287
378
211
358
60
104
364
149
237
156
67
279
217
133
241
227
31
126
209
372
103
203
74
320
198
24
271
150
309
311
54
214
166
140
274
23
241
11
133
274
235
303
56
153
241
174
300
43
333
108
305
248
201
60
65
189
347
19
363
291
254
375
208
344
391
387
222
120
213
58
158
221
283
64
219
354
14
351
68
91
372
253
141
244
275
177
261
305
242
85
9
343
21
111
98
348
335
107
249
169
163
322
83
376
52
58
233
307
68
383
319
348
331
71
32
270
40
267
97
279
355
157
334
31
1
332
90
40
315
213
206
367
177
142
341
14
80
2
81
70
91
266
212
389
160
177
93
148
322
214
308
261
306
282
149
39
94
182
37
125
378
152
266
376
29
84
207
275
29
360
35
334
14
314
2
236
1
6
101
268
69
218
289
358
140
320
239
233
172
254
154
206
396
235
238
281
129
305
56
89
39
230
264
339
320
357
387
25
196
253
76
182
174
84
197
189
127
387
123
136
305
399
251
20
62
327
0
117
57
62
26
158
174
277
196
291
378
253
174
193
72
182
178
159
124
14
242
176
67
325
146
15
303
197
114
3
51
298
20
209
132
262
395
205
382
82
67
173
120
3
361
91
313
85
39
106
225
138
326
84
230
14
242
296
68
389
95
290
386
62
322
250
68
43
27
92
146
202
128
122
211
251
203
376
103
379
200
380
200
0
116
92
77
355
148
159
122
381
231
353
187
3
14
57
285
74
398
76
341
389
256
167
4
234
345
73
160
83
42
70
235
113
220
245
51
346
280
397
281
136
19
102
306
193
282
107
145
65
36
235
90
64
130
344
184
322
50
180
235
80
185
265
364
342
71
386
33
19
155
284
297
33
42
218
200
236
65
129
279
368
255
123
184
94
216
23
378
295
4
2
34
319
385
293
272
202
237
115
4
319
230
285
388
88
269
140
83
24
22
84
228
397
210
18
234
370
42
394
37
71
329
92
313
21
5
71
84
192
213
112
178
212
278
354
397
153
222
339
182
242
203
397
136
199
324
284
349
174
203
283
199
110
258
59
166
385
371
327
153
165
373
188
333
11
158
33
48
145
294
146
194
211
34
83
132
344
345
62
313
311
352
12
224
244
232
141
374
182
188
184
38
1
80
194
182
154
363
398
164
284
197
310
365
117
299
178
162
182
376
67
293
227
62
177
166
132
61
379
148
48
373
317
262
365
146
3
21
218
71
278
375
99
138
309
234
391
51
3
127
182
371
213
272
194
366
398
2
399
379
205
114
48
162
332
191
71
83
285
70
286
286
112
250
159
244
255
111
153
211
175
365
106
20
200
213
142
217
105
340
336
37
204
292
340
61
249
378
225
73
394
104
152
40
141
305
92
231
58
14
225
307
307
84
266
249
24
106
148
304
305
105
198
130
50
336
239
245
51
242
381
357
267
286
134
166
231
46
336
209
246
312
68
103
239
26
302
8
320
327
217
249
87
91
120
219
279
369
306
32
44
336
95
382
365
90
148
150
87
275
230
100
218
84
109
387
4
295
63
384
147
247
240
91
70
33
376
332
287
146
396
170
118
240
196
209
316
245
202
199
100
253
71
179
299
155
50
251
231
45
152
6
231
170
294
27
152
142
289
205
175
105
89
323
335
181
258
50
393
14
297
56
393
391
217
184
63
71
185
346
50
168
140
205
393
245
294
275
31
359
19
351
102
141
48
29
134
51
307
143
72
195
196
156
128
34
88
200
258
66
335
301
310
67
79
290
344
189
256
75
130
48
113
353
371
243
297
54
349
221
272
236
303
301
149
159
38
141
334
239
157
277
336
216
29
331
89
28
43
53
341
184
129
279
90
163
183
189
298
119
386
4
16
126
374
78
148
155
318
180
16
84
278
194
354
82
298
315
23
155
109
316
348
343
308
336
398
293
383
397
127
315
147
11
340
311
71
120
55
349
340
132
10
243
261
29
7
347
57
334
199
6
121
102
75
315
339
287
277
243
291
21
20
388
137
163
26
231
399
40
139
82
92
125
131
268
45
54
110
34
25
239
249
252
175
112
382
278
183
173
32
196
251
192
245
289
279
334
103
71
58
351
146
225
327
93
131
81
214
218
83
195
184
215
18
58
292
23
265
249
273
22
41
264
20
363
145
374
152
103
143
296
323
73
130
390
236
317
214
55
388
115
320
363
193
32
66
385
59
228
90
316
145
118
260
277
233
229
53
92
220
8
53
319
4
66
269
138
258
267
202
257
209
173
115
7
75
170
165
262
398
396
125
22
356
84
268
60
273
116
137
382
323
37
22
137
101
12
180
147
375
183
74
44
362
347
230
60
384
55
273
308
387
96
343
212
365
219
364
20
170
177
389
356
198
117
387
149
328
331
56
183
393
170
234
161
361
251
297
276
291
97
104
278
174
95
128
180
242
245
171
33
394
212
185
306
46
296
357
361
22
271
80
67
41
104
206
162
56
93
230
297
196
8
85
335
108
101
280
58
236
153
192
24
335
360
47
381
262
194
19
80
398
369
198
73
13
151
206
181
160
332
15
131
99
127
324
87
158
215
189
223
16
104
225
204
294
396
67
371
174
47
275
396
226
324
359
172
205
347
140
152
224
135
340
277
137
249
335
119
246
308
318
397
166
166
86
47
333
263
294
357
318
281
313
342
46
164
240
181
285
205
4
322
367
132
345
354
46
198
358
70
341
38
116
183
81
253
119
87
169
54
298
113
178
394
395
79
369
72
242
158
49
99
184
300
170
382
283
175
72
163
384
208
188
82
132
88
282
254
213
361
145
343
11
30
202
180
50
101
111
205
371
26
348
263
371
7
27
327
349
61
296
249
215
44
82
225
379
95
159
394
364
166
159
73
74
207
334
366
162
85
295
398
132
366
95
211
264
289
366
298
106
3
209
172
116
137
369
19
117
368
315
231
208
270
298
277
29
87
65
89
213
361
12
122
97
93
358
216
0
160
75
372
207
196
175
225
352
189
60
129
231
333
250
0
60
3
19
252
234
226
110
163
168
91
205
308
225
217
392
153
244
375
263
359
357
230
363
9
249
354
142
172
390
103
93
229
126
254
116
317
397
377
44
264
169
73
270
390
135
291
117
147
334
11
85
120
272
13
64
92
297
276
346
105
281
116
263
391
217
129
384
355
313
281
36
273
163
114
222
14
377
358
152
24
146
377
266
383
58
162
391
234
123
143
234
364
368
298
105
59
24
83
142
185
237
372
248
88
269
117
169
263
348
41
45
230
296
303
264
95
142
169
222
107
70
171
23
194
358
60
313
304
69
141
65
91
318
332
132
176
176
55
72
32
104
283
199
2
241
77
80
356
264
131
62
15
80
50
350
79
215
135
394
43
91
51
271
362
325
384
191
362
395
121
267
273
197
288
364
115
364
257
57
330
52
10
99
90
40
256
118
386
180
153
49
250
291
324
69
260
279
378
173
351
24
190
194
250
388
237
119
252
202
120
176
351
147
216
196
14
204
369
299
179
338
342
361
224
340
179
195
75
148
110
29
251
296
274
118
228
236
255
65
247
128
143
206
115
198
10
100
97
173
188
232
373
203
352
77
223
339
161
64
251
86
200
215
304
76
338
298
300
51
323
206
396
355
152
144
310
355
271
119
87
228
342
260
336
143
6
269
105
181
344
388
292
97
50
142
212
172
141
177
311
271
225
173
153
79
323
144
185
274
234
91
272
50
113
169
341
178
276
384
374
10
216
119
276
53
277
340
278
301
82
395
236
147
292
289
102
188
57
287
290
11
34
42
230
276
354
12
4
169
352
215
346
324
144
21
322
330
124
168
222
53
220
276
31
295
191
179
224
15
339
58
149
254
330
131
164
199
244
109
178
334
357
34
336
116
261
204
24
386
329
39
256
225
210
371
271
34
93
227
276
47
285
64
374
290
303
152
140
270
18
107
52
280
233
265
399
383
283
143
312
40
159
92
62
217
75
156
313
63
390
188
362
393
92
390
255
240
61
22
324
213
38
99
110
208
28
331
41
269
246
32
65
390
78
325
129
273
324
30
126
325
333
24
151
393
105
315
243
121
317
206
164
207
158
111
282
39
56
164
395
153
311
336
150
62
201
365
128
198
254
145
365
323
97
177
10
338
188
193
112
179
242
242
136
228
289
239
346
74
243
394
306
28
48
295
342
29
283
55
262
45
273
312
284
150
335
280
284
152
222
230
75
122
259
18
284
55
104
248
331
364
27
307
378
156
342
240
28
250
50
303
225
145
224
284
41
56
233
308
325
51
330
223
394
62
305
139
95
386
210
113
125
265
19
164
60
304
191
223
197
28
27
218
159
63
324
221
63
163
44
203
118
304
135
278
66
228
330
7
297
237
396
368
24
210
156
211
376
236
340
291
154
192
181
237
301
46
166
56
325
129
124
331
243
346
69
257
170
211
241
269
164
329
211
122
282
376
158
366
183
101
237
27
53
46
224
347
211
188
283
321
35
347
357
156
29
125
48
326
301
294
20
277
97
49
217
311
321
224
369
153
394
313
269
28
242
315
314
98
303
36
5
147
354
197
28
374
131
193
286
94
124
368
117
373
290
372
150
33
143
288
48
398
37
384
91
186
241
281
20
54
111
205
162
207
147
5
129
186
360
210
251
35
60
83
85
372
36
79
156
274
240
149
20
178
170
0
291
276
207
272
267
11
293
383
370
175
107
214
228
372
20
118
148
40
116
79
236
377
241
162
145
13
310
6
40
132
289
78
181
202
163
392
227
244
186
157
171
158
240
274
62
251
367
253
69
204
209
262
306
241
40
336
153
64
286
173
31
57
117
252
58
204
189
326
354
258
198
173
180
30
110
32
140
281
166
101
295
22
250
250
368
130
147
263
125
261
17
291
290
242
376
327
392
391
72
67
29
178
394
114
322
39
106
342
52
243
117
138
367
259
231
178
303
392
174
45
187
87
158
141
238
121
181
237
276
60
279
122
80
234
177
277
241
247
161
362
20
59
389
306
330
339
115
317
391
24
165
5
375
373
1
88
373
105
213
219
23
166
181
142
40
62
154
83
132
101
152
157
23
26
151
223
175
314
195
396
132
219
312
317
246
153
260
304
109
203
79
390
376
251
150
113
180
33
138
258
85
310
314
355
356
353
51
64
176
85
366
321
268
59
91
50
27
242
228
160
357
347
202
2
271
308
310
371
156
14
203
139
231
37
47
119
198
308
36
274
355
305
35
56
382
228
12
232
142
185
238
3
135
308
73
366
302
3
216
2
123
342
350
6
343
12
299
31
224
269
6
133
220
138
257
52
231
25
72
321
11
322
213
214
107
342
29
40
9
340
207
369
97
355
66
201
1
52
61
134
345
209
160
144
273
135
179
392
280
371
248
244
299
261
215
100
26
72
257
54
298
346
282
302
194
195
364
316
46
52
360
84
271
140
157
173
379
293
70
200
366
116
47
220
395
109
254
128
48
188
392
16
3
83
341
49
90
366
101
9
169
7
253
111
385
37
286
325
80
76
197
97
191
78
275
152
387
206
340
386
101
103
278
368
4
183
155
274
198
149
147
119
367
16
321
146
187
26
379
7
314
31
125
368
155
225
164
235
30
262
298
391
257
246
237
175
312
92
147
329
87
92
133
247
346
132
325
386
233
282
268
216
306
164
14
6
347
188
331
45
399
268
34
110
363
387
31
392
81
395
276
315
185
305
126
202
116
208
349
145
276
146
254
355
54
349
158
337
189
344
271
254
345
312
135
392
240
216
226
247
55
183
381
232
79
263
157
320
307
276
176
262
77
257
299
218
361
265
73
185
396
336
317
349
229
116
36
220
388
77
54
160
106
200
47
113
113
139
110
359
189
9
69
152
223
109
9
288
115
238
202
105
310
137
338
61
394
203
317
206
357
352
122
355
195
97
109
65
84
21
12
24
54
310
301
140
123
14
366
375
344
75
294
199
16
213
213
226
254
275
306
314
272
188
153
296
152
388
345
327
351
178
373
298
139
256
349
28
362
383
180
78
287
202
334
39
374
200
82
268
121
353
362
44
245
341
297
310
189
246
283
264
250
268
34
27
294
179
154
297
240
15
356
395
253
114
161
356
1
284
88
58
91
353
272
59
146
273
254
104
195
78
237
394
18
124
59
66
174
101
263
3
210
75
170
184
38
170
149
121
112
66
296
129
127
185
233
141
326
179
213
206
108
42
43
97
27
93
383
156
144
5
252
7
329
166
324
209
115
13
104
209
71
28
360
30
260
238
396
75
161
172
331
64
328
282
387
389
135
233
17
249
305
28
208
225
281
324
64
395
204
136
154
111
233
205
320
126
313
214
256
259
134
233
18
220
386
118
227
287
316
285
118
220
203
167
252
76
296
145
196
232
61
369
294
97
47
333
315
230
293
288
190
240
394
51
283
293
41
127
218
230
48
126
231
243
299
78
89
226
169
253
13
366
389
57
384
161
326
187
221
104
165
4
208
171
301
111
392
6
327
236
200
367
379
127
360
125
319
375
389
134
188
179
162
153
313
385
361
228
371
162
265
145
298
270
189
373
95
57
80
124
194
308
133
311
37
224
359
107
126
271
393
237
141
321
47
348
277
85
263
172
311
323
217
383
97
184
139
90
83
349
220
321
265
254
97
315
330
220
297
218
4
91
207
249
78
368
361
330
20
9
22
8
103
128
224
7
148
359
95
191
246
164
228
121
280
254
288
41
340
232
144
115
381
107
250
14
396
148
333
78
329
201
383
256
26
242
54
254
319
174
171
365
144
322
166
25
312
292
167
180
235
375
302
110
68
93
5
201
199
387
210
183
317
359
323
270
273
298
244
275
356
333
257
284
360
2
367
302
91
166
117
18
173
1
104
217
271
181
203
375
237
27
345
372
157
300
379
178
236
358
176
194
235
45
35
248
252
249
298
264
77
315
100
244
295
309
60
386
362
236
294
222
399
368
208
100
191
12
245
255
247
253
211
189
242
74
158
210
43
319
377
180
283
355
362
74
17
86
340
155
370
388
16
118
385
281
47
9
336
192
103
350
144
250
333
217
140
62
358
262
342
81
148
228
338
317
261
161
268
381
187
372
211
125
98
182
114
87
119
328
161
46
129
111
189
84
26
245
42
265
236
117
388
111
46
125
117
375
137
103
75
39
243
282
31
377
299
2
224
104
135
53
106
328
167
89
107
94
65
149
248
186
149
179
323
170
220
276
384
62
68
277
115
256
98
171
375
151
251
289
90
42
250
235
261
82
270
396
98
103
12
280
279
293
340
182
262
250
135
274
37
161
150
302
368
253
259
55
117
161
9
112
365
311
375
254
223
150
132
302
7
74
350
269
224
32
212
136
318
72
183
358
164
4
156
385
95
180
162
310
395
310
358
370
206
84
312
116
284
165
124
297
44
60
165
80
209
104
55
138
398
0
202
323
89
63
106
102
224
186
120
147
29
258
290
81
277
398
5
6
34
28
288
371
35
307
308
391
263
233
77
85
56
215
338
161
92
312
359
234
285
6
119
230
310
49
376
14
393
378
58
135
272
94
95
370
260
162
374
179
373
278
190
219
90
333
398
113
53
359
141
391
134
375
255
109
71
292
290
128
16
368
338
315
219
127
331
298
308
280
157
329
253
372
75
287
353
248
378
300
118
367
149
156
173
274
226
330
380
322
39
304
102
149
162
268
375
184
174
135
99
200
343
57
63
243
308
48
265
172
366
159
259
219
311
107
398
154
186
192
166
342
387
113
211
137
196
319
10
201
61
373
93
253
327
134
205
336
385
216
150
373
179
50
244
323
129
81
285
208
282
242
72
342
8
22
54
320
291
374
228
158
244
249
37
0
1
203
301
289
282
173
178
311
330
138
17
390
193
64
225
37
129
222
3
83
245
57
271
267
5
192
281
213
76
187
215
383
215
154
58
334
270
69
167
241
265
167
219
152
52
364
344
232
246
333
214
163
121
177
168
65
126
369
213
357
356
370
92
333
366
157
384
275
229
373
336
2
387
347
13
122
71
154
239
246
160
259
67
91
323
314
91
391
81
332
82
252
115
84
196
87
250
175
144
310
372
47
155
24
316
233
118
188
93
63
283
31
139
268
218
395
125
41
341
177
183
326
63
238
94
338
229
391
380
82
171
62
385
254
142
234
97
399
174
285
333
284
166
248
360
309
249
282
141
312
151
62
71
289
153
351
313
11
32
296
133
90
256
79
244
55
125
320
222
268
76
399
215
346
76
281
79
234
360
185
345
6
134
64
360
189
323
60
398
123
130
248
201
375
382
120
261
77
4
347
109
332
300
282
293
206
134
100
330
12
368
165
240
53
200
285
141
284
219
222
184
148
399
125
305
224
182
245
81
128
257
228
365
315
253
80
315
158
353
386
289
167
313
236
194
333
147
290
370
291
378
167
288
320
165
228
16
368
9
174
117
374
96
301
46
65
365
321
222
123
245
129
46
303
303
91
201
251
234
131
344
351
136
92
226
151
170
55
288
39
193
5
391
355
134
308
371
195
313
203
155
308
241
321
36
282
332
268
223
247
331
204
217
207
57
226
288
91
33
161
391
188
380
242
386
276
216
123
158
383
178
96
239
147
289
368
185
354
126
144
364
93
259
216
353
140
307
149
37
39
136
192
96
152
142
170
277
155
164
183
205
24
155
265
84
296
52
196
229
344
173
133
332
68
338
90
103
392
37
65
232
353
218
130
340
242
110
40
27
369
76
342
163
189
246
168
93
398
212
287
116
371
328
319
64
27
6
335
13
177
108
330
232
278
146
51
222
189
164
63
201
54
136
121
78
214
51
49
159
299
372
297
29
328
75
12
381
254
106
358
363
283
345
111
367
147
243
379
5
345
257
288
315
297
97
28
65
292
71
362
13
35
387
230
23
25
219
119
127
314
98
231
231
258
185
365
389
88
123
206
31
322
116
191
172
269
26
184
280
262
105
185
273
100
296
171
297
333
172
328
112
36
293
378
313
203
275
134
308
209
249
158
30
233
118
297
224
131
46
138
373
266
160
249
322
141
17
2
271
259
62
69
330
177
389
390
88
35
75
38
199
156
285
104
389
134
303
325
21
307
32
293
27
1
28
113
258
148
328
394
141
159
256
79
16
126
321
389
188
165
11
92
41
269
365
28
339
128
277
29
106
232
36
147
254
34
32
195
169
96
103
83
190
346
287
148
331
326
324
313
265
250
51
370
399
339
278
174
127
362
94
266
250
308
397
137
120
338
112
83
85
301
114
318
69
317
79
318
211
317
229
280
30
264
249
103
50
377
176
276
311
152
116
30
199
51
372
331
57
116
88
192
220
357
281
252
14
250
376
289
286
109
398
118
210
344
344
369
395
64
7
138
190
90
239
68
393
380
77
31
13
350
247
322
304
14
113
243
353
34
379
372
255
67
96
170
390
159
350
234
33
155
5
28
265
267
349
139
181
318
253
191
106
237
102
190
98
107
248
294
147
302
103
3
369
333
111
312
298
371
332
200
37
309
137
24
233
259
126
212
164
287
186
33
178
124
303
326
199
255
160
296
128
61
295
294
85
304
244
26
209
237
346
372
348
222
205
249
284
120
209
91
221
201
216
21
265
26
94
174
338
210
238
315
94
264
151
138
305
6
234
56
178
281
333
204
279
364
359
367
152
70
198
25
15
127
132
74
22
220
114
262
104
236
325
281
385
272
68
280
43
200
348
252
314
256
213
130
39
371
332
326
114
10
128
165
133
356
34
355
206
116
118
287
344
188
312
177
43
379
398
149
251
168
282
232
366
218
319
332
123
88
308
33
168
92
88
73
119
237
58
162
349
320
24
208
339
201
274
97
272
73
371
163
389
232
107
86
62
181
142
281
113
171
21
63
340
365
158
252
217
331
160
27
44
292
281
353
295
103
353
189
238
356
391
115
54
316
349
59
188
128
273
74
16
20
272
49
348
382
208
48
28
95
361
178
153
145
102
12
306
23
137
377
60
327
4
337
27
393
193
383
68
142
64
50
226
17
378
74
24
381
321
254
254
102
76
68
184
254
113
321
51
119
111
238
95
29
37
207
261
164
106
362
80
151
117
172
386
61
241
244
327
399
145
317
77
113
267
200
13
189
376
184
117
353
106
151
306
96
54
8
22
277
138
399
214
222
60
252
178
60
272
210
395
11
151
347
97
38
63
272
164
219
18
290
252
364
59
217
11
22
215
324
126
342
67
182
310
76
293
206
15
227
72
357
167
151
282
114
317
185
398
10
37
211
78
187
149
364
398
296
354
229
96
91
20
204
328
351
100
391
24
306
222
200
48
170
218
62
22
318
204
115
365
308
341
92
167
56
96
10
219
74
40
29
54
108
154
199
246
196
320
58
212
142
230
80
20
239
33
119
305
22
6
320
164
246
311
348
290
41
168
264
17
73
166
68
343
173
154
184
69
6
261
216
270
15
362
77
139
18
21
209
195
11
226
265
280
309
270
285
282
338
151
214
13
109
99
326
2
302
186
225
150
355
64
177
361
83
265
44
270
27
193
336
63
301
303
260
284
386
137
117
239
353
385
291
203
324
120
112
352
153
168
252
87
298
24
327
303
380
334
194
147
359
59
396
131
16
345
90
30
227
2
54
92
325
288
126
129
204
139
253
195
81
33
379
192
30
116
133
43
374
225
18
22
369
53
302
380
123
56
385
202
72
105
162
316
394
117
361
314
175
14
397
88
219
272
161
96
330
276
176
112
72
86
311
68
381
370
302
108
351
365
316
2
68
287
70
23
191
21
106
52
272
301
234
331
322
355
208
54
75
179
207
382
135
133
231
158
187
201
346
172
167
22
325
310
64
85
274
178
108
214
334
173
161
2
55
309
245
369
305
355
36
251
9
165
143
242
269
379
11
368
268
336
335
35
189
189
128
363
0
129
212
250
125
139
190
185
3
341
175
109
89
240
28
273
246
278
143
287
13
100
300
227
330
214
56
317
55
49
125
229
384
55
260
193
377
45
273
339
156
174
69
96
197
115
57
96
93
209
119
64
223
165
187
50
158
283
335
352
98
73
265
361
86
209
354
140
289
283
186
140
7
357
153
329
110
283
84
273
195
218
288
124
94
121
121
7
383
167
321
33
155
291
95
304
93
363
382
224
112
391
81
12
343
31
289
368
228
253
188
303
32
74
222
266
239
152
249
181
22
116
299
229
179
36
298
213
199
264
335
242
199
15
8
26
354
125
3
66
319
89
327
270
362
208
231
68
23
375
102
147
309
129
222
238
73
168
48
112
8
378
291
102
3
132
143
19
91
86
305
235
282
284
386
238
302
209
9
166
307
315
283
154
117
201
190
379
375
139
78
303
18
68
393
353
68
143
366
270
93
378
130
64
45
268
180
178
366
119
164
349
56
395
386
14
229
363
278
223
167
158
146
122
24
374
6
77
229
204
331
3
208
195
59
334
352
122
76
3
13
389
387
143
357
169
7
28
113
180
350
204
233
174
28
370
353
171
398
43
399
117
329
201
7
65
154
55
83
4
78
195
286
292
328
264
127
173
380
313
80
197
233
55
42
300
296
324
286
25
334
82
191
284
195
11
70
115
242
383
359
288
364
380
313
203
170
30
161
235
167
23
85
219
383
51
285
321
367
259
341
172
83
207
107
68
376
377
344
361
216
141
80
356
306
24
138
152
248
215
154
44
213
378
349
343
174
338
141
198
320
75
126
89
266
100
214
256
376
325
358
185
269
359
198
253
308
123
88
115
266
258
108
295
248
390
178
259
126
397
326
355
38
202
192
115
321
144
183
152
106
324
259
118
226
155
212
165
121
180
292
334
0
217
243
341
297
55
318
82
356
177
220
372
206
130
14
295
27
39
91
97
83
50
35
164
98
281
209
145
398
224
22
251
147
376
226
369
304
386
182
347
281
50
297
178
327
26
311
290
220
344
235
10
345
328
335
370
387
302
377
181
158
396
158
363
298
152
311
303
240
146
178
47
34
188
240
352
273
120
133
257
221
157
385
35
373
376
291
63
262
334
139
136
171
110
86
397
53
180
238
170
310
346
78
70
216
150
215
100
162
317
344
96
358
168
298
285
4
331
184
104
53
306
107
180
35
170
323
234
366
282
39
78
194
303
17
51
336
144
177
34
142
226
264
216
89
326
22
152
151
199
365
277
19
284
101
122
193
35
157
305
275
1
105
278
204
16
89
112
222
20
384
317
334
145
209
19
11
135
92
329
267
363
144
192
77
253
363
283
5
183
60
285
126
197
111
266
99
194
36
18
271
74
346
25
97
59
277
353
32
340
266
225
387
253
276
276
1
303
347
15
350
33
94
94
343
142
338
356
209
368
312
240
88
297
8
83
342
198
206
285
35
244
310
32
45
384
96
219
9
33
63
79
47
246
331
239
94
17
353
232
161
107
56
32
321
66
304
166
308
223
194
154
200
107
306
77
340
33
186
204
255
341
95
394
10
1
195
260
49
122
4
123
337
252
74
13
136
98
45
284
82
163
42
130
71
229
43
70
266
183
225
214
322
31
76
232
350
245
67
336
364
193
172
105
335
239
112
271
128
0
122
211
77
182
195
172
299
254
65
382
312
153
384
21
394
198
376
361
17
39
199
293
230
7
116
260
182
287
123
356
9
274
237
230
244
104
183
119
347
337
67
60
227
349
158
112
235
70
104
24
183
122
139
208
311
253
52
338
332
3
395
332
230
316
367
174
197
87
69
371
11
57
120
220
65
5
348
302
230
106
93
340
80
150
386
36
69
347
156
229
341
387
394
36
74
74
319
313
130
172
141
115
343
25
65
106
40
67
266
104
79
260
206
399
87
273
311
40
108
323
392
84
197
310
6
85
269
160
60
68
241
390
236
69
25
67
85
203
115
157
117
219
93
317
329
59
354
74
328
315
90
87
161
178
116
286
286
130
379
293
163
267
149
379
94
89
120
370
111
251
306
186
20
164
387
165
55
67
260
177
193
150
295
230
0
301
81
339
48
257
60
40
350
173
49
361
89
261
240
246
393
49
7
110
392
368
350
359
331
54
102
337
273
153
302
169
228
109
232
106
274
303
15
95
29
323
5
139
14
73
303
369
217
356
382
222
176
35
172
253
180
83
374
390
174
305
109
165
245
11
363
216
296
252
202
357
114
53
38
68
114
60
309
162
254
278
36
362
182
207
87
249
142
354
399
24
207
192
172
2
397
88
259
246
281
239
367
2
72
301
205
292
187
190
388
116
198
178
333
93
232
376
361
200
127
301
337
382
287
369
68
299
202
249
380
66
383
138
95
47
222
167
23
259
259
385
384
394
294
280
370
323
99
371
249
9
393
381
215
15
355
199
335
99
160
70
169
160
246
119
286
127
296
4
204
269
138
124
222
389
327
360
61
128
303
226
304
270
96
263
51
13
158
189
72
99
16
372
387
339
42
89
381
245
47
146
193
290
77
276
27
215
21
291
217
388
59
52
228
46
19
47
234
160
143
269
218
323
277
211
149
210
77
168
362
259
58
218
367
257
51
177
46
341
210
260
53
148
26
339
143
341
344
203
157
286
69
200
35
148
349
212
357
277
21
111
348
169
146
90
348
84
121
296
142
82
314
343
96
52
358
65
85
197
100
115
174
129
373
120
166
366
361
76
325
227
133
83
62
29
68
319
215
173
284
196
377
12
342
270
242
150
93
295
387
357
329
58
146
292
336
184
331
206
19
200
307
354
73
175
98
349
51
43
376
123
194
387
176
