29
180
35
105
388
230
118
326
399
110
391
152
187
88
123
223
42
130
66
369
391
374
212
27
317
32
108
56
209
6
252
270
215
227
383
53
239
157
379
184
26
137
110
10
373
339
191
349
248
139
169
19
213
71
96
45
152
336
244
302
51
89
363
378
275
391
332
122
108
71
376
305
147
323
41
328
6
313
126
5
388
338
255
205
313
370
280
59
88
49
66
342
319
380
143
48
214
54
179
111
305
200
258
233
316
237
128
133
42
99
315
163
336
360
102
335
357
187
176
311
124
324
316
315
59
214
317
155
111
86
320
356
12
24
106
112
27
90
35
330
69
186
128
321
387
131
201
24
112
107
352
181
203
370
138
245
147
104
316
23
300
16
66
42
382
181
42
17
25
284
188
58
140
331
158
174
378
380
60
217
91
179
43
20
121
60
272
317
111
304
30
122
380
253
151
372
186
172
53
194
77
308
229
178
358
128
377
93
125
357
240
369
267
262
125
235
199
283
274
340
294
202
219
260
258
35
165
13
359
215
218
29
325
119
123
231
323
70
355
348
41
160
92
183
110
232
41
229
89
109
114
80
161
361
358
193
119
303
76
75
385
108
10
362
53
380
2
226
352
208
374
332
235
6
170
283
394
139
106
174
42
364
360
78
385
273
103
75
21
290
225
287
133
340
91
353
267
374
153
77
205
254
261
88
387
115
197
341
280
267
55
167
148
376
39
384
0
46
146
356
193
224
14
358
105
131
6
391
185
239
49
233
114
319
261
34
374
153
226
106
287
289
260
68
312
370
99
348
177
347
379
223
203
155
63
278
90
223
121
191
269
255
183
365
394
328
145
15
330
319
264
356
244
220
379
36
397
32
221
7
378
107
39
359
382
394
68
87
35
205
186
16
387
320
66
311
226
254
243
296
92
42
290
246
360
272
136
61
130
206
107
155
28
398
95
333
227
130
137
293
226
319
253
394
149
94
112
114
382
152
232
56
311
147
344
325
46
244
10
397
28
245
316
50
392
15
387
360
280
45
177
78
328
290
395
391
17
264
367
108
280
169
25
110
365
219
379
159
27
379
258
330
88
384
369
337
382
261
163
127
115
234
29
277
387
307
58
269
157
289
215
393
250
179
159
128
177
295
82
367
222
33
180
2
274
52
336
358
83
353
129
184
183
86
73
34
338
170
159
249
139
111
153
354
364
240
398
181
108
353
249
113
206
129
112
184
261
176
376
324
345
36
97
196
20
377
158
250
142
98
53
300
111
48
320
384
329
330
342
140
9
348
107
388
293
209
236
173
374
99
79
382
147
17
331
11
204
345
159
60
295
108
340
224
296
30
47
384
256
51
64
364
276
213
327
172
62
318
172
41
248
341
238
294
174
59
144
193
360
102
59
180
256
394
34
343
59
133
251
78
294
168
264
105
158
20
88
385
140
283
74
111
6
298
265
296
95
55
257
291
167
73
110
374
15
74
90
15
225
257
397
327
100
151
115
295
279
147
39
91
212
284
388
231
237
269
165
213
221
343
275
18
48
214
195
317
126
106
90
330
34
343
290
191
272
97
240
195
208
163
251
194
71
393
287
32
285
103
398
75
84
189
385
325
120
318
34
27
41
196
133
30
252
160
265
187
326
358
71
222
300
92
163
78
91
46
127
211
325
99
393
62
46
143
46
137
325
304
176
152
376
102
78
351
227
155
381
82
262
394
27
194
262
98
267
255
307
49
241
150
43
30
298
107
360
44
375
72
365
107
244
198
311
76
98
234
315
238
326
263
202
143
134
149
191
258
383
291
209
329
65
174
109
304
379
259
206
161
11
241
12
342
389
303
92
143
167
339
314
208
0
97
240
227
238
312
190
239
363
154
343
50
350
268
175
150
383
363
47
116
351
391
281
40
390
329
376
145
138
263
256
183
369
157
29
376
196
96
255
375
166
211
158
361
270
204
10
126
240
99
181
218
394
23
24
14
281
79
320
286
211
257
278
340
240
87
63
64
379
243
106
365
396
2
293
46
69
241
13
110
114
361
183
377
131
289
362
166
398
42
203
245
330
277
379
42
159
265
76
282
65
136
187
298
88
253
114
222
59
22
222
293
282
196
183
165
253
41
67
220
171
120
117
73
195
83
2
77
395
392
206
255
236
193
319
223
284
324
349
338
203
144
72
291
109
188
184
48
301
366
90
82
282
276
367
261
338
225
235
230
98
13
339
280
167
379
384
52
373
172
162
227
116
281
382
231
313
183
71
229
137
334
305
383
42
58
106
134
214
124
252
258
329
208
324
89
239
132
312
21
375
35
260
184
382
200
195
282
208
163
250
122
9
70
262
31
330
39
338
167
277
3
328
328
0
392
365
73
3
86
146
164
375
388
300
291
240
342
335
303
210
78
69
343
64
282
174
306
254
164
329
124
389
84
334
148
198
278
309
31
51
372
366
16
95
397
5
87
183
97
382
315
384
120
87
337
40
156
38
205
247
331
235
315
364
307
10
12
179
291
234
362
26
234
243
256
236
57
128
10
50
103
283
312
14
238
101
128
152
370
357
124
251
74
103
157
278
34
163
81
84
152
107
259
34
325
84
265
351
240
197
72
228
183
103
122
41
391
307
391
315
174
329
76
398
217
28
367
262
292
169
193
121
326
34
379
152
100
7
77
272
225
302
102
219
79
299
381
355
133
310
251
180
24
7
245
358
173
279
150
147
48
9
110
75
166
337
73
236
8
105
193
332
286
89
350
92
297
97
90
361
121
170
75
184
201
97
104
77
46
157
77
190
244
353
365
216
10
231
380
153
35
156
260
111
240
143
243
83
309
74
280
383
290
146
367
135
47
258
121
195
287
258
156
44
203
2
211
289
326
279
363
312
220
351
2
185
380
179
338
213
130
178
297
57
197
65
57
180
197
253
372
210
375
73
120
130
212
93
144
22
99
15
123
394
163
204
81
177
153
152
342
22
258
262
249
229
345
375
386
36
182
144
330
399
226
223
24
225
292
229
61
261
182
240
310
215
244
373
102
396
1
8
206
155
356
338
394
90
292
286
82
69
131
309
19
365
311
325
199
243
378
81
356
61
25
229
133
211
79
296
315
231
107
28
198
4
96
358
82
204
97
253
303
251
248
195
106
393
64
389
256
112
374
172
296
194
323
301
198
32
79
381
399
102
259
69
50
169
335
276
147
252
320
112
173
316
382
243
254
376
393
377
90
242
1
292
386
5
289
315
89
34
98
281
364
33
387
7
191
370
335
236
186
360
28
327
64
20
299
262
122
13
263
347
86
382
172
27
176
232
0
253
13
13
196
362
332
139
253
293
138
0
30
47
165
252
37
131
11
219
92
331
271
140
298
210
66
29
189
226
115
38
204
389
259
382
67
250
288
30
264
286
129
329
42
255
58
312
277
378
276
264
127
383
111
32
32
10
221
307
37
397
197
283
278
67
2
353
0
17
217
303
261
151
18
329
82
128
259
175
380
118
397
59
215
300
125
328
300
326
369
43
188
301
385
136
229
265
127
340
51
162
399
69
134
11
275
82
340
315
306
291
95
270
239
211
15
332
76
280
334
144
71
246
238
61
309
132
303
394
198
136
197
88
127
118
269
32
166
190
238
160
380
259
120
183
83
392
393
208
277
92
255
182
301
38
279
177
114
13
254
68
173
266
173
6
127
168
366
327
122
327
317
311
48
106
309
2
202
221
388
216
186
344
259
291
320
296
271
103
309
290
66
253
118
0
187
46
394
343
46
355
17
65
124
51
129
389
81
43
118
69
134
362
104
169
196
182
200
380
396
235
371
307
197
348
237
75
155
99
309
230
235
100
313
256
223
207
161
377
279
263
270
341
240
265
63
358
330
379
397
189
330
361
251
129
287
31
118
375
88
38
20
148
344
154
151
100
290
384
294
98
293
305
255
246
134
11
394
20
71
33
258
292
182
71
295
83
345
194
204
153
366
226
48
131
193
386
151
145
195
229
359
297
11
356
307
77
177
212
155
154
89
245
179
380
129
250
146
187
18
175
105
9
84
72
76
218
28
237
69
95
150
393
280
8
50
353
122
261
257
316
22
97
297
101
192
306
45
212
232
25
117
308
72
304
287
369
161
388
196
189
254
228
300
339
235
357
197
149
176
4
249
308
101
361
137
308
331
284
194
268
204
60
295
302
195
316
1
314
267
252
221
197
9
23
34
119
119
231
344
310
102
166
64
95
41
180
125
285
380
131
26
157
130
314
33
288
282
368
140
85
42
9
188
326
118
319
256
368
138
357
185
384
23
139
132
212
206
257
224
129
306
315
308
304
265
376
197
7
220
368
319
350
130
36
107
238
48
10
291
80
373
329
396
226
220
166
295
22
62
242
84
399
78
309
216
23
383
63
187
14
234
71
175
1
146
185
324
46
261
99
251
35
307
6
53
223
32
140
108
333
36
384
373
6
296
35
136
22
389
224
123
83
85
118
368
287
373
306
15
378
54
102
102
25
129
341
355
200
9
36
145
217
17
277
295
172
93
347
166
337
347
33
179
21
20
251
398
288
238
380
343
301
161
102
238
17
66
214
112
14
323
115
176
282
354
254
206
316
231
395
247
383
26
224
140
380
310
87
73
106
215
54
220
133
366
176
248
357
326
41
157
262
298
395
391
182
254
291
62
12
50
267
291
344
352
111
124
265
301
65
299
266
19
35
182
1
364
100
360
190
341
70
393
170
337
60
106
92
248
175
389
282
284
237
242
232
317
177
260
148
4
335
5
322
236
79
64
352
340
330
358
292
226
202
387
300
257
34
222
253
397
103
261
325
43
142
139
197
396
312
291
10
173
220
21
33
203
223
309
177
152
367
128
119
65
117
225
271
200
145
138
199
49
110
110
81
231
16
308
144
24
353
362
118
299
364
362
106
281
27
291
258
176
354
22
104
338
316
120
311
247
156
112
205
29
271
79
299
361
68
213
189
212
114
371
100
380
295
163
248
211
69
303
11
6
53
210
52
135
113
210
398
354
184
249
140
173
198
171
85
292
180
304
99
353
308
229
362
289
235
88
288
150
352
283
138
162
105
100
225
169
11
351
8
197
367
90
242
239
168
219
156
329
193
359
338
149
192
223
189
365
368
153
132
192
354
144
270
58
97
20
153
288
140
85
222
144
171
62
74
268
150
148
199
64
359
289
248
277
187
210
240
167
262
292
376
133
175
50
186
51
288
135
26
9
353
366
12
90
113
30
274
194
150
368
316
142
249
21
365
92
19
44
101
345
112
161
58
82
14
290
193
3
332
356
254
291
67
91
101
294
79
142
262
193
99
8
278
128
37
8
303
259
189
125
135
379
286
199
109
29
171
177
280
105
188
39
166
39
144
317
33
397
395
118
85
196
205
116
187
249
378
301
320
5
89
36
218
274
203
320
149
111
338
377
18
376
91
92
160
236
14
211
298
389
96
150
76
43
218
391
214
325
275
253
21
307
222
328
228
159
218
69
249
88
209
206
102
18
12
290
259
349
191
209
54
131
88
121
371
336
332
288
155
198
18
67
86
0
255
25
30
333
53
168
325
159
344
205
39
27
303
339
79
330
56
46
337
262
257
163
360
306
267
17
103
323
208
222
126
372
399
93
382
376
35
107
298
309
30
143
301
353
316
369
4
261
213
186
101
120
214
115
12
162
339
135
193
278
177
236
58
117
279
18
358
95
243
201
220
107
344
366
160
345
2
311
223
226
247
317
355
286
311
326
386
236
152
343
93
13
63
315
85
70
111
130
54
100
19
284
81
110
144
333
261
219
364
113
228
221
168
353
360
337
28
32
11
28
146
96
245
250
114
75
125
9
305
216
381
91
183
235
103
150
56
353
275
255
254
335
191
82
81
33
277
49
175
161
222
249
205
143
230
201
270
171
120
127
361
143
354
276
217
224
95
135
173
303
378
115
120
109
95
95
108
237
325
272
87
18
50
126
66
181
124
154
55
236
35
189
234
96
129
149
341
378
298
372
392
58
25
156
49
2
387
71
383
88
295
205
14
17
397
129
218
59
305
4
330
184
391
213
271
135
151
252
181
63
34
144
7
336
45
321
208
195
151
170
83
233
126
30
172
301
322
360
105
386
21
112
33
293
20
321
149
388
241
337
357
352
82
288
21
146
189
139
266
162
37
254
297
55
52
319
177
348
344
77
148
225
22
139
85
317
58
373
121
376
84
239
259
81
11
367
167
145
196
256
235
173
394
256
243
276
359
6
128
55
143
64
339
313
288
358
7
159
350
159
302
208
178
215
104
60
297
323
199
284
150
355
367
199
255
67
356
280
95
58
258
309
121
383
5
3
285
219
376
378
216
298
35
398
124
291
196
7
277
254
289
3
97
331
319
122
390
277
112
366
302
192
356
104
169
284
34
196
169
203
90
132
311
41
137
220
331
376
76
309
222
180
150
134
0
313
88
374
108
78
301
129
229
314
62
135
169
203
217
253
149
371
14
8
130
275
262
138
294
66
275
95
326
159
119
344
359
151
186
292
165
202
244
108
69
240
319
182
386
354
233
74
240
290
265
302
179
46
398
101
193
253
219
318
27
10
342
241
148
1
352
96
162
276
25
18
151
345
41
380
156
141
145
329
397
124
221
237
109
218
131
330
52
353
242
213
167
293
364
333
53
4
172
346
212
172
110
5
255
267
354
47
222
328
201
268
305
87
167
68
116
3
57
399
317
61
32
271
249
215
103
169
116
264
232
290
113
90
4
175
133
231
186
297
84
89
298
130
379
323
331
333
181
172
182
92
388
275
382
223
77
151
301
163
139
142
273
378
212
59
89
87
326
220
83
334
279
312
154
285
282
341
243
331
262
377
219
147
165
314
244
399
107
204
58
203
339
252
220
247
209
395
373
70
76
380
185
334
242
213
381
33
242
255
186
3
360
98
376
325
157
350
9
333
111
329
205
63
76
240
86
295
32
3
186
52
134
125
361
83
37
151
323
23
136
293
0
245
260
122
399
237
196
76
285
255
137
26
103
140
106
305
299
346
28
119
174
258
32
261
399
256
345
292
252
47
386
97
230
290
170
396
21
334
41
185
163
85
126
360
356
260
264
287
363
116
55
116
42
74
199
14
271
105
296
21
360
239
25
235
314
79
131
397
26
280
228
311
231
43
276
254
169
361
45
308
67
160
299
160
198
0
147
147
284
260
241
196
246
293
355
268
371
100
314
273
395
169
165
320
38
200
85
294
99
55
234
107
73
328
111
287
395
305
278
322
268
328
27
172
232
229
376
349
209
63
155
382
186
142
347
223
155
360
85
96
307
273
246
88
368
359
243
132
279
33
218
65
164
205
313
297
150
89
275
237
257
275
196
131
233
312
70
286
187
172
108
364
312
33
360
147
348
72
340
320
307
266
278
30
306
361
254
137
336
159
142
80
258
191
379
387
131
29
18
114
49
134
252
322
205
180
263
384
228
7
32
149
38
9
336
292
321
169
100
32
50
252
79
5
72
114
186
1
94
388
233
0
268
49
72
343
146
352
256
119
14
371
24
19
286
311
318
203
27
285
20
244
55
107
116
388
78
343
87
254
359
297
112
96
388
211
289
140
356
153
185
223
143
214
254
285
63
138
211
393
68
321
94
21
338
43
220
362
220
65
342
396
34
279
353
84
156
84
51
322
175
162
191
304
248
80
99
345
241
317
399
6
143
187
179
201
315
226
339
177
277
8
124
377
168
392
113
239
284
333
4
164
240
295
119
17
240
247
222
87
274
305
225
266
78
329
231
387
252
211
202
124
207
386
182
91
319
202
108
77
355
313
261
3
384
131
40
317
17
205
296
296
74
55
269
357
86
328
65
322
101
384
184
332
302
191
57
292
66
165
392
201
367
224
287
88
232
69
150
319
343
380
190
333
282
311
10
135
317
220
189
0
385
362
349
123
142
114
24
229
23
104
272
167
281
85
343
219
246
17
334
392
21
366
65
144
242
251
230
47
397
326
69
91
287
284
235
142
199
223
105
342
376
256
135
68
281
374
282
337
100
341
368
345
173
381
179
324
382
300
307
303
260
220
37
42
114
238
220
24
206
22
150
131
7
5
5
371
150
59
178
161
162
51
264
165
163
198
302
233
267
367
26
84
36
364
49
105
167
148
36
143
342
370
351
149
85
187
248
342
381
98
205
351
395
161
122
101
301
351
147
111
342
239
313
67
322
128
332
212
217
224
379
266
139
86
188
89
339
271
234
377
2
19
354
137
337
204
84
179
130
390
1
65
150
363
260
181
136
322
387
249
40
83
192
28
45
297
274
68
395
140
211
220
79
29
218
375
214
30
94
55
259
394
384
12
38
381
232
103
371
99
56
276
139
264
18
272
293
54
269
99
235
278
26
274
113
257
103
331
252
113
207
394
324
142
91
194
329
390
77
105
165
219
10
221
127
129
72
142
217
25
333
25
224
277
86
28
121
286
249
321
312
42
128
378
275
267
277
64
375
340
265
186
374
85
369
377
370
141
378
355
57
23
45
60
121
295
135
331
49
186
237
109
174
51
297
224
364
210
399
193
349
83
26
201
398
136
234
180
397
58
234
251
214
283
91
365
187
68
263
302
35
341
10
138
270
206
61
172
84
198
5
358
278
25
160
318
258
18
38
249
279
294
377
57
290
40
352
22
261
267
319
169
144
183
40
106
119
94
298
296
345
151
44
277
162
43
246
387
305
398
9
321
137
290
244
309
133
372
270
362
228
161
98
392
154
126
12
102
325
373
175
206
237
16
305
216
240
309
356
139
231
90
155
295
4
247
325
281
219
124
262
105
258
228
1
62
200
273
54
78
343
211
385
56
349
51
162
294
282
231
28
114
245
302
111
390
33
343
342
397
28
382
333
232
314
197
279
224
253
218
301
324
241
157
56
275
175
177
100
203
40
230
308
65
357
260
15
154
356
212
262
12
53
376
196
317
46
181
160
325
202
96
166
67
62
396
356
229
283
164
137
359
119
141
327
359
323
109
372
57
315
307
262
155
48
0
136
397
85
374
385
216
249
385
215
28
47
368
9
279
139
257
234
298
313
276
83
381
295
218
30
130
36
345
114
69
203
73
392
240
6
189
83
223
356
296
140
382
36
223
269
398
237
216
335
29
27
369
170
149
174
333
357
160
166
188
369
143
341
357
28
356
341
235
7
224
235
39
171
15
276
391
224
80
73
51
128
376
97
165
381
223
143
267
75
355
86
36
348
218
312
123
3
51
2
92
178
369
271
374
270
325
195
359
305
13
351
266
213
230
393
153
234
18
97
216
361
181
192
264
159
82
291
121
23
285
141
261
298
349
97
74
390
99
109
243
377
388
358
365
115
34
50
311
323
31
204
298
121
148
345
0
226
72
383
222
89
244
372
85
97
269
325
110
40
64
281
90
127
296
108
167
271
74
21
207
187
150
234
50
146
24
50
187
347
307
231
297
341
250
260
37
390
388
138
53
395
293
254
321
2
75
331
382
49
272
132
179
261
201
190
118
264
42
336
192
291
266
373
128
125
4
55
325
134
5
195
72
170
212
235
65
387
9
195
347
271
256
130
242
340
185
300
256
173
128
139
72
85
173
280
63
236
216
16
143
159
7
192
382
3
252
228
385
380
286
43
355
113
143
331
333
335
89
72
230
142
320
187
239
304
84
237
131
287
174
204
6
347
299
87
117
226
97
125
142
249
108
193
286
127
187
241
379
146
45
67
288
274
316
328
253
370
289
298
267
215
156
353
62
221
148
360
205
17
150
146
296
118
157
101
153
226
66
223
123
107
261
119
98
148
312
11
170
8
138
197
191
29
214
211
370
148
83
141
327
90
300
7
217
161
17
222
370
1
285
247
285
101
6
86
119
276
132
395
299
392
302
390
135
95
193
217
8
186
8
353
68
213
206
8
232
156
192
126
294
123
108
241
222
355
57
364
111
224
265
54
322
13
113
140
65
44
104
167
158
184
226
288
232
298
296
0
176
294
277
276
136
329
373
192
291
96
287
257
328
339
19
6
129
270
36
161
147
109
14
244
258
88
221
12
263
301
318
117
29
237
186
328
201
347
378
291
30
38
80
176
124
310
371
203
148
265
269
293
265
292
200
21
146
226
392
228
365
263
191
318
376
25
32
236
279
25
378
392
341
127
190
139
363
219
49
284
231
288
292
313
137
223
75
226
303
301
232
196
100
310
333
70
157
280
311
41
383
151
308
362
37
136
209
334
231
165
123
86
292
91
312
100
255
354
177
233
57
175
217
391
155
361
193
140
399
392
39
5
263
55
286
288
372
99
347
135
123
318
327
173
54
378
398
136
261
304
57
306
181
390
378
48
267
361
154
86
27
58
33
190
307
129
253
20
126
69
341
136
0
71
308
392
260
161
3
54
375
48
198
366
393
282
210
224
380
242
195
9
44
303
286
80
303
290
332
211
322
119
347
93
208
292
333
207
91
391
116
293
368
259
15
3
206
296
31
141
16
257
398
72
323
73
75
9
139
201
307
130
398
201
179
170
99
86
181
85
397
87
277
306
73
183
120
122
258
164
53
300
219
393
335
289
254
101
276
371
133
22
153
32
123
163
380
233
131
18
326
17
230
116
45
254
25
258
289
396
201
216
45
127
151
176
174
74
356
63
1
47
245
58
81
279
16
71
121
384
106
157
231
389
213
214
86
132
332
99
338
384
109
132
41
135
226
330
393
152
158
25
344
47
341
43
329
88
264
124
145
232
130
2
391
92
205
266
37
90
247
327
225
148
351
198
199
383
220
312
181
79
376
364
232
81
202
365
2
101
1
286
227
17
239
40
383
130
155
296
280
56
363
165
283
126
373
118
369
94
79
222
245
374
100
321
257
171
141
202
245
57
348
313
200
173
243
352
222
26
100
107
168
202
20
204
121
355
62
299
51
9
185
12
96
342
345
361
78
295
145
43
121
243
83
41
51
303
92
134
328
94
369
313
151
230
106
300
386
211
257
273
57
54
320
309
148
391
10
273
166
323
387
79
281
221
95
259
321
37
119
278
309
286
372
166
42
226
298
282
16
155
350
240
70
248
335
141
40
176
76
130
291
237
212
149
316
24
276
24
284
352
388
129
285
105
88
175
218
244
186
31
111
187
107
44
134
197
184
346
273
13
391
43
380
336
364
363
312
307
331
364
305
345
377
49
314
182
158
333
185
381
102
135
83
34
267
387
0
397
254
323
170
305
294
288
279
326
233
171
128
80
355
259
288
370
81
385
223
15
87
379
364
148
176
107
315
221
63
215
214
300
126
247
111
334
236
83
284
371
299
242
398
4
289
269
304
39
269
214
19
314
119
237
262
95
38
238
198
75
80
75
90
221
14
179
351
177
240
331
376
164
42
156
88
393
312
216
28
348
15
125
267
372
302
211
245
322
81
316
43
193
90
236
294
382
126
85
154
354
282
247
320
259
226
352
350
310
24
52
230
149
241
290
269
48
131
338
191
198
151
335
50
229
323
346
94
190
329
208
227
273
24
108
300
341
346
390
5
299
303
219
210
216
371
161
35
309
81
239
155
384
71
216
220
250
290
260
99
51
192
370
36
302
292
389
48
60
18
96
318
192
25
327
40
350
21
355
58
317
74
269
204
196
162
248
45
383
281
358
130
192
264
156
149
82
105
109
31
72
339
165
127
276
290
194
37
182
268
147
314
335
65
181
111
355
19
344
177
81
208
189
254
367
118
262
224
289
255
64
146
357
85
375
154
83
145
200
104
48
381
358
384
228
325
260
5
353
381
184
86
183
333
302
228
249
246
330
36
186
339
307
376
158
316
124
393
37
218
159
226
132
13
90
90
161
221
79
109
86
143
246
297
250
23
140
72
321
106
169
372
290
316
280
330
313
287
25
388
340
77
328
131
379
9
291
256
73
248
73
285
298
296
262
360
362
314
98
285
42
243
14
308
177
380
116
73
167
107
387
186
382
87
112
21
336
279
318
65
157
33
261
183
82
120
295
347
301
201
181
368
43
214
87
360
93
152
283
155
176
35
237
22
340
384
381
165
246
58
232
107
351
283
303
387
144
37
23
285
226
177
54
353
332
341
104
113
167
121
210
48
315
262
14
312
275
244
45
173
339
388
265
335
284
342
194
120
162
162
129
183
233
381
64
245
340
194
301
303
324
379
186
241
110
255
192
123
180
126
357
310
56
299
211
101
196
60
231
370
310
351
188
184
355
149
292
399
155
285
13
346
315
257
391
302
148
153
386
244
389
96
391
2
270
231
112
365
171
98
181
178
200
389
16
88
130
110
31
264
281
247
390
244
105
60
230
131
399
26
310
190
24
118
272
172
12
16
349
237
255
108
126
133
165
84
139
42
91
57
217
328
164
37
343
74
264
289
333
379
313
319
278
230
166
287
241
343
68
193
227
186
321
217
190
11
46
97
188
171
9
347
19
162
91
56
330
86
207
195
221
250
169
350
210
372
41
60
240
158
198
113
182
192
210
378
240
338
39
11
346
104
23
237
85
81
118
381
393
8
307
252
205
318
290
153
381
159
171
363
96
344
125
197
97
352
128
88
330
368
399
322
115
170
265
326
376
145
334
119
272
286
152
21
144
118
265
190
156
332
106
169
193
303
50
232
343
30
249
137
276
40
34
320
322
348
44
248
190
88
305
309
381
138
59
238
386
67
192
36
364
224
221
83
102
1
261
266
232
387
336
254
373
35
328
64
12
249
274
212
335
209
247
77
231
13
165
184
336
292
119
294
153
122
162
352
344
369
317
222
252
397
362
31
282
7
301
164
185
108
107
227
59
125
19
346
108
314
125
111
167
210
17
61
268
81
377
94
393
296
210
396
358
234
216
36
32
368
16
316
211
189
157
77
271
374
326
378
163
265
220
102
109
177
314
292
174
357
225
102
323
146
249
26
359
290
54
99
43
125
34
208
378
292
280
166
186
314
264
393
108
115
263
162
102
170
199
303
14
334
378
327
4
270
56
98
365
321
193
338
332
136
173
7
119
263
392
97
128
43
317
247
160
98
230
112
38
129
323
367
189
38
141
368
231
186
125
386
199
40
167
250
56
267
178
269
157
79
285
28
384
120
311
333
21
56
180
279
56
213
274
375
330
279
73
195
343
155
191
282
238
240
71
193
23
155
125
344
22
52
277
379
89
192
149
27
201
358
30
289
352
314
362
52
299
217
16
39
311
356
222
316
153
386
270
250
116
177
90
198
355
98
368
307
194
83
342
67
250
41
337
381
64
289
82
392
80
248
46
202
388
26
271
146
215
2
151
200
227
274
225
232
22
204
247
94
313
133
141
184
190
3
223
43
338
357
72
12
316
346
382
316
340
300
226
306
236
227
118
273
229
337
148
52
315
343
253
90
353
17
375
330
224
186
34
215
204
211
304
67
197
140
345
347
72
323
57
297
225
234
170
100
391
136
333
109
226
289
173
186
297
166
65
128
247
239
214
320
298
120
0
372
197
69
251
290
291
297
10
133
98
295
143
205
52
358
200
328
372
333
177
57
230
84
278
370
353
281
251
130
298
294
364
209
185
190
274
389
381
305
101
122
106
271
74
53
67
245
9
135
204
66
389
335
21
337
315
376
258
352
18
290
222
238
143
141
108
273
92
71
20
101
133
304
174
306
310
368
207
246
26
0
272
104
6
265
238
222
73
230
255
175
119
322
111
137
314
284
360
293
338
368
61
179
194
41
179
198
208
375
96
141
331
20
91
223
332
376
313
306
137
153
305
332
281
120
59
251
67
228
132
211
74
217
43
305
90
173
105
182
304
235
66
225
173
69
171
215
35
226
111
113
333
7
190
157
58
256
246
378
8
114
231
33
139
114
35
220
180
91
317
149
318
308
252
53
342
228
266
22
379
151
41
94
87
137
261
277
148
365
52
28
377
116
6
262
334
31
282
64
348
108
313
51
122
383
284
360
108
102
332
345
121
229
389
103
286
95
331
157
374
295
46
314
35
221
97
346
354
67
27
244
138
39
91
115
320
92
37
373
105
391
256
274
180
164
117
154
174
97
261
57
374
344
40
176
266
225
80
14
245
319
193
325
396
123
84
148
14
183
264
48
289
246
369
169
398
144
4
263
160
5
243
208
295
96
170
390
168
353
245
158
128
117
356
370
8
42
280
140
324
388
284
171
309
234
93
266
225
328
42
379
276
59
190
72
212
61
77
246
204
294
231
157
188
127
52
307
92
136
331
215
110
44
84
233
291
377
221
33
351
236
281
216
106
299
361
138
236
353
394
334
14
362
20
351
291
141
382
206
5
255
354
266
251
90
352
300
279
196
294
91
75
152
79
333
288
284
340
283
91
139
54
319
155
365
132
253
359
23
6
35
396
296
261
164
256
178
297
172
209
300
269
59
286
228
360
23
109
125
266
195
47
358
209
313
371
86
8
73
134
307
164
138
48
366
94
58
355
69
239
207
332
110
358
396
135
325
160
395
201
28
235
237
389
206
124
180
308
80
321
393
191
289
378
3
78
203
312
332
15
100
319
62
315
252
177
85
220
243
98
176
1
244
352
210
23
66
385
95
367
23
133
124
272
189
186
117
130
331
11
227
277
1
273
19
150
119
373
112
93
176
295
213
223
314
44
217
233
389
293
265
144
259
393
386
176
134
196
11
62
61
170
120
25
329
281
178
166
122
70
136
145
380
120
29
99
108
224
11
69
185
315
317
87
286
158
297
87
207
339
257
49
359
323
379
87
399
27
77
112
323
175
120
256
212
353
36
306
198
228
179
174
302
2
129
305
158
262
18
344
245
156
305
142
141
294
40
255
320
312
188
68
150
123
220
203
104
170
383
269
320
147
346
251
144
166
56
168
44
83
240
183
318
72
221
263
391
319
372
74
323
238
272
103
210
25
134
242
48
93
197
384
311
229
194
182
146
314
17
190
22
268
47
385
214
378
244
198
84
40
80
3
74
299
304
123
101
99
355
352
174
25
394
139
173
196
120
74
125
169
58
11
115
91
27
264
196
146
87
82
355
87
37
264
361
391
343
120
297
391
58
26
126
21
146
294
103
304
321
74
204
183
174
61
207
360
146
366
346
68
55
132
175
339
169
56
328
256
275
277
122
263
186
240
292
52
93
326
36
230
156
276
272
352
53
129
345
339
152
381
62
66
150
60
293
227
385
338
192
292
324
324
195
253
159
56
284
224
120
389
65
95
228
325
337
167
272
237
302
325
235
287
104
185
29
66
331
227
265
116
314
50
102
267
266
381
377
173
164
380
293
293
18
234
286
201
281
361
172
134
377
89
165
279
218
172
89
223
168
210
363
75
0
54
69
149
81
374
300
376
90
103
248
56
243
169
129
7
112
319
88
49
190
20
144
322
352
360
187
116
25
359
273
368
148
321
44
34
255
156
165
316
127
286
168
248
376
15
368
290
5
134
139
126
50
123
322
372
200
178
377
189
95
281
390
360
329
131
78
263
295
365
131
146
142
314
232
247
255
107
264
277
250
166
169
383
341
274
60
174
236
239
2
288
235
183
243
236
110
368
150
210
353
345
145
102
99
123
161
5
74
348
313
113
327
340
158
393
142
286
50
365
326
370
286
347
270
293
220
359
23
49
387
366
367
399
19
209
206
218
109
289
58
68
61
375
345
307
236
311
353
44
57
15
346
372
300
205
191
284
116
218
229
311
269
170
156
291
14
46
291
390
284
174
319
103
336
330
62
33
164
46
70
16
14
392
303
136
180
117
354
46
303
254
263
319
176
222
32
349
386
189
211
398
148
242
353
196
152
199
122
184
123
287
202
123
22
399
247
187
68
345
175
319
73
296
172
174
92
23
287
68
358
233
38
252
378
247
97
250
70
361
187
250
362
50
116
369
344
384
348
264
191
378
375
319
268
198
320
114
84
392
306
87
316
129
103
396
61
382
367
312
51
282
214
357
181
9
11
60
326
335
149
208
392
251
105
55
269
207
151
232
92
60
371
219
58
361
97
76
305
100
145
5
177
68
176
165
115
223
125
55
133
169
224
257
65
236
130
203
80
369
2
187
212
312
237
24
252
323
218
19
169
190
354
289
317
133
128
312
260
166
122
260
166
342
277
99
301
95
273
33
251
135
234
295
25
127
177
53
131
142
205
261
395
0
276
384
350
151
56
131
147
189
188
325
321
377
368
10
396
328
310
241
239
278
211
393
358
158
259
383
61
319
312
136
109
283
127
248
185
261
55
378
314
370
16
15
166
44
306
288
114
228
381
364
119
133
28
42
7
251
0
364
154
246
132
21
349
253
328
310
93
173
383
283
141
142
139
18
4
153
211
394
365
358
22
71
363
87
317
276
339
100
29
31
293
40
299
124
314
145
308
55
333
289
206
32
20
158
131
150
115
390
71
138
59
304
68
172
80
32
165
171
235
55
371
218
377
67
249
362
61
366
18
199
279
318
317
108
335
263
238
300
287
47
118
265
105
10
279
199
95
216
155
317
54
195
201
139
87
395
343
283
275
297
259
0
57
332
207
19
307
154
277
146
190
395
59
327
365
78
380
382
20
140
282
111
250
191
20
226
6
261
311
161
385
139
42
334
288
381
350
137
274
95
129
212
336
220
188
265
174
258
87
145
207
186
236
385
241
335
202
17
322
71
191
52
239
346
153
217
81
239
75
248
246
156
85
50
26
65
128
256
137
64
276
384
162
106
350
260
32
176
119
134
367
56
279
39
282
118
145
362
328
331
207
196
159
350
335
71
247
228
386
195
37
78
29
21
293
171
102
95
210
277
46
249
54
369
155
283
264
8
59
241
217
250
99
249
322
138
67
342
21
245
159
347
85
16
259
346
394
88
9
213
373
249
269
68
95
168
95
216
75
382
328
265
354
347
390
189
232
112
88
399
113
152
305
329
213
89
115
221
116
313
212
363
116
180
30
254
111
175
170
310
202
82
109
115
249
284
262
11
324
356
167
349
332
299
332
33
207
207
368
271
137
103
34
351
122
68
318
24
270
104
6
289
41
363
374
23
112
166
257
53
272
77
374
2
392
171
10
364
301
206
397
386
397
365
244
363
315
289
203
90
372
38
188
359
70
351
137
54
269
149
277
182
52
52
321
136
133
254
316
118
362
185
208
163
28
40
219
199
96
388
180
118
285
160
127
340
45
366
350
26
330
177
352
387
255
89
396
253
260
79
302
369
166
50
114
122
313
49
35
13
346
344
167
245
294
162
250
283
292
82
206
10
110
58
383
288
356
272
5
273
117
104
235
190
299
399
366
231
84
5
215
108
23
55
270
344
180
167
379
174
269
113
316
75
63
320
322
378
306
306
253
27
172
100
33
261
132
143
236
369
215
384
34
333
174
21
175
148
299
199
361
303
285
325
125
366
183
337
91
24
388
394
92
197
60
14
201
323
199
342
135
123
378
72
51
283
313
42
45
64
285
278
309
98
393
166
212
5
73
193
103
25
214
269
382
398
151
4
170
236
88
93
241
43
266
324
95
29
86
37
389
73
291
350
9
81
132
335
325
260
93
140
328
316
50
349
235
211
67
252
207
360
275
257
83
20
354
66
378
55
283
181
134
351
399
351
236
241
372
325
158
43
283
359
377
374
385
306
181
344
19
20
372
357
245
170
52
354
98
232
54
289
33
243
207
250
16
340
71
387
145
329
236
250
332
98
225
183
114
159
86
286
260
5
344
74
32
21
29
173
158
41
151
12
201
277
345
306
339
243
378
22
285
164
259
145
227
241
117
387
145
91
299
15
193
388
314
255
284
23
334
272
81
99
99
241
154
161
209
136
197
81
151
26
385
50
364
375
167
180
247
215
188
313
104
77
317
93
93
353
112
114
150
115
343
330
195
1
76
204
362
181
116
75
245
387
397
311
145
51
181
203
362
343
264
248
187
132
83
146
31
389
334
332
104
198
50
366
152
106
178
19
64
144
118
356
366
94
78
14
68
356
383
379
206
141
110
112
358
66
20
15
9
84
349
50
359
55
333
96
133
183
298
276
35
256
225
49
287
234
127
200
332
80
275
144
266
319
70
324
320
185
43
305
319
103
142
276
200
229
83
178
57
166
6
236
327
252
238
377
229
345
119
334
393
62
297
18
27
331
161
225
296
92
204
326
91
330
329
301
207
13
219
184
40
357
85
72
340
266
302
331
326
25
316
292
217
165
91
166
167
177
68
195
219
30
392
363
58
221
271
140
253
17
270
49
76
294
166
250
258
38
117
135
192
277
354
102
51
102
195
36
274
334
232
358
1
329
259
185
0
212
366
143
328
96
178
249
48
375
72
242
41
141
70
183
53
372
75
155
251
152
245
358
328
182
349
311
32
233
182
109
213
123
72
129
165
252
270
49
282
385
164
99
44
310
65
151
13
160
318
248
132
110
162
67
60
176
231
200
98
68
213
57
99
44
13
160
184
209
280
399
297
156
51
360
30
135
59
40
203
114
394
10
398
287
70
241
264
383
158
126
48
122
36
347
118
82
37
9
38
216
2
283
44
193
12
365
102
124
258
45
258
175
378
27
9
150
81
297
7
60
50
330
333
66
50
358
29
355
248
214
245
102
214
164
384
365
105
205
153
194
282
324
288
343
168
18
34
281
258
232
83
75
182
299
225
31
86
313
203
285
226
144
221
25
24
215
192
54
336
23
306
243
93
90
212
326
396
248
73
120
281
355
259
135
316
170
91
261
373
7
338
115
364
299
52
175
192
33
306
89
241
360
58
58
44
21
106
246
263
337
16
94
399
305
214
261
360
69
136
50
124
196
298
302
393
257
188
158
299
339
73
149
124
389
338
263
89
113
196
261
173
182
131
294
332
93
84
161
30
10
199
337
109
7
16
171
117
77
61
192
244
107
256
348
123
38
201
233
371
230
154
236
286
348
362
352
292
349
206
170
351
88
65
238
350
20
362
22
110
51
41
352
302
150
74
87
194
10
300
171
142
78
370
239
193
267
101
47
319
396
221
107
111
184
135
222
71
277
78
314
227
57
297
217
167
135
130
171
288
324
136
72
225
97
130
76
47
365
302
54
266
48
313
224
233
206
359
238
220
238
134
278
327
297
345
265
397
310
92
279
60
34
224
363
155
94
368
39
202
270
197
137
348
93
286
31
132
149
99
371
176
174
233
35
314
213
288
107
114
199
184
162
396
112
256
14
133
330
31
27
210
123
369
183
267
57
191
237
183
171
142
344
109
175
144
327
359
213
253
105
143
197
59
253
254
3
253
162
40
165
204
305
331
40
258
207
65
244
207
245
175
347
60
153
37
8
2
113
133
368
7
137
61
123
143
105
260
226
150
37
213
299
142
103
135
7
396
269
310
305
114
22
10
102
274
374
171
355
336
33
152
37
69
283
272
243
259
370
197
18
82
129
34
199
132
251
347
306
262
338
290
112
182
248
73
75
28
66
116
369
205
362
170
328
283
222
325
255
267
311
48
327
189
308
78
319
150
349
130
8
242
8
351
190
300
152
319
80
215
178
236
96
389
210
358
320
188
146
172
33
66
340
118
358
199
168
115
89
156
209
183
276
232
307
343
70
287
324
345
80
42
134
51
332
397
169
127
16
190
315
204
67
24
385
211
117
158
75
60
208
64
54
313
12
160
335
326
255
90
22
157
363
399
66
273
209
87
238
193
177
125
269
310
381
276
160
192
114
133
256
160
180
59
392
248
60
247
40
241
169
34
132
174
124
72
368
145
328
37
225
335
324
345
233
23
102
361
343
263
97
379
382
308
271
162
330
157
367
250
144
123
104
148
221
399
36
177
260
263
379
75
67
228
298
133
313
9
28
219
164
73
305
375
40
22
22
359
113
155
1
81
356
349
213
222
343
357
176
361
8
252
159
208
137
166
56
66
137
354
96
159
188
212
204
314
153
290
247
266
81
237
62
124
198
182
365
337
76
255
182
5
156
213
60
239
377
254
139
117
61
219
156
17
348
137
216
266
325
22
294
365
208
91
178
67
178
308
14
179
359
341
281
20
39
342
310
100
343
319
38
341
394
340
387
332
264
174
76
185
230
311
126
340
147
131
382
97
266
7
192
363
185
158
159
260
203
202
391
224
121
28
178
152
357
309
323
43
295
141
59
233
330
3
67
158
9
269
302
111
348
291
32
235
33
163
258
163
178
336
136
343
327
87
372
70
10
191
175
224
145
301
390
93
349
232
291
384
381
256
300
156
65
190
189
92
331
167
200
141
235
343
208
54
291
315
139
202
204
120
133
281
80
332
107
244
16
215
327
278
351
26
364
59
96
10
65
246
394
276
23
239
350
388
308
39
364
79
248
343
1
139
29
139
104
239
316
270
390
133
265
257
84
255
380
135
268
396
52
354
193
303
98
79
115
374
85
69
96
374
303
130
113
189
207
131
107
98
2
326
321
160
31
49
249
210
27
383
37
62
137
116
299
165
387
311
350
347
71
299
325
326
174
152
12
122
49
63
265
48
261
155
141
74
137
323
69
40
375
177
232
41
69
275
56
102
174
260
81
109
322
380
140
138
117
248
306
135
306
352
179
395
21
224
62
229
98
10
345
12
14
223
180
95
93
348
299
209
156
273
386
273
120
224
121
16
355
187
392
277
185
14
240
264
42
27
219
212
189
49
182
188
288
193
259
134
313
70
235
112
390
339
224
306
208
172
254
25
201
60
228
350
167
220
51
28
232
363
219
129
390
89
278
159
268
57
325
233
136
3
11
113
396
185
93
388
293
355
301
244
111
113
83
381
320
8
119
94
38
221
316
274
27
140
61
8
118
85
339
167
340
149
116
361
322
145
294
71
23
188
115
161
225
353
302
39
149
357
303
384
104
133
46
26
340
74
171
388
11
278
342
250
31
345
331
245
90
287
61
362
265
313
5
83
206
16
205
337
334
334
191
122
102
237
394
393
399
31
167
261
387
312
293
100
36
114
289
175
300
87
63
152
53
162
5
345
6
190
79
215
11
33
196
372
135
269
69
61
392
286
172
183
332
149
338
184
55
72
357
303
396
229
56
312
88
336
310
183
324
0
310
11
94
100
184
23
251
205
361
324
376
94
385
269
227
57
201
307
355
317
338
181
302
145
219
133
217
174
337
395
188
57
0
214
102
183
100
309
159
1
371
346
134
149
316
200
36
61
59
33
165
233
364
242
155
15
252
249
58
26
115
87
185
398
341
167
189
269
277
163
18
336
131
144
320
345
221
82
299
252
101
213
49
190
269
138
103
307
94
262
194
354
118
156
336
151
280
229
286
94
146
113
91
380
80
163
311
156
47
266
283
336
45
12
45
318
263
231
14
15
268
48
37
345
56
188
328
36
172
267
86
243
310
88
272
166
200
360
278
2
176
60
300
73
12
117
43
31
363
17
275
174
69
378
358
359
8
153
39
244
30
221
86
68
365
231
125
203
254
28
146
134
192
255
82
221
71
192
187
324
35
92
91
298
16
315
393
326
320
211
332
210
373
228
242
52
195
17
256
189
54
308
10
279
51
205
330
131
216
89
307
104
117
295
60
218
343
290
144
77
52
346
369
364
310
300
286
177
273
31
388
196
186
261
174
362
228
22
265
379
383
73
308
356
48
78
282
317
162
193
66
84
222
352
109
15
102
226
25
184
282
26
379
380
314
73
155
110
231
120
76
131
294
26
45
366
138
301
267
365
7
207
398
32
314
124
8
289
72
101
235
395
386
15
397
353
39
53
154
279
96
343
167
203
120
200
202
92
246
105
56
112
359
82
129
338
6
353
184
322
78
27
128
123
4
25
380
99
283
336
252
240
185
43
366
147
14
105
282
329
209
162
32
366
287
6
18
353
394
51
123
54
140
303
334
3
120
192
64
357
293
57
6
348
246
164
17
233
125
18
292
211
319
225
75
396
64
290
66
133
163
41
112
116
163
239
283
106
36
88
330
319
37
59
125
383
226
2
396
309
13
240
143
121
261
303
4
44
37
259
228
18
19
63
3
181
76
61
50
292
136
215
96
392
368
213
126
256
240
128
287
308
327
258
73
149
85
182
117
380
372
2
200
309
228
216
52
128
246
70
259
9
96
380
10
158
245
119
241
344
348
244
366
224
203
163
156
266
154
146
298
167
261
336
186
9
21
46
182
190
254
209
233
63
359
348
257
224
186
16
259
272
378
387
183
223
164
96
75
256
11
284
261
68
260
176
47
273
379
394
328
222
290
104
365
14
378
115
341
292
106
295
386
163
375
71
158
347
120
292
138
252
257
159
242
373
326
217
210
69
348
113
229
80
68
390
107
94
24
206
61
123
164
398
90
60
181
170
47
216
83
374
25
365
312
338
221
66
283
289
108
220
305
230
44
88
390
147
342
230
217
278
135
104
172
86
295
395
254
289
118
235
288
155
79
255
246
45
195
94
347
206
245
268
263
249
46
59
194
373
212
298
366
378
275
40
32
9
250
326
76
118
110
309
125
247
184
61
85
248
50
333
150
372
285
270
251
35
217
198
275
199
141
341
86
30
68
264
269
304
194
91
296
133
62
275
119
73
38
27
274
269
113
28
74
117
265
375
51
113
49
156
114
165
7
60
165
33
337
252
132
279
228
162
160
142
241
307
160
33
24
309
182
354
339
320
180
257
262
240
277
173
389
163
98
205
251
180
236
109
15
140
267
57
126
302
275
295
200
349
195
308
209
390
270
229
210
295
1
275
31
242
301
258
260
393
322
200
135
0
258
68
121
117
44
35
386
77
266
51
371
337
243
59
122
321
382
53
299
44
305
393
242
129
247
264
308
262
59
164
295
163
258
38
12
371
134
100
343
275
242
232
386
191
330
238
397
183
130
289
6
282
165
349
61
6
134
216
138
211
175
164
172
234
104
87
51
233
32
138
201
266
147
20
351
227
213
395
47
69
354
96
174
268
259
324
390
374
281
308
391
151
185
278
87
9
38
242
286
75
297
249
245
161
39
347
378
224
334
91
393
167
371
337
194
356
335
243
210
192
7
14
225
43
325
215
380
31
315
99
92
257
136
237
129
141
59
318
218
349
392
95
177
304
309
34
115
224
325
393
118
45
302
238
86
250
315
251
144
394
106
354
21
162
393
281
265
13
257
45
150
66
195
260
254
161
324
280
353
18
95
255
215
293
109
319
321
77
376
281
393
16
279
41
67
274
256
62
354
1
182
241
82
9
291
15
326
226
395
92
141
299
252
110
133
353
44
253
127
331
333
197
18
199
147
364
365
138
183
115
194
270
203
11
168
115
178
254
280
312
100
324
326
4
315
79
196
347
107
154
259
366
95
43
235
240
294
131
86
224
374
387
280
93
101
293
53
203
109
194
91
132
124
329
296
256
73
3
45
292
180
399
2
23
207
120
53
191
253
318
349
188
363
240
94
377
21
320
201
33
165
130
56
203
340
136
231
288
112
29
211
109
172
106
95
340
290
312
323
179
271
327
230
139
331
29
151
221
54
382
86
116
24
40
396
90
271
233
153
96
159
101
99
145
30
21
97
139
259
218
208
135
281
138
49
21
143
73
50
363
399
371
180
357
133
271
272
370
379
209
39
186
293
105
345
202
382
197
334
209
90
122
173
309
278
162
327
27
170
62
392
13
301
43
247
178
189
363
16
176
203
173
270
275
55
253
138
346
110
212
72
178
25
209
225
70
179
262
164
250
184
389
182
342
96
322
254
130
63
17
395
146
348
369
270
205
316
162
24
147
398
33
115
160
88
328
232
238
243
286
249
36
337
326
7
259
302
208
61
101
214
260
11
158
340
194
11
377
125
18
339
77
341
187
174
102
194
272
26
151
247
385
271
371
86
245
108
216
186
213
206
343
286
198
221
304
246
339
28
383
216
329
348
10
313
56
357
266
339
272
162
106
3
377
131
147
281
38
92
235
229
243
48
156
386
45
41
24
63
369
260
205
88
118
19
125
260
227
71
369
233
83
367
111
194
160
267
93
311
277
340
365
272
172
308
156
38
194
163
284
104
354
150
56
7
339
146
231
300
298
305
103
51
340
237
107
82
118
47
282
371
225
237
15
382
49
254
70
88
198
246
211
342
214
62
93
10
102
27
229
225
232
230
130
107
27
72
276
75
375
108
83
121
334
324
91
198
144
138
148
382
240
381
350
369
315
398
166
347
94
294
151
17
220
25
246
293
152
297
239
384
51
84
235
295
222
389
329
335
310
391
366
275
75
208
149
81
130
159
280
382
251
82
123
249
179
322
155
196
152
74
111
52
388
394
326
394
347
286
39
11
293
348
73
373
375
152
128
183
155
30
365
366
38
175
276
228
198
127
232
39
120
266
181
319
290
74
319
77
160
180
53
265
141
283
144
41
194
336
204
323
60
280
103
115
188
99
0
151
12
103
8
143
35
167
367
194
94
351
92
218
266
30
282
231
387
94
84
210
336
16
279
131
3
349
180
349
350
264
151
366
12
169
392
226
273
285
222
372
5
273
235
336
150
50
19
53
127
308
31
81
16
75
389
3
19
353
164
168
309
311
89
391
228
306
193
210
7
32
67
106
108
71
63
105
383
38
213
77
159
57
121
371
152
354
122
142
314
225
205
274
229
62
206
126
231
387
278
68
41
89
232
343
330
39
211
1
197
335
50
366
44
200
306
253
272
5
96
133
296
119
120
352
339
329
225
31
145
233
309
196
13
51
208
369
21
80
254
205
206
245
163
172
350
296
179
156
266
143
43
87
306
135
335
295
323
38
383
319
4
342
330
86
39
186
239
304
229
231
43
396
254
184
197
136
41
356
53
287
65
264
79
172
263
217
52
392
287
369
92
144
267
161
362
298
122
328
302
171
280
212
19
237
329
300
116
239
168
160
238
366
178
369
189
287
383
243
352
107
237
280
94
103
298
70
367
78
260
387
57
297
296
75
207
164
61
300
302
19
1
346
216
161
399
76
333
264
53
383
197
354
158
322
130
351
374
356
345
264
2
47
281
188
136
279
267
175
364
239
127
270
223
366
194
257
225
100
88
202
185
5
239
368
398
223
228
194
19
110
239
248
63
16
40
356
62
177
308
131
377
306
56
324
200
23
301
47
379
336
364
344
191
267
318
356
326
245
309
100
275
69
110
141
223
231
374
243
145
300
276
240
314
322
123
267
349
254
44
91
6
332
8
132
130
320
209
322
171
268
58
15
344
190
256
370
177
201
325
35
36
325
50
368
361
206
284
271
205
180
70
305
333
354
319
160
161
266
150
168
28
49
302
275
314
282
250
180
375
398
341
344
349
211
392
166
220
389
147
221
367
248
46
257
374
210
39
285
63
56
150
10
124
291
92
350
113
153
311
80
274
286
251
65
125
124
142
208
184
80
217
6
270
66
118
372
4
231
276
185
179
351
23
367
10
53
183
136
309
311
94
378
24
47
96
390
364
217
41
281
151
216
353
160
100
46
26
391
286
208
347
235
87
48
261
167
230
121
355
243
47
157
367
324
290
38
63
13
98
387
164
234
159
157
81
250
64
144
271
363
304
205
31
44
118
222
215
60
245
311
120
234
105
149
355
77
70
371
231
175
8
397
257
34
66
64
198
21
178
87
180
104
41
225
24
68
87
271
88
226
211
364
181
75
27
332
228
93
244
391
257
335
20
39
398
248
42
11
308
242
193
277
344
154
3
261
268
122
86
137
285
240
318
262
195
283
41
93
64
373
107
364
215
43
333
363
113
210
331
149
59
324
350
3
139
329
37
299
321
48
20
335
4
160
188
302
356
101
373
344
353
192
150
189
30
171
285
273
306
374
16
29
277
166
84
157
375
171
331
181
197
391
274
282
100
399
283
181
302
150
135
103
59
273
392
368
155
31
301
277
390
38
109
399
215
136
127
19
67
226
174
189
342
151
258
227
337
258
297
348
106
373
245
108
28
129
229
86
362
101
180
18
68
235
200
311
58
250
70
191
118
222
45
185
161
282
274
341
202
369
307
383
337
56
273
28
8
1
88
27
285
2
6
274
28
132
25
78
39
127
235
356
351
246
390
44
262
365
3
23
352
46
241
276
283
282
56
365
293
302
138
125
346
249
66
228
251
106
89
183
110
317
107
21
277
273
180
33
346
364
0
144
148
186
68
200
179
223
55
361
187
230
320
226
387
216
23
22
100
25
234
385
160
293
45
298
222
276
355
339
74
34
143
85
14
115
138
96
327
57
364
350
201
50
77
388
142
71
257
170
14
242
76
14
56
73
232
169
161
102
3
395
312
34
21
147
37
6
197
246
53
273
317
12
60
390
235
266
371
96
11
147
373
165
230
267
122
344
342
157
53
135
146
76
368
368
359
149
323
202
42
130
66
394
185
195
282
367
156
208
61
218
128
93
161
119
5
195
87
101
229
347
349
113
121
291
384
370
274
234
294
233
324
392
188
31
93
3
143
258
291
237
342
158
300
279
261
190
145
200
178
196
110
97
55
85
208
26
127
30
380
113
312
90
321
65
201
281
160
126
81
370
219
105
339
24
339
385
31
283
122
248
32
278
143
367
257
221
238
267
24
267
339
140
66
310
269
323
253
251
24
136
71
290
248
92
213
38
256
365
38
370
16
50
334
381
20
41
49
28
359
310
223
348
226
385
337
3
344
132
13
215
13
213
97
341
354
70
123
145
109
187
225
198
76
284
59
8
100
336
386
177
216
3
371
13
6
98
78
132
302
263
5
265
347
131
53
150
79
368
113
108
184
326
384
192
284
159
224
318
358
298
346
59
371
57
277
97
170
265
384
112
45
181
364
261
291
161
144
2
237
251
381
158
225
323
1
126
347
134
152
208
253
256
341
207
163
101
349
246
174
200
168
297
177
138
343
51
75
290
99
309
186
275
377
105
74
259
147
278
333
250
330
109
322
337
147
304
57
382
311
132
208
295
16
179
295
370
117
261
278
159
305
52
179
270
83
215
313
154
96
325
327
31
347
316
48
152
175
131
45
322
173
376
234
310
104
295
241
111
373
344
151
355
146
285
346
332
78
279
1
238
357
236
334
12
221
320
252
73
264
98
348
243
7
148
156
314
370
152
68
124
311
385
99
17
89
164
53
398
366
77
82
384
209
169
42
61
214
63
320
216
360
296
62
310
29
118
316
124
132
117
4
26
312
157
267
207
173
210
86
52
238
181
192
98
100
117
42
83
56
196
306
189
294
219
335
287
25
99
255
25
356
239
297
342
138
235
242
323
297
128
367
345
139
360
138
62
33
24
45
385
8
294
37
24
256
3
304
147
395
49
50
246
359
23
19
186
58
207
29
373
294
126
149
19
198
9
284
80
335
241
114
104
214
238
349
184
154
140
273
80
319
172
2
60
258
158
120
92
121
239
339
345
76
349
296
108
65
104
234
50
323
182
375
180
130
188
225
48
48
28
1
5
204
7
29
216
309
331
247
23
237
148
372
141
367
86
337
366
373
29
219
305
370
147
96
189
361
202
293
15
292
294
185
389
29
1
193
325
221
369
52
74
202
260
136
41
148
229
102
253
215
233
252
239
202
170
319
387
275
122
189
326
304
116
11
281
334
29
283
285
313
273
126
165
263
325
217
369
154
171
389
298
359
79
377
324
380
151
315
341
249
102
315
99
80
110
141
229
345
34
302
152
124
383
175
25
236
78
24
75
183
369
84
357
17
215
321
363
66
390
231
4
25
292
303
117
186
298
170
19
168
316
98
11
0
326
336
179
193
386
223
321
299
385
141
255
48
321
303
235
51
62
32
29
197
133
248
17
378
257
336
345
242
130
398
330
95
303
109
164
188
101
265
5
168
71
120
17
123
172
120
282
223
124
344
126
209
307
252
38
266
346
333
316
225
312
289
380
44
391
130
35
339
370
48
93
172
134
307
73
142
306
297
20
148
122
112
100
325
196
350
182
376
194
71
364
385
283
130
316
253
280
19
394
73
216
242
40
167
191
43
110
219
284
272
52
323
232
358
214
269
140
104
297
118
287
346
66
69
74
10
19
180
350
274
257
108
22
212
103
211
263
250
354
256
293
350
348
341
121
144
274
248
13
235
82
352
338
182
173
334
240
332
315
337
307
244
112
24
214
229
115
337
300
80
396
187
28
352
126
98
42
167
48
357
331
61
212
281
80
1
64
70
71
329
34
199
273
385
33
190
326
255
9
76
369
195
106
367
1
374
344
373
217
19
289
324
237
144
366
209
118
287
177
347
37
373
286
162
58
244
15
180
320
156
211
260
289
62
231
47
81
221
230
182
353
123
222
310
1
280
333
101
23
394
125
208
141
137
83
116
24
62
352
239
243
341
198
129
252
47
298
18
367
341
246
240
213
278
359
29
296
189
233
318
346
173
169
398
281
279
31
54
199
266
64
219
303
338
77
214
390
339
83
47
238
61
320
169
191
34
391
386
166
110
302
61
13
203
37
21
300
359
387
378
270
55
357
253
2
51
316
111
360
74
76
388
351
40
14
56
276
293
140
168
346
27
4
244
389
118
154
354
279
166
45
85
159
365
187
95
362
97
115
339
224
383
55
332
317
197
7
361
237
238
195
226
113
396
250
155
214
140
89
286
279
384
251
285
315
120
342
125
171
236
134
35
152
386
397
330
326
80
162
47
363
109
134
359
299
388
189
92
179
143
351
142
258
91
125
289
390
70
216
355
66
142
357
173
153
39
244
65
319
262
273
163
296
99
290
352
115
344
349
225
178
139
193
302
84
52
65
134
115
147
220
87
178
279
281
80
263
55
185
49
87
82
122
300
170
270
142
293
366
220
288
95
77
203
340
297
6
312
318
58
358
76
286
310
274
171
334
294
314
293
52
26
375
227
102
218
289
44
271
217
321
264
27
30
205
264
171
0
232
106
361
324
111
145
54
47
68
17
199
263
362
155
157
203
200
62
41
150
94
296
67
77
176
39
255
252
245
138
4
311
332
73
209
62
147
45
202
346
241
312
362
78
202
160
63
81
217
310
173
200
10
92
15
52
361
197
296
381
164
387
246
182
67
219
235
253
379
397
176
223
150
46
334
45
274
220
8
254
236
180
52
272
19
309
147
378
29
126
363
340
164
42
335
138
179
253
84
111
263
288
337
34
205
239
59
309
185
368
155
141
74
338
140
264
173
70
196
154
385
284
261
338
385
91
84
356
84
253
301
349
22
185
365
160
8
0
382
359
125
234
162
39
169
186
134
17
229
346
332
6
337
202
97
353
243
159
189
176
169
66
81
340
297
351
305
371
177
26
189
196
95
342
262
197
355
82
112
87
36
28
331
335
365
198
336
268
215
63
129
35
55
202
247
143
300
31
299
269
242
268
80
129
382
36
359
43
221
359
204
388
88
197
194
173
66
315
355
63
310
221
85
239
4
175
83
5
28
148
300
200
276
67
359
74
377
280
272
308
170
125
55
96
371
146
11
143
199
155
374
244
328
18
178
33
67
113
111
27
46
354
152
337
82
34
190
278
324
54
319
308
122
184
74
168
194
46
367
247
266
202
48
281
381
157
252
263
234
122
386
396
234
36
110
80
263
264
230
214
94
280
356
173
339
61
208
67
178
303
18
211
306
337
398
86
12
82
146
227
223
100
145
250
121
124
137
191
267
56
323
126
154
152
77
159
268
283
262
392
236
216
330
127
247
218
159
188
233
337
393
76
233
17
338
201
391
274
66
121
194
384
397
58
94
238
353
72
125
376
249
168
87
336
40
216
250
259
130
392
362
249
284
310
374
287
43
14
193
83
283
331
196
350
351
191
302
219
146
380
336
28
304
116
226
29
354
163
180
346
235
63
271
303
373
64
192
348
263
320
30
324
154
75
119
63
192
357
362
89
105
171
78
202
170
188
251
75
79
48
188
215
103
81
29
47
103
199
205
41
335
300
185
173
176
212
20
228
321
55
304
393
55
56
40
9
255
10
7
385
347
54
126
307
174
188
362
224
164
85
342
375
369
106
72
80
386
138
297
284
245
70
224
184
169
123
372
52
58
294
354
298
377
7
320
78
206
274
66
71
267
159
319
58
146
184
316
95
84
200
231
155
156
50
168
358
217
230
148
244
259
378
294
93
47
396
1
11
295
231
88
276
396
19
324
370
43
264
378
302
312
86
95
34
63
284
154
345
176
135
395
217
252
334
140
24
68
330
270
321
379
374
261
193
171
144
167
98
256
317
229
307
79
151
163
301
37
203
4
175
125
14
93
58
108
227
51
357
62
383
234
99
249
272
304
236
67
123
132
62
179
34
113
354
377
68
91
271
318
367
272
302
344
301
269
16
126
294
26
322
230
396
398
237
347
140
244
222
71
207
72
370
157
238
124
171
361
165
238
167
62
110
48
369
27
280
290
287
60
12
65
56
207
307
228
311
17
117
363
209
167
168
164
0
243
15
218
305
155
83
113
181
306
368
71
212
84
166
218
289
342
242
313
168
295
60
373
348
161
381
252
63
302
246
242
315
276
228
324
151
55
103
179
366
371
203
343
49
49
121
310
161
184
13
60
379
356
87
292
56
227
210
89
286
279
249
370
55
68
92
392
161
27
363
299
395
324
53
396
176
115
285
374
315
379
297
14
285
37
297
115
17
43
79
170
162
157
392
380
81
355
290
308
138
37
316
48
301
131
395
329
176
352
361
276
204
354
177
399
366
168
134
352
307
278
233
242
101
282
206
383
141
10
336
11
243
353
65
377
170
124
321
385
209
190
116
18
222
85
10
241
132
391
354
275
188
159
230
218
191
48
187
12
335
258
368
224
307
152
313
147
70
357
121
285
46
84
315
346
346
16
175
288
18
361
133
83
173
343
109
33
26
221
151
293
110
265
227
288
1
348
97
304
37
264
40
357
51
162
18
357
78
395
7
92
2
143
384
22
324
50
60
109
39
4
86
337
51
344
268
101
231
210
166
121
137
164
387
155
6
294
352
215
320
122
396
165
221
324
127
84
338
80
63
77
21
344
61
364
165
117
306
306
290
271
218
94
325
80
381
335
277
269
302
309
277
68
49
68
268
71
59
113
340
82
89
196
270
81
73
155
97
350
54
206
223
217
134
38
335
73
82
122
34
148
318
321
25
348
152
38
267
27
144
281
303
126
212
193
106
250
30
63
109
279
194
97
281
161
333
188
115
275
237
50
289
23
3
276
260
35
292
173
340
304
60
176
113
175
199
9
81
367
271
324
332
20
158
121
275
210
214
161
149
112
245
17
314
127
186
94
272
231
89
191
339
58
222
274
94
375
371
116
363
355
348
88
7
72
261
125
195
161
363
358
126
249
135
298
151
281
331
344
232
68
230
251
375
242
86
335
306
9
150
43
342
159
294
132
350
320
263
58
305
4
152
187
70
86
322
334
3
97
100
389
143
349
287
303
342
228
126
166
352
345
134
176
272
44
39
162
101
199
156
390
213
370
311
268
69
219
267
56
53
31
128
276
89
8
139
66
212
59
376
230
298
138
43
218
6
25
3
300
310
269
316
210
88
268
132
367
198
247
125
166
88
385
115
195
265
311
229
167
311
163
325
226
320
270
292
296
85
161
66
151
218
42
372
280
187
46
217
283
43
257
278
98
158
262
155
198
24
245
9
50
138
239
25
275
277
394
346
89
370
294
111
79
395
106
234
263
289
221
173
192
189
67
234
132
360
58
150
148
38
351
249
112
318
216
374
181
19
348
246
104
249
190
37
318
85
15
102
160
78
179
162
341
292
82
105
80
162
66
40
285
151
118
92
63
71
346
127
105
61
170
239
396
11
398
10
274
266
325
327
283
315
112
359
117
253
166
133
307
360
163
233
51
111
94
237
324
357
26
395
246
221
182
348
107
362
16
198
312
318
226
121
63
168
393
206
360
341
341
313
367
48
0
20
50
160
13
386
200
51
361
107
248
31
98
338
266
332
123
270
98
70
395
44
153
355
120
220
11
192
354
199
248
214
2
351
342
190
351
319
348
396
339
125
356
385
171
185
340
94
230
178
40
108
148
233
50
228
43
19
385
276
53
214
388
237
77
75
93
217
45
336
376
69
194
234
91
22
373
295
244
207
128
184
146
375
189
304
7
224
52
148
278
85
232
326
29
128
325
284
275
196
99
142
345
141
349
60
139
298
335
139
224
108
170
84
259
360
139
44
253
257
232
99
294
285
98
245
198
137
17
330
183
18
248
380
333
333
292
350
163
386
61
128
211
202
99
71
328
361
184
306
326
381
230
304
56
237
297
22
247
98
323
205
112
61
47
163
245
51
13
35
245
129
72
59
221
354
16
122
41
82
337
290
337
265
334
246
131
118
6
371
16
297
166
297
87
309
331
364
159
312
70
149
235
162
184
273
4
252
273
279
387
300
205
16
340
393
14
60
65
217
279
29
246
206
314
259
265
55
136
205
211
311
41
23
202
121
13
80
321
16
57
188
38
126
201
134
293
363
238
90
61
248
379
191
84
272
284
93
124
201
267
43
392
174
30
366
229
171
159
387
169
52
36
390
149
28
149
89
160
60
276
362
328
336
137
88
88
1
315
202
341
362
263
20
43
160
179
157
136
368
139
130
7
288
204
337
250
328
20
144
15
361
14
307
191
31
165
386
351
74
43
131
340
145
1
192
120
256
36
292
261
20
390
76
101
148
380
291
139
1
80
29
167
360
311
340
15
117
111
209
282
121
154
53
15
253
154
346
222
335
47
398
177
103
265
55
82
212
89
266
272
153
399
12
338
356
78
311
367
165
187
323
372
327
45
341
227
330
385
155
393
201
234
166
274
388
135
386
127
317
320
186
23
188
227
305
149
89
206
146
103
106
198
211
48
175
110
141
32
35
259
260
171
225
221
2
358
95
49
386
239
229
107
206
62
182
69
243
309
310
89
393
114
223
321
237
149
158
300
182
146
398
189
167
71
347
142
269
204
120
395
19
353
123
112
61
63
18
178
104
90
310
363
395
365
255
121
273
232
212
234
104
272
76
278
100
289
147
45
286
79
267
255
12
137
301
394
203
116
116
25
296
12
290
213
210
213
136
103
336
315
172
310
76
327
54
111
59
23
188
392
351
120
51
241
187
147
377
77
370
212
141
245
289
85
150
391
313
308
142
111
267
267
394
296
377
42
117
330
358
246
78
267
118
224
12
270
396
17
57
199
39
15
142
311
264
315
319
172
307
264
334
300
382
396
398
29
59
357
253
167
57
145
72
223
240
200
347
348
96
116
147
147
177
271
351
141
24
30
389
110
307
175
241
342
40
192
323
202
202
145
65
160
132
40
395
229
227
365
221
161
295
184
166
149
229
161
67
303
300
144
26
359
6
241
140
225
389
106
152
220
205
5
81
287
389
200
371
245
185
201
153
63
321
332
227
130
373
283
313
1
354
271
304
65
334
62
278
203
231
110
217
131
82
156
389
369
169
192
42
20
323
160
244
219
289
46
246
0
215
160
336
349
111
338
320
36
361
117
94
165
221
309
274
202
165
49
296
128
16
365
265
316
169
136
209
157
56
121
373
276
337
324
337
268
345
322
50
75
175
78
191
318
170
343
11
223
313
206
15
160
181
240
84
205
23
114
152
68
331
323
355
132
175
82
381
214
13
354
334
32
2
78
290
28
194
13
42
342
68
239
305
370
97
131
36
38
156
203
67
136
109
368
36
89
93
171
343
151
376
136
186
209
396
127
207
383
304
0
372
327
289
24
260
234
168
164
284
79
371
240
305
272
178
44
336
373
35
347
11
118
304
351
82
349
46
216
278
205
232
103
185
367
126
169
349
171
36
175
187
204
13
141
214
91
8
390
8
82
282
209
227
17
114
280
353
238
62
106
289
171
327
84
93
3
228
269
40
121
320
301
317
213
376
237
58
101
117
182
119
2
76
215
43
4
112
268
355
40
296
41
176
24
254
13
151
120
148
79
263
145
47
128
286
73
133
298
340
296
251
57
49
182
143
62
149
181
164
367
328
309
219
209
66
119
0
205
277
214
280
295
211
308
6
23
198
334
22
108
338
256
22
268
141
27
202
176
356
390
246
55
299
214
172
209
117
54
317
138
42
377
191
222
107
206
94
347
233
351
391
44
94
248
79
261
72
288
154
57
124
186
117
370
225
390
278
49
10
173
356
325
137
30
378
199
13
56
285
252
272
327
168
286
133
69
356
376
193
119
47
173
34
45
218
249
134
380
349
341
238
101
308
213
385
69
2
98
170
295
354
61
395
217
130
273
118
62
94
290
301
388
35
32
63
250
304
202
280
306
309
6
154
229
216
255
35
106
160
6
398
214
256
64
335
26
64
380
67
219
191
225
283
82
386
70
205
373
228
256
246
213
287
304
242
217
347
371
367
136
1
14
31
30
2
131
64
40
41
338
337
12
120
154
61
69
195
199
27
353
198
357
32
74
280
153
114
145
361
23
342
124
241
212
107
82
313
231
88
219
67
233
10
143
198
242
167
4
128
322
310
310
287
109
207
178
386
329
114
393
114
306
114
73
358
146
376
351
241
343
54
32
19
251
208
79
122
79
238
64
181
389
82
362
311
154
258
27
373
359
327
291
55
284
222
29
316
384
285
127
192
189
393
192
343
218
230
352
218
269
36
184
136
41
257
63
80
351
268
84
319
123
168
237
154
54
54
278
47
363
342
285
207
200
62
306
112
312
37
53
290
234
28
192
230
14
266
287
222
269
298
132
297
226
77
384
354
70
384
184
388
227
40
81
312
59
209
127
339
314
314
355
315
30
299
62
66
187
65
112
289
105
184
335
53
235
351
87
26
183
306
202
27
20
4
393
31
122
243
102
191
357
271
392
72
115
380
249
37
166
374
170
85
21
381
129
5
268
102
304
121
353
112
391
293
348
98
269
395
65
274
364
89
346
234
59
370
349
275
54
390
251
147
362
395
110
339
284
148
24
73
42
350
344
21
95
0
288
290
374
205
302
361
219
256
370
273
99
42
273
375
255
137
56
124
345
144
195
100
148
9
164
75
141
197
315
318
241
235
114
29
103
305
164
158
393
110
42
135
395
210
236
383
193
288
230
350
22
270
311
57
372
170
117
193
375
313
154
213
117
268
285
260
132
392
389
336
111
184
233
330
105
53
113
15
265
20
137
346
23
72
212
15
9
192
8
345
355
137
231
292
13
49
295
184
226
55
159
134
67
153
352
137
64
33
39
381
103
204
71
2
164
111
28
217
260
74
303
53
288
177
32
19
301
45
201
135
182
113
190
361
250
62
127
394
275
227
105
121
348
71
210
141
191
148
203
341
396
31
250
396
240
242
247
107
282
296
343
397
330
380
4
163
172
312
377
200
234
126
315
140
116
340
270
109
130
236
125
83
350
157
3
284
185
78
231
26
164
127
208
310
230
58
217
242
100
65
51
262
309
195
42
197
344
317
239
65
270
183
377
169
386
52
28
213
212
363
96
299
288
168
307
202
18
166
377
179
374
181
3
137
158
156
142
399
80
79
49
126
185
216
154
142
210
234
321
335
206
123
204
75
395
378
65
83
206
55
321
101
237
305
216
3
345
128
160
262
46
234
45
15
114
38
64
99
399
63
379
333
269
141
16
190
96
280
29
347
244
298
11
129
49
31
206
1
321
119
338
47
322
207
215
161
374
22
248
72
34
135
301
271
338
292
144
327
178
300
115
258
208
236
211
310
236
119
177
203
141
369
139
206
274
220
23
163
4
353
32
0
375
67
340
134
346
214
14
340
274
372
98
276
58
349
132
164
201
138
367
84
4
284
17
256
115
262
394
204
157
66
214
183
397
86
147
61
242
195
189
30
242
292
83
113
260
372
25
102
39
176
354
269
398
114
70
156
182
394
299
175
338
274
97
301
232
239
299
293
295
160
253
130
152
359
378
279
76
3
384
163
143
248
300
81
279
289
119
317
117
26
133
102
176
334
4
187
296
207
384
159
273
75
392
152
363
150
322
323
180
66
308
156
206
313
278
144
197
370
133
367
257
17
270
204
13
201
139
258
183
96
48
237
183
350
317
278
30
52
294
272
30
46
117
216
174
153
190
352
275
38
98
179
10
180
45
322
110
382
327
201
142
67
29
118
196
250
351
381
84
249
398
254
130
65
216
93
109
12
284
399
345
254
104
187
66
150
116
181
36
23
139
52
339
37
69
44
340
363
377
4
53
389
395
310
330
281
304
285
369
260
102
178
218
344
144
32
124
124
38
338
101
373
4
53
114
163
138
220
187
347
227
251
382
366
162
387
347
301
190
272
272
102
285
394
173
55
206
143
327
129
350
67
280
38
363
74
71
216
296
131
39
381
397
46
78
305
190
215
269
207
380
154
100
195
232
265
145
102
281
323
154
188
45
132
260
219
116
365
296
383
96
96
294
233
259
257
307
372
395
183
132
367
194
267
357
152
46
307
27
48
224
259
207
129
236
253
22
31
151
60
213
193
219
380
249
44
297
336
225
337
28
265
165
211
182
194
365
116
393
96
95
275
121
387
112
142
137
85
67
42
135
215
127
218
231
382
394
398
397
186
138
393
50
75
38
197
300
48
329
265
142
119
86
245
296
144
323
298
210
32
48
392
76
20
1
243
397
32
52
272
283
146
268
48
62
334
40
140
274
398
265
388
109
349
397
235
264
372
320
27
29
75
308
367
20
28
390
272
281
368
257
27
262
232
72
84
246
287
338
45
371
397
44
92
53
267
117
212
26
253
40
398
395
196
237
279
78
139
197
135
380
244
92
153
317
201
151
115
17
215
266
43
390
366
80
97
224
294
65
205
206
8
304
128
149
352
287
91
51
334
115
365
304
3
106
393
12
252
342
134
257
329
285
399
350
54
214
104
359
384
6
127
200
128
322
34
11
313
370
202
321
291
155
180
30
42
241
334
373
210
191
316
301
169
210
210
376
305
69
133
46
297
248
263
128
8
8
250
277
188
8
315
332
76
175
344
1
303
177
140
17
110
7
244
80
120
297
218
277
124
42
220
351
302
161
241
151
391
150
222
335
90
292
375
100
317
332
327
312
240
156
173
307
115
143
386
184
136
238
197
105
75
45
52
155
33
27
52
128
204
59
246
251
200
340
37
284
110
361
44
77
274
113
171
58
191
280
38
259
391
210
291
336
23
353
366
350
76
106
383
347
136
57
170
372
194
200
207
90
190
233
157
220
358
34
206
268
189
341
363
292
180
85
120
369
167
152
158
254
124
274
184
396
9
14
145
141
268
388
39
39
91
35
90
185
137
314
66
25
378
238
187
26
281
57
231
377
279
230
265
76
64
195
47
244
326
17
68
44
14
208
298
27
158
223
142
125
60
12
249
252
97
94
160
7
291
329
144
355
292
318
334
280
95
4
334
112
17
278
125
199
119
275
32
121
38
282
259
146
200
268
374
17
87
254
338
4
10
346
131
157
19
188
28
268
346
118
110
244
312
175
243
172
213
328
296
108
373
212
319
283
153
183
317
187
157
68
215
29
6
36
168
356
142
54
107
108
50
376
289
383
312
320
295
9
122
4
110
105
142
213
124
13
141
201
359
116
191
217
391
75
359
271
309
121
116
76
200
7
51
263
11
389
302
217
229
292
54
298
381
323
50
230
157
304
348
54
222
59
58
379
165
373
251
386
141
205
259
22
73
18
261
220
31
238
274
123
234
88
340
12
280
250
78
154
269
172
17
255
83
304
0
251
270
12
59
395
109
224
351
186
241
286
227
383
233
358
223
117
122
251
22
85
86
291
35
257
58
386
318
306
156
368
138
109
153
342
273
301
210
331
129
21
356
179
79
194
76
347
68
264
14
1
291
87
398
161
385
358
165
313
21
33
333
190
1
45
67
213
12
273
318
391
86
326
160
198
351
57
371
72
356
147
239
258
155
92
276
82
189
76
314
251
357
273
226
16
81
272
39
127
76
308
168
163
22
270
293
35
107
393
48
132
174
253
348
240
313
235
79
196
389
397
190
271
103
395
351
283
30
371
302
207
255
125
260
22
306
83
222
10
215
187
352
227
234
207
271
157
41
328
167
358
131
24
318
266
157
4
239
363
230
159
171
200
128
123
9
322
388
334
379
263
395
262
40
344
77
107
353
274
238
377
229
61
258
247
390
98
157
370
334
358
174
155
275
34
146
234
249
264
121
94
303
53
338
260
170
257
93
133
160
217
278
381
44
209
344
137
397
57
45
307
208
233
77
257
306
22
40
362
69
198
13
216
388
248
58
315
36
185
328
203
194
89
396
335
173
5
19
366
208
94
360
363
308
101
372
312
256
126
284
78
112
262
280
340
285
106
389
100
184
146
26
143
175
203
217
162
11
387
187
173
8
171
139
14
186
183
133
349
109
124
60
368
140
61
287
294
0
224
23
199
364
294
290
26
314
85
103
197
389
296
164
77
157
377
225
225
282
189
191
64
178
199
123
204
8
34
140
390
125
207
55
123
228
220
79
233
248
215
17
294
282
89
83
73
172
258
266
192
71
196
41
334
276
312
93
245
148
45
99
138
109
104
4
126
380
36
59
292
370
35
36
207
195
171
243
233
117
379
322
325
49
97
216
348
339
295
95
263
345
208
324
42
341
171
310
87
229
178
351
41
195
251
341
32
64
90
15
299
244
219
21
82
397
277
45
131
125
174
399
214
233
92
9
190
141
127
136
77
353
197
175
263
180
216
52
252
34
70
309
119
76
298
358
26
31
146
242
54
268
114
358
175
136
333
230
271
93
201
89
91
115
83
111
271
170
268
179
148
317
47
73
353
318
6
110
282
38
248
344
327
54
387
293
356
63
156
3
4
227
69
16
243
13
286
370
218
209
291
55
227
89
156
124
341
272
179
237
47
365
102
304
370
322
54
143
245
109
299
2
172
4
83
41
174
368
364
394
40
132
314
327
145
153
176
276
240
188
242
51
37
168
377
185
158
313
91
290
60
6
357
116
200
308
214
259
257
73
27
113
101
18
148
166
71
208
21
138
394
108
339
194
371
137
101
92
45
150
398
329
236
180
279
376
329
196
92
76
333
281
159
279
329
196
368
370
168
164
157
70
119
275
236
272
353
330
54
169
252
331
388
347
346
116
185
268
101
20
20
175
59
8
55
100
5
127
26
234
383
335
49
324
168
322
359
46
288
258
120
286
192
326
317
182
121
218
387
227
29
291
379
162
282
201
391
239
134
382
240
107
112
61
33
168
346
250
298
146
198
136
115
323
232
78
35
372
383
371
319
158
90
35
201
303
88
54
399
311
241
258
325
347
103
229
371
112
37
223
288
114
327
11
398
283
89
154
59
364
369
317
66
237
222
267
106
332
94
33
283
31
115
53
318
396
338
153
143
218
25
346
281
74
251
56
238
42
196
169
15
38
78
130
354
191
0
144
183
203
195
180
97
18
142
314
222
197
317
66
155
397
332
1
340
252
183
205
303
264
52
155
71
359
152
240
188
36
70
346
376
278
104
218
354
373
228
339
9
355
123
68
314
344
61
271
328
132
215
379
302
95
113
121
312
255
72
153
184
247
10
97
20
114
383
386
168
81
260
20
201
327
336
174
321
274
79
326
325
385
360
80
16
340
388
334
286
84
103
32
20
275
179
39
5
284
51
261
67
122
95
235
142
61
333
224
47
195
263
278
268
276
81
168
108
281
246
307
158
213
321
137
104
360
227
187
169
263
134
58
369
390
64
164
90
304
178
124
310
360
220
277
251
396
332
109
166
225
211
218
121
196
180
199
381
28
164
24
138
114
244
162
277
1
213
153
59
361
86
170
57
312
76
324
60
93
292
79
81
228
306
362
81
94
98
163
199
79
116
348
29
132
196
210
144
22
21
162
243
318
181
39
2
179
274
196
226
34
172
123
47
391
102
24
299
193
213
69
204
308
34
287
188
52
88
68
144
284
244
20
129
220
218
387
96
240
311
49
399
127
71
47
204
46
379
256
301
368
292
133
266
105
147
83
340
7
226
64
121
113
44
270
99
238
189
131
247
233
37
99
166
181
185
28
3
15
199
391
85
226
262
7
325
90
288
214
371
7
208
384
49
225
116
128
209
246
195
174
63
171
242
307
176
313
122
252
117
301
127
389
14
52
295
161
147
365
240
42
86
293
80
259
101
343
50
56
207
95
198
129
91
178
363
26
350
62
169
329
42
83
355
164
334
166
110
83
385
179
135
257
9
389
335
192
140
114
13
24
10
178
386
233
368
319
200
356
202
247
265
279
98
362
250
291
13
186
186
104
195
381
43
126
346
197
15
80
274
206
26
140
372
79
377
168
140
376
116
36
390
163
75
77
157
308
228
4
384
165
386
280
253
154
271
126
266
201
111
238
11
357
199
297
326
154
273
202
156
282
241
78
87
209
99
7
309
9
376
128
396
0
324
43
346
58
262
301
399
33
75
56
242
219
94
387
134
112
356
376
271
356
22
48
120
251
341
248
370
373
244
169
172
64
367
338
69
338
64
106
168
243
224
190
134
218
179
188
308
330
67
397
199
275
126
58
142
361
143
334
235
157
157
164
5
377
369
395
395
230
37
270
117
8
64
3
176
159
49
270
342
182
230
242
22
170
263
191
104
72
280
98
119
20
137
359
300
384
162
262
64
348
347
208
320
108
32
348
375
141
78
139
363
254
305
288
2
179
73
120
30
26
257
233
185
291
310
158
313
127
70
277
51
30
220
194
285
220
367
114
167
53
0
376
215
45
10
1
388
188
382
266
135
242
97
214
70
190
236
104
145
269
389
138
321
303
173
25
71
27
185
169
118
10
46
212
52
148
211
337
103
345
174
281
355
282
268
171
302
172
249
55
29
145
101
111
388
91
33
55
374
176
245
30
172
352
350
116
192
372
67
229
194
69
322
358
2
394
258
230
158
252
236
242
100
290
378
390
150
72
154
18
296
188
20
23
46
362
386
387
379
197
17
398
137
397
299
156
168
126
203
177
171
90
271
147
206
35
221
258
355
293
271
220
181
3
47
258
256
372
39
374
294
182
321
259
315
153
349
127
310
273
238
154
375
194
375
90
146
385
258
152
284
40
19
351
212
82
179
161
150
208
155
254
381
344
267
191
204
111
293
195
227
379
47
165
375
301
57
185
41
210
188
285
317
129
20
91
308
36
77
373
40
331
398
173
284
386
304
359
8
246
374
315
316
318
245
84
10
63
355
318
349
232
93
329
287
364
234
266
182
77
254
399
103
230
171
246
149
68
30
48
108
151
369
367
211
288
341
13
174
149
179
143
67
173
255
11
93
381
152
138
47
228
174
272
322
335
304
205
2
52
123
238
330
63
247
362
241
287
275
187
371
328
346
377
318
215
29
272
119
331
322
203
350
123
306
65
195
85
384
320
143
33
232
148
236
111
151
98
283
19
397
64
394
265
281
203
194
134
199
218
138
270
350
79
359
127
223
256
8
204
135
0
311
154
93
105
24
78
46
301
203
177
248
333
331
373
226
352
142
31
199
366
219
92
279
181
251
145
0
193
375
181
227
26
30
105
182
357
212
288
387
287
255
152
360
327
146
333
396
177
107
341
140
254
384
209
24
137
126
349
46
123
304
341
166
325
134
389
315
287
281
70
184
97
142
349
53
219
32
39
259
329
369
55
70
128
151
146
74
271
398
70
394
226
175
16
269
214
21
2
123
397
283
267
301
286
101
280
326
32
54
161
347
366
364
69
159
336
207
183
209
83
44
239
199
72
368
149
320
350
223
392
23
140
357
176
5
268
386
200
108
60
178
255
193
278
103
4
54
168
376
100
90
308
230
43
327
253
328
263
313
62
332
110
383
357
64
111
91
152
316
128
22
247
170
268
324
338
265
7
385
15
135
93
271
170
172
374
104
208
178
69
181
104
336
250
227
247
234
306
212
30
285
342
316
206
360
397
75
27
160
296
204
176
98
103
191
101
388
212
247
95
262
116
207
350
167
371
16
65
58
248
298
286
0
148
303
343
221
212
106
301
48
160
302
367
300
39
228
239
350
397
228
31
74
100
64
345
203
112
277
367
218
63
16
290
134
101
140
300
331
44
80
30
91
72
239
12
339
287
331
331
127
360
301
360
130
262
210
177
106
208
159
247
149
262
112
308
195
125
139
319
86
213
158
47
100
98
225
263
338
388
385
288
346
89
298
360
295
352
5
178
322
327
365
95
70
141
239
31
317
97
19
284
25
13
67
333
129
314
212
298
234
31
283
64
361
122
92
177
158
385
153
299
61
148
6
227
371
362
141
308
115
12
2
53
321
130
178
13
164
308
119
356
336
156
135
189
250
209
65
352
318
399
139
379
364
146
178
213
331
198
227
113
315
172
232
263
258
180
20
208
107
243
303
343
204
241
318
39
167
5
50
93
191
110
209
282
278
385
256
7
395
370
271
289
181
336
260
321
117
141
187
228
5
74
243
191
318
36
106
150
211
122
64
71
121
19
11
166
331
399
364
388
327
119
364
321
168
372
300
393
245
176
242
344
169
181
137
254
203
251
44
280
392
323
91
6
388
84
350
360
227
362
123
218
19
330
249
288
177
328
153
74
339
104
149
127
94
363
178
145
158
145
371
340
35
305
68
248
165
244
194
132
220
201
185
131
54
247
134
383
16
135
44
111
86
335
115
260
357
184
22
211
194
274
200
19
104
101
376
202
162
198
223
62
214
22
41
114
327
382
332
197
266
335
46
382
259
64
182
156
357
257
322
33
396
49
386
356
370
78
226
219
162
276
378
263
234
5
381
40
102
335
310
113
222
282
204
305
136
78
320
382
352
62
294
268
107
209
371
333
394
37
208
253
343
105
169
273
387
179
327
181
354
394
73
215
312
230
305
63
4
303
137
210
280
317
114
352
239
288
231
287
193
333
52
243
82
53
329
65
49
224
219
260
35
3
288
363
39
343
33
276
44
201
224
383
281
33
119
76
129
149
144
153
285
386
8
144
140
252
145
395
85
298
153
204
181
133
392
374
74
374
226
317
65
202
398
247
34
129
142
202
37
345
240
368
8
79
49
321
223
304
344
205
318
96
287
262
136
65
211
248
38
369
25
352
318
225
375
379
1
291
268
5
231
3
228
317
293
274
124
228
171
350
273
16
116
209
337
199
190
61
51
101
233
316
205
18
357
220
392
279
108
381
55
46
116
94
262
315
304
394
129
148
275
267
158
21
361
362
156
314
182
291
178
362
168
74
175
375
309
53
180
150
279
132
379
168
377
216
328
152
30
297
6
85
216
63
151
55
273
333
271
102
128
70
273
384
242
119
385
5
114
250
236
47
180
269
368
13
351
391
323
7
14
342
390
217
133
97
278
385
272
170
43
2
97
157
264
318
183
13
133
312
390
194
113
147
118
376
310
5
57
342
126
124
339
249
190
7
293
360
227
387
73
135
341
220
267
42
125
169
348
21
301
147
154
277
288
39
202
221
60
204
326
82
56
237
209
316
92
374
15
25
221
246
229
140
75
6
92
188
369
288
122
52
122
211
314
41
74
296
37
339
12
366
232
29
128
45
8
104
93
192
9
360
81
140
321
397
79
361
71
323
158
89
207
285
31
126
36
358
362
34
327
46
203
9
68
219
204
117
245
28
295
78
384
77
289
341
140
185
203
262
158
79
206
95
116
188
190
394
241
189
129
153
40
56
187
114
275
38
143
161
270
64
247
60
241
23
199
77
75
157
62
51
165
282
122
252
104
84
201
187
242
18
108
227
324
22
361
131
38
26
246
270
124
247
380
244
374
85
396
118
389
370
305
189
268
98
217
106
128
92
382
219
93
366
185
330
190
377
318
370
37
176
172
318
78
373
143
368
363
76
22
162
391
386
352
142
159
157
375
373
42
129
63
348
256
295
391
145
154
392
273
25
372
90
55
65
37
325
85
198
263
212
74
147
94
57
280
44
250
33
327
101
299
372
105
227
80
57
366
326
260
15
198
373
349
299
113
318
107
76
385
217
178
174
252
309
238
254
393
372
193
145
198
237
259
224
277
213
174
390
287
81
109
27
291
81
199
179
12
295
130
223
375
117
323
115
15
87
229
265
90
69
378
275
39
243
74
76
107
157
329
186
192
21
271
255
357
119
288
261
251
388
165
118
348
243
149
380
139
153
114
256
12
45
220
229
86
286
11
24
36
358
391
235
268
96
12
238
59
222
268
269
168
272
322
342
245
241
338
46
394
129
255
47
332
303
195
110
125
84
278
178
193
295
105
198
10
247
314
285
293
246
30
366
241
393
192
191
91
202
36
31
334
328
210
178
342
286
372
201
204
341
201
0
11
35
258
249
336
293
46
225
142
62
32
346
5
33
209
93
126
313
311
347
215
181
24
264
44
328
386
399
82
280
371
342
304
358
125
222
147
109
38
106
219
161
219
113
320
104
128
367
337
13
388
296
392
268
390
90
94
290
4
96
145
306
63
392
14
153
35
381
389
53
19
184
24
196
165
368
225
326
90
290
89
141
321
391
228
21
321
275
57
207
250
317
262
358
382
72
294
159
336
88
218
170
333
147
278
316
133
266
365
0
246
35
129
319
222
364
355
28
99
67
255
305
291
172
127
309
119
80
227
139
213
369
343
49
60
195
204
104
251
178
331
280
71
136
227
70
241
242
132
81
162
154
29
138
130
115
253
331
199
19
297
41
18
30
321
111
309
241
74
349
361
43
369
95
164
247
179
289
158
228
161
12
363
331
153
222
119
342
329
219
243
180
181
363
77
164
158
372
101
323
259
103
177
34
169
285
32
244
383
171
77
189
204
270
197
278
247
323
15
236
214
332
92
77
337
193
90
160
168
15
54
243
350
62
69
291
281
12
366
119
327
154
244
181
117
80
70
26
270
308
89
264
117
283
389
3
361
50
257
189
18
345
44
81
165
112
268
97
154
70
350
117
153
354
244
264
145
215
161
297
140
32
3
120
266
327
271
374
339
125
161
314
292
146
134
1
328
173
153
310
95
223
149
200
390
15
135
294
79
389
299
77
133
82
306
388
223
60
96
45
162
122
134
299
397
264
208
167
29
180
131
192
174
87
399
110
391
152
338
106
31
18
2
42
130
66
201
216
375
355
382
317
32
108
148
19
134
69
215
227
383
53
