378
365
45
330
370
144
188
31
381
247
293
220
302
189
69
245
120
289
349
315
42
133
62
266
100
15
177
171
48
153
229
214
369
140
107
279
302
103
246
224
33
265
37
329
224
19
49
165
125
14
304
252
265
259
43
329
139
35
269
330
43
305
81
234
52
252
261
120
150
150
59
383
397
372
253
319
32
370
63
8
314
395
145
228
253
256
210
319
276
134
206
253
382
239
178
179
256
96
278
199
52
269
81
144
113
163
172
141
165
37
6
186
146
187
325
193
380
321
162
149
123
18
179
326
211
232
316
90
339
201
214
196
16
214
301
190
207
154
126
107
291
364
140
216
223
302
100
98
20
256
213
93
316
256
177
67
126
360
72
293
191
371
55
239
364
206
158
36
254
13
62
12
352
369
370
130
164
223
140
24
196
326
218
264
392
114
69
157
49
170
38
310
220
389
280
395
46
9
134
363
60
234
372
163
57
22
139
73
108
271
168
106
175
201
193
134
189
161
372
215
92
336
148
100
280
155
252
274
249
85
113
50
391
82
109
222
291
20
303
360
142
339
308
154
127
147
340
392
378
113
271
259
296
299
93
54
364
189
247
59
199
175
185
256
30
192
128
175
98
54
5
107
39
132
307
206
337
161
240
227
101
50
249
163
208
378
31
90
397
223
206
322
75
49
235
72
12
179
38
264
344
76
244
324
183
31
164
274
147
310
376
44
315
118
332
370
197
113
290
383
268
231
201
69
164
69
63
113
47
201
131
282
75
221
306
66
398
148
56
156
304
241
207
14
82
394
16
34
137
206
148
115
10
67
152
201
390
323
345
38
399
203
24
234
245
111
212
295
149
302
292
322
61
309
134
194
118
338
49
347
154
50
218
176
188
373
39
313
316
88
91
61
325
213
186
345
47
318
242
229
372
250
264
380
109
139
63
277
263
328
121
190
33
35
334
327
290
388
291
359
277
278
338
130
118
63
359
47
110
86
73
317
380
69
169
307
312
307
152
230
366
388
279
107
170
14
32
372
350
329
397
45
260
207
374
288
338
73
313
12
231
312
258
7
136
384
322
7
160
157
136
164
154
197
51
390
385
179
263
55
100
227
307
355
299
344
375
242
176
31
237
120
222
140
251
228
358
296
183
261
391
51
246
320
96
112
83
77
33
11
141
27
55
368
379
283
379
119
329
321
39
132
17
93
80
273
115
303
260
54
70
190
284
239
245
358
173
179
203
107
378
376
140
42
104
104
311
296
396
347
55
7
88
386
197
392
49
85
217
66
47
165
341
167
349
227
364
363
62
352
73
335
240
335
399
378
296
197
141
365
10
110
57
160
392
291
155
49
232
198
162
309
235
140
79
394
44
90
216
268
246
108
40
270
227
151
146
223
388
394
182
185
205
83
296
210
120
36
194
351
232
74
202
125
381
43
229
247
358
127
70
9
145
155
353
5
185
276
293
239
311
375
66
365
153
97
361
320
158
335
77
396
46
315
320
138
37
154
10
115
55
261
318
182
232
251
272
317
351
342
143
150
215
177
113
351
20
156
291
178
239
105
191
125
348
9
375
45
339
312
111
210
394
369
195
88
229
82
305
189
245
167
52
331
57
282
245
380
181
360
283
378
52
233
250
251
142
363
11
351
293
247
324
228
11
382
150
144
113
56
43
299
248
196
17
102
161
215
275
122
233
350
355
198
333
148
272
43
30
174
26
151
53
37
42
112
221
100
27
231
250
372
88
199
21
229
350
286
388
139
236
153
92
273
293
150
130
245
212
167
273
169
137
202
382
20
83
149
52
23
89
387
64
220
398
157
289
199
221
37
85
221
373
106
364
261
226
11
17
1
87
238
396
327
289
369
182
36
292
180
279
275
227
350
381
276
251
86
389
372
232
332
129
335
371
79
176
391
48
314
68
124
336
150
52
82
237
358
230
218
218
354
301
258
31
26
199
78
199
9
165
58
378
381
306
393
57
2
304
48
359
181
165
47
197
313
178
69
95
53
62
393
385
56
369
332
268
364
152
134
262
44
44
322
392
5
363
19
246
123
217
220
18
266
176
200
323
391
19
87
324
137
6
177
223
91
100
339
250
64
79
112
263
74
398
309
76
151
161
206
284
103
49
105
293
242
178
96
313
49
85
128
305
32
211
139
341
160
252
183
388
195
107
6
118
37
45
202
11
178
208
80
261
279
7
18
275
280
294
325
333
328
202
320
232
299
270
15
293
238
131
104
67
123
363
255
123
148
102
305
340
109
257
201
205
236
281
164
248
200
324
353
53
249
157
250
94
254
391
388
69
109
97
366
341
353
66
314
139
286
73
353
212
116
221
146
14
183
270
359
129
276
175
73
56
4
105
337
300
97
307
2
232
112
117
32
176
198
198
243
382
383
252
121
306
385
63
282
206
222
171
357
315
182
95
199
133
30
212
336
51
98
217
196
149
293
302
114
23
3
344
71
242
392
238
62
248
343
76
247
41
380
130
16
188
305
308
2
307
78
19
322
338
294
384
366
24
119
396
196
134
175
175
161
280
88
51
299
348
133
370
207
253
294
66
272
336
318
115
363
254
383
384
85
270
72
326
350
262
275
287
242
115
124
331
350
25
345
112
213
10
139
335
7
242
58
336
173
237
227
276
56
171
179
385
359
174
128
245
70
67
10
297
378
173
182
390
260
43
210
155
333
233
248
322
61
250
101
106
268
291
390
339
49
392
89
61
100
285
366
367
159
141
60
281
39
206
177
191
282
197
329
57
350
305
14
270
268
103
375
70
125
258
15
267
262
112
121
130
341
396
346
154
26
125
12
131
0
203
346
357
51
393
39
80
314
3
87
173
97
17
241
83
134
205
176
111
15
195
249
173
380
157
154
359
335
171
186
91
164
132
117
349
284
391
392
103
94
290
330
253
336
0
355
365
312
135
40
281
222
287
97
95
172
50
30
208
342
188
18
238
300
167
354
160
179
146
137
144
244
293
373
156
132
348
266
191
81
347
308
380
275
52
186
106
51
259
270
265
296
232
369
326
377
64
234
75
346
338
359
241
143
193
296
281
287
199
238
397
221
11
55
231
344
231
24
101
13
190
330
355
159
205
37
24
167
386
239
149
86
134
212
216
297
82
222
41
141
133
49
295
139
30
73
98
136
21
44
31
186
264
379
371
363
283
327
220
305
351
200
388
235
274
101
193
46
365
93
246
308
342
200
33
26
272
268
278
102
239
128
65
255
358
85
272
342
355
196
249
160
376
94
87
286
253
240
154
18
270
254
300
188
231
379
133
195
163
140
111
346
275
197
237
132
220
368
182
95
142
347
348
7
399
310
15
208
36
49
286
61
209
313
158
392
234
232
98
293
5
292
169
333
244
126
235
97
10
167
102
6
38
122
229
265
19
330
89
54
377
316
149
374
239
397
302
154
96
245
33
228
69
220
257
211
34
85
77
141
89
341
394
39
90
343
301
263
4
314
74
391
238
196
290
289
114
335
244
311
60
243
198
361
212
207
73
174
286
30
243
210
65
366
347
130
204
351
83
171
269
254
290
40
97
19
33
263
81
128
200
117
38
323
363
194
373
289
229
21
52
187
396
75
164
271
161
343
198
236
369
277
177
70
337
339
257
266
81
234
10
282
147
301
48
330
201
333
37
14
352
378
66
83
141
319
251
138
371
371
355
381
54
56
16
72
275
204
219
21
292
190
38
355
33
96
97
237
118
191
387
185
261
75
201
39
163
65
213
173
225
70
201
365
321
129
228
279
367
97
213
80
313
298
93
146
262
272
296
288
91
283
301
229
225
210
36
48
259
127
45
123
36
301
376
101
365
240
63
153
61
87
151
351
347
109
266
60
115
271
105
191
117
216
364
383
185
360
293
37
290
387
91
16
220
294
1
99
362
195
294
219
318
34
213
190
330
105
396
172
183
270
336
62
262
387
56
368
237
181
251
319
383
99
99
335
357
13
335
328
240
287
189
358
0
322
310
348
179
320
140
231
399
393
177
348
354
379
234
3
92
220
66
298
105
77
60
324
361
379
340
64
83
167
355
379
77
78
4
236
27
146
293
185
318
100
45
204
79
9
11
318
224
214
237
71
45
337
219
332
302
217
374
301
191
35
203
177
26
184
365
241
208
345
96
97
9
145
128
13
44
252
206
101
273
337
248
89
294
87
6
318
202
192
141
123
72
299
122
258
300
364
30
210
81
302
62
191
322
115
136
305
123
214
181
110
191
4
217
288
184
183
323
380
294
306
76
296
353
236
302
128
348
64
395
120
288
393
184
39
119
214
300
275
273
239
9
288
85
225
219
368
366
229
381
69
138
167
382
54
53
210
64
147
8
311
1
0
59
366
272
157
203
13
397
263
101
172
55
30
45
55
386
167
142
384
29
148
384
318
92
329
398
101
185
138
64
94
131
258
213
34
25
389
178
167
366
93
120
13
203
332
12
319
85
346
339
387
296
228
244
27
7
334
210
351
47
318
336
81
114
8
299
311
288
150
369
75
343
370
42
114
365
382
75
64
323
38
95
313
75
84
146
19
210
245
19
179
326
309
106
368
112
283
387
305
398
373
266
376
359
161
344
169
241
214
312
143
21
146
153
211
222
116
230
363
104
160
301
293
152
174
346
224
353
106
195
221
168
304
58
156
247
263
333
346
97
120
376
192
288
50
48
352
202
290
319
69
298
135
41
35
46
25
367
44
74
126
310
54
116
171
135
48
205
384
6
16
189
297
203
148
47
239
399
328
219
172
139
80
172
25
134
282
281
360
30
344
51
187
43
185
300
224
164
257
285
237
99
249
28
7
116
88
0
174
273
278
15
294
19
331
155
79
206
223
225
183
337
119
361
362
188
226
2
181
35
311
9
154
11
330
388
237
220
212
53
185
182
318
54
232
231
143
279
106
296
46
149
138
168
129
285
173
251
348
264
111
228
176
354
287
397
280
45
222
261
133
392
276
154
188
68
133
205
244
106
382
277
97
305
324
102
107
310
55
22
193
285
236
365
56
75
137
276
138
378
99
300
373
188
362
238
274
45
29
132
146
267
127
288
287
135
398
217
392
383
64
265
156
66
323
212
124
152
59
179
149
382
165
313
17
116
107
96
95
262
354
373
289
41
273
225
370
89
76
185
73
112
48
209
191
81
127
292
228
70
238
274
254
398
258
269
129
213
65
230
308
269
334
3
78
284
201
361
84
293
246
285
56
245
294
96
273
202
302
36
82
162
324
314
386
101
371
191
139
277
151
322
42
149
369
136
92
361
281
11
2
109
247
353
318
166
0
328
32
307
72
40
246
215
351
9
301
315
129
231
379
342
312
282
338
150
232
350
111
100
234
324
326
218
8
142
228
201
348
83
88
19
71
348
20
301
150
25
205
20
347
373
354
26
353
87
117
343
44
41
186
92
125
278
50
147
36
361
162
52
391
277
183
343
148
222
355
354
21
150
24
388
119
377
323
116
114
211
366
115
207
380
125
178
392
336
207
15
79
128
125
331
299
352
373
345
21
362
224
40
31
285
166
63
148
361
250
298
277
360
21
294
315
206
71
238
166
263
356
171
44
205
172
56
24
240
77
364
215
259
192
383
108
330
199
194
10
366
193
25
153
119
76
78
94
173
177
79
157
188
148
178
79
208
311
352
348
200
296
186
167
17
253
396
69
100
68
304
103
32
235
147
65
292
39
397
176
65
385
98
215
80
186
41
89
135
322
314
311
63
0
230
397
213
272
266
174
323
30
75
308
260
280
377
105
280
163
344
349
30
94
324
17
202
99
3
205
233
193
263
63
316
59
221
338
358
184
399
183
97
78
371
286
352
46
128
263
100
78
327
295
179
391
258
370
42
1
119
324
224
32
281
273
12
129
17
159
278
124
362
235
256
78
318
44
384
56
262
33
76
306
59
399
393
90
36
380
373
283
48
159
155
43
141
358
206
325
148
319
13
155
262
223
9
329
67
334
5
360
181
182
230
272
22
67
137
184
99
333
340
39
146
42
47
217
382
17
95
269
166
251
2
258
315
140
358
77
217
41
19
51
345
58
190
155
12
121
394
167
311
328
179
328
336
41
183
131
249
325
271
301
272
161
259
233
375
298
398
239
260
1
38
325
292
79
135
236
6
280
61
240
280
371
387
349
173
327
50
160
220
220
301
291
137
244
128
7
378
244
271
31
57
158
178
280
399
254
253
236
254
211
195
18
63
203
323
213
232
2
154
94
379
149
9
389
213
222
194
67
340
112
3
310
259
179
266
77
396
229
234
235
22
4
308
344
325
332
340
260
110
94
78
374
56
301
6
378
226
49
57
269
149
129
246
174
51
112
128
114
198
249
261
266
49
195
223
195
14
298
110
316
174
375
75
59
262
314
292
112
71
140
395
14
83
106
182
306
177
204
225
81
2
218
369
189
324
228
338
9
111
373
348
217
58
14
354
157
392
182
67
44
378
241
259
41
255
107
40
93
74
325
99
278
234
90
119
314
277
174
28
225
15
15
324
314
48
110
164
242
83
162
359
46
352
142
396
298
19
341
210
59
42
143
138
369
92
388
223
281
159
376
264
89
8
347
56
254
144
287
219
254
375
354
249
171
34
342
95
358
301
202
282
0
195
74
114
210
166
124
374
391
55
73
264
36
14
364
384
386
147
384
228
286
253
66
60
294
138
335
270
350
385
314
67
149
194
254
389
73
303
34
383
0
171
210
24
44
312
92
116
337
31
60
314
361
164
391
314
175
38
372
162
361
375
258
275
89
126
335
130
97
251
171
123
126
261
224
366
348
183
53
160
43
302
270
111
175
239
25
164
136
15
307
340
215
131
305
84
214
274
248
119
43
74
32
321
166
81
280
301
108
235
6
123
360
315
80
361
65
201
369
109
351
328
193
293
72
234
184
392
235
296
143
219
229
95
253
266
76
131
137
289
258
156
128
273
137
5
102
223
81
45
376
244
168
277
114
189
368
108
235
123
276
387
164
133
334
213
144
90
391
141
267
76
243
160
215
254
89
100
320
26
349
207
275
63
354
255
43
362
187
367
228
106
356
41
155
283
71
372
62
394
139
61
141
295
261
9
77
13
239
233
347
166
372
271
234
247
17
304
98
136
378
393
155
132
138
49
377
221
317
89
32
110
260
170
80
291
264
102
184
377
88
58
338
32
268
166
198
94
107
264
389
103
41
75
120
392
203
90
356
339
198
348
16
343
199
278
313
77
383
300
354
91
255
10
361
175
268
76
194
272
146
125
68
15
21
225
264
21
147
296
74
22
0
378
94
201
242
276
333
151
277
160
222
126
80
150
279
288
69
235
91
330
353
40
127
351
89
70
203
126
211
297
83
53
323
137
96
64
308
149
346
191
219
353
364
236
284
74
393
40
114
209
213
302
79
226
280
381
86
393
101
217
29
82
171
371
59
128
241
38
240
396
260
397
25
345
314
62
359
186
318
367
61
96
12
142
17
82
284
362
26
180
226
363
228
188
164
366
301
63
25
372
63
235
341
22
284
41
362
2
83
363
43
9
15
59
6
187
48
142
3
94
304
97
32
384
384
148
213
187
325
114
106
268
50
372
141
85
200
306
216
379
307
74
8
314
29
58
252
151
67
208
223
9
288
158
37
80
252
46
301
340
0
315
165
346
285
126
33
75
164
267
202
341
342
178
315
205
364
47
83
257
390
246
379
224
182
146
42
103
378
61
142
46
8
313
349
102
118
335
147
201
303
121
362
360
363
165
130
385
164
176
171
244
105
187
171
235
220
136
293
175
192
200
202
89
344
339
124
199
163
145
90
220
190
165
270
322
106
358
395
173
143
70
231
40
178
54
41
83
284
383
99
288
363
42
234
98
394
0
53
282
114
377
109
117
117
232
257
289
277
229
263
258
256
238
62
141
315
163
157
160
41
398
279
66
48
284
249
110
327
118
371
89
384
241
336
288
306
291
314
285
126
168
277
162
125
57
17
46
155
190
161
213
138
157
300
392
22
293
365
128
246
340
126
97
373
379
104
322
384
28
343
189
93
152
311
47
59
19
262
28
301
301
196
123
213
399
384
183
187
131
96
326
80
188
19
309
329
113
358
305
371
365
190
3
97
297
177
261
268
105
113
398
259
86
320
352
36
201
9
263
117
22
172
39
4
312
13
126
225
154
32
200
157
299
316
185
276
290
56
154
306
391
53
300
350
353
215
279
239
232
273
191
169
397
289
392
359
53
332
186
234
174
1
216
325
277
220
260
286
394
113
169
268
85
294
236
123
45
362
386
141
303
240
6
343
33
46
309
195
10
5
304
322
30
339
296
273
45
375
229
15
57
138
154
202
188
395
271
14
209
151
172
312
178
208
355
172
235
72
232
280
120
20
145
305
229
214
13
197
140
34
274
286
148
116
3
274
138
16
385
148
104
397
227
23
264
78
364
158
152
373
24
343
355
284
379
292
196
302
71
34
50
256
86
124
323
10
396
106
155
62
73
37
112
332
323
73
93
89
12
309
122
0
174
227
325
252
39
105
139
249
158
321
265
270
158
206
111
151
108
321
336
20
165
4
164
114
175
275
105
182
372
385
73
351
369
269
277
255
184
87
82
323
340
138
316
159
153
321
352
39
132
395
278
159
268
342
126
278
96
362
268
382
356
11
315
75
120
34
44
22
174
277
76
175
185
100
200
169
121
27
55
123
295
369
54
192
334
329
18
297
22
147
390
330
349
378
282
307
27
174
7
127
324
47
299
207
182
108
239
226
99
20
226
45
236
41
267
46
310
335
36
182
328
84
364
101
399
68
241
195
224
94
18
139
241
206
216
4
292
273
157
29
378
241
331
380
379
236
168
393
379
165
349
188
124
317
366
213
238
321
366
182
130
275
229
230
230
318
302
25
324
109
29
50
349
83
326
350
259
355
183
4
56
113
273
313
15
230
151
51
168
230
100
103
272
1
231
102
70
265
281
358
374
269
55
315
90
108
186
35
169
237
92
146
173
313
24
152
242
49
339
389
213
121
391
76
274
283
134
117
218
121
308
6
129
287
199
222
82
286
202
72
325
94
289
116
355
255
95
279
156
198
140
267
351
203
334
66
54
30
178
123
255
253
115
100
357
390
84
108
41
374
51
194
311
382
386
308
270
384
142
22
147
262
31
358
45
141
119
71
174
388
239
224
9
210
254
312
5
243
260
153
196
139
342
189
334
344
315
366
243
305
57
197
27
246
208
365
317
303
156
307
73
324
175
216
23
368
316
231
274
281
0
155
341
54
7
383
6
304
177
301
197
96
270
338
116
83
290
339
308
57
88
300
383
264
362
292
376
11
174
147
121
59
19
204
386
224
332
143
237
255
257
33
37
234
319
148
22
69
199
277
174
211
317
220
348
105
252
182
94
278
27
352
243
175
36
49
134
23
113
355
243
80
316
227
361
54
228
13
179
325
144
304
91
288
4
29
86
25
334
319
179
77
201
143
236
319
151
67
313
19
35
41
234
236
354
184
167
190
35
250
316
344
218
261
131
67
244
253
207
25
203
229
285
216
127
94
358
380
47
251
389
112
84
29
119
313
271
19
311
334
4
27
134
388
53
355
296
239
323
256
43
139
226
192
237
202
143
276
347
64
188
58
9
24
89
312
25
30
35
32
26
236
185
216
91
317
240
163
75
191
169
169
287
231
391
128
39
122
332
47
218
110
347
350
190
1
93
79
115
76
286
388
7
343
344
225
374
157
169
147
29
176
91
283
371
271
256
13
330
398
126
361
86
43
161
172
127
347
253
210
213
152
348
307
364
386
68
331
167
237
133
112
383
50
52
140
103
394
186
321
70
74
141
159
246
52
356
39
398
75
55
44
215
252
168
84
123
207
24
357
74
114
331
39
346
190
162
286
344
81
12
278
164
291
208
172
137
365
386
30
126
130
158
295
188
215
85
8
191
388
119
89
387
112
21
327
156
351
200
32
156
344
393
248
141
65
83
126
170
104
48
6
26
203
234
246
389
339
311
69
370
226
364
313
313
137
76
61
102
28
308
126
91
387
355
125
81
5
316
28
372
183
198
216
338
118
200
76
208
208
175
227
35
275
271
53
200
291
130
234
159
115
182
207
162
246
275
104
67
277
304
356
170
18
127
333
316
224
142
52
143
335
354
132
90
197
78
57
109
223
208
16
22
282
311
375
209
159
89
48
39
61
163
176
334
367
109
210
24
192
258
279
257
8
381
17
235
209
188
110
75
82
161
167
392
16
88
296
278
30
76
115
21
122
343
13
16
317
141
120
309
57
307
238
287
7
116
281
288
182
333
227
168
333
380
102
325
336
335
374
230
108
317
319
117
212
66
283
43
332
180
316
174
257
231
86
120
399
366
74
258
132
32
396
198
176
93
18
278
378
80
369
99
283
47
65
369
360
232
332
47
219
135
141
242
151
360
47
290
183
97
330
93
134
294
154
205
269
375
229
195
42
328
43
37
62
352
239
383
111
173
1
176
138
154
50
271
225
304
323
377
210
294
307
84
86
186
61
326
26
150
341
109
317
205
315
201
94
219
275
107
306
310
399
111
252
122
61
342
72
15
278
160
302
299
74
8
317
239
67
333
322
393
72
155
278
98
332
127
388
371
132
298
310
398
104
274
112
148
63
77
290
35
338
351
293
129
244
101
86
36
284
88
238
139
41
193
108
126
394
251
50
362
269
323
202
300
162
87
345
285
280
184
334
198
249
252
209
262
0
164
312
9
94
7
288
306
351
150
366
123
382
147
95
247
234
184
327
200
272
326
168
379
266
76
36
345
271
306
301
267
67
218
339
81
302
343
336
117
56
28
219
288
18
48
168
307
312
190
110
102
168
283
251
166
325
57
286
103
382
301
18
87
230
262
322
185
247
297
135
142
219
390
107
271
158
374
30
38
9
187
357
395
127
29
245
285
169
337
337
252
190
188
174
336
110
351
229
71
222
352
0
121
297
330
371
112
63
137
95
236
303
284
88
302
377
105
102
13
328
206
282
9
380
243
64
153
103
61
192
164
179
371
300
264
132
119
365
94
316
224
310
55
97
260
112
90
128
104
338
333
173
226
396
209
181
347
5
124
324
71
232
308
152
374
191
394
17
120
230
32
36
231
362
143
89
219
220
88
18
71
370
290
57
292
51
362
303
276
140
11
70
8
349
204
214
147
170
398
364
318
204
249
357
353
151
296
195
365
369
0
20
323
167
350
128
330
348
258
18
12
336
237
218
204
83
112
61
309
50
21
41
102
188
399
241
263
269
220
195
218
399
63
136
13
23
116
189
260
124
12
222
325
164
195
111
296
369
19
342
197
218
366
214
128
349
3
314
277
345
181
212
272
399
39
187
116
26
86
165
309
314
297
121
49
153
101
257
172
193
35
181
281
226
340
161
252
83
237
217
373
72
48
389
238
273
121
124
216
173
200
9
90
157
318
186
68
22
30
179
80
71
26
177
35
20
321
234
192
340
339
320
62
289
271
43
86
85
250
281
309
71
80
233
275
107
32
270
240
201
122
387
266
275
145
82
283
116
187
72
169
394
218
346
85
234
184
157
327
43
153
176
326
76
330
61
65
20
378
355
349
184
303
215
182
28
61
220
199
365
149
0
258
34
159
93
292
5
71
267
363
12
129
288
257
31
206
98
110
47
227
380
312
262
114
284
271
368
254
320
343
216
289
203
267
7
91
68
398
376
93
290
180
206
66
61
79
72
191
110
96
395
41
316
211
195
65
318
281
352
315
82
267
118
9
242
398
61
79
204
160
31
27
48
325
33
13
116
243
246
227
197
183
347
322
330
131
81
257
113
347
52
210
379
396
267
272
35
64
335
176
272
372
62
396
390
163
134
381
290
42
55
186
86
356
211
74
329
85
110
80
326
215
124
209
315
192
121
82
215
371
246
171
4
361
237
111
322
367
388
368
297
260
303
4
222
341
215
230
118
129
300
295
322
318
74
358
389
215
158
298
304
296
69
162
276
145
263
216
329
273
369
224
224
330
328
159
362
318
319
363
181
214
323
10
330
95
214
91
285
14
387
137
295
16
329
213
258
216
71
55
153
184
55
163
279
304
394
250
150
39
71
380
379
230
196
220
267
115
76
133
372
286
27
209
354
275
14
114
310
363
115
90
159
229
202
240
256
341
66
170
203
239
3
46
153
194
63
204
110
82
33
222
286
198
5
276
369
297
26
214
44
32
28
385
70
267
253
349
278
48
180
332
130
376
260
318
175
308
365
332
313
89
262
335
358
236
22
89
166
185
299
164
101
357
254
246
210
242
263
28
246
96
286
65
370
12
211
170
186
169
327
247
225
48
264
52
219
272
320
367
85
28
78
90
372
238
0
173
51
306
223
157
328
28
223
22
371
172
399
150
207
276
225
148
297
303
397
176
358
96
27
376
22
271
346
300
273
29
84
196
262
221
190
320
326
335
129
187
60
192
56
389
204
4
166
382
265
31
280
346
54
91
329
197
120
191
90
263
53
63
285
200
13
77
146
274
233
237
268
341
89
205
37
44
330
384
177
28
176
321
29
17
305
213
176
247
152
106
174
151
51
130
294
289
314
373
288
28
332
160
95
158
248
388
155
221
102
345
215
10
38
37
90
98
319
338
263
131
372
111
331
174
5
387
96
134
346
55
78
56
19
297
82
349
53
396
267
333
354
292
178
256
1
146
79
116
390
29
313
366
264
129
282
147
192
102
267
292
36
112
265
360
88
137
60
294
329
393
241
369
8
253
378
60
25
385
186
173
333
34
257
73
217
319
195
233
179
6
83
189
113
197
78
48
179
309
135
137
208
185
371
396
212
145
175
35
71
360
222
315
306
183
144
380
24
176
356
291
235
245
80
68
23
261
351
130
181
149
36
245
352
393
20
24
119
385
68
186
358
109
171
347
319
87
252
156
383
323
369
48
43
368
150
219
50
295
105
299
173
95
195
340
206
241
242
136
54
215
113
109
169
270
302
326
137
327
354
368
234
332
61
399
78
100
318
309
8
292
225
396
230
203
30
271
128
127
336
173
125
50
245
147
340
251
72
321
27
311
326
95
59
177
194
168
204
212
326
313
51
376
116
132
265
77
142
375
126
337
278
210
91
102
11
271
124
256
308
168
109
89
352
244
89
283
208
368
255
352
62
142
364
48
72
110
295
193
156
252
75
181
264
88
87
31
243
323
25
279
105
18
153
175
341
362
238
150
178
143
59
306
58
318
346
333
381
206
257
284
266
198
376
138
138
350
325
111
251
62
194
84
214
122
6
73
111
277
2
334
236
277
207
23
333
263
140
210
23
213
166
148
372
265
287
41
308
268
183
120
367
301
231
265
88
156
23
313
362
244
262
282
64
211
168
251
72
158
201
260
366
19
175
329
276
198
284
78
29
224
394
335
172
42
13
208
95
66
338
276
375
96
274
342
360
85
229
390
121
247
151
146
282
355
277
103
339
298
319
96
352
180
373
87
264
334
347
65
297
152
286
191
232
102
242
75
100
387
11
145
71
243
137
382
52
234
89
121
100
72
118
145
111
341
298
84
140
40
316
172
218
350
233
7
174
249
222
258
166
46
128
87
136
54
78
266
234
356
252
55
200
126
268
209
63
274
276
289
386
86
346
28
331
122
340
338
249
232
349
123
144
226
381
19
386
73
36
144
102
87
21
383
49
116
80
211
349
362
326
55
251
247
155
32
350
279
36
135
355
299
15
121
350
111
397
234
54
119
324
78
93
324
359
42
81
299
141
395
78
254
119
10
9
212
384
28
142
327
11
322
394
73
350
368
161
199
166
261
62
386
273
395
215
188
102
333
374
393
377
388
340
332
324
356
108
281
172
13
79
222
300
230
325
127
214
65
18
132
295
281
167
109
317
211
174
291
224
15
27
200
140
230
121
344
165
179
5
103
226
179
141
107
187
247
314
266
303
26
7
137
344
104
125
73
103
275
149
19
214
321
187
254
336
381
272
143
342
203
274
295
160
152
317
227
345
95
27
240
291
334
355
223
241
308
313
259
327
67
276
293
211
224
302
47
93
252
395
365
384
110
15
92
347
201
277
345
52
80
198
348
110
193
24
265
107
370
340
26
142
159
379
157
139
363
161
112
383
231
184
96
199
237
374
153
339
80
321
171
367
395
313
103
300
297
227
45
350
54
197
123
159
310
138
35
140
177
367
128
399
368
228
296
298
71
251
208
210
191
300
238
79
40
256
204
134
74
287
300
213
286
238
235
196
321
374
156
302
271
176
382
46
279
377
181
325
52
201
131
147
77
93
226
325
357
100
91
169
166
221
50
123
106
301
169
377
386
187
398
23
213
337
349
294
101
60
17
178
202
29
221
20
341
334
271
116
104
60
118
132
16
282
135
180
23
197
348
242
329
247
344
145
156
18
353
261
83
396
356
239
166
195
384
254
190
62
358
280
19
259
376
373
2
279
144
328
13
226
315
109
2
28
37
295
54
227
74
250
306
55
206
200
71
24
179
222
346
209
332
353
140
300
366
352
177
332
285
205
203
340
297
329
101
37
199
91
125
372
54
323
195
340
351
229
192
4
107
282
166
77
115
72
48
76
130
194
167
69
186
211
232
172
340
354
36
216
291
67
7
214
245
121
179
37
218
279
34
386
79
253
262
278
8
382
272
82
227
172
383
63
57
0
346
45
291
18
82
333
160
230
395
51
366
350
107
255
317
122
264
60
381
349
363
100
2
261
31
355
312
277
53
237
107
237
221
205
162
43
97
250
87
251
3
84
109
3
266
8
175
184
74
256
339
37
269
180
22
104
140
82
86
46
364
208
206
18
235
160
316
397
107
23
337
279
274
292
70
215
319
53
321
5
32
328
217
357
281
131
33
238
13
59
285
109
10
347
229
241
78
256
189
111
351
376
81
156
24
363
82
43
281
252
319
290
154
172
380
234
189
214
284
388
22
225
284
305
250
261
111
393
9
366
310
130
274
217
309
333
301
343
57
306
171
162
254
297
381
296
162
255
157
259
139
192
385
343
298
168
391
103
361
96
187
135
136
174
388
355
28
42
278
142
337
91
235
383
361
227
229
397
211
154
10
138
41
4
178
181
137
187
76
228
75
127
392
388
241
377
364
216
186
241
366
10
244
382
278
16
160
203
128
205
127
95
198
64
332
57
232
249
315
94
55
300
150
41
342
375
215
277
189
116
357
315
346
145
114
137
310
311
20
224
126
370
238
286
395
45
243
57
51
336
85
98
21
266
205
206
128
277
322
151
159
344
372
12
273
79
152
352
129
382
85
145
230
332
397
308
294
144
37
362
25
2
65
384
391
183
150
190
293
210
32
204
303
341
260
257
143
180
88
77
52
8
103
244
278
296
86
305
158
256
259
341
71
91
151
67
230
350
380
262
53
42
10
341
97
306
328
160
16
92
49
372
125
124
264
82
315
205
26
314
390
249
25
280
255
44
333
385
336
35
329
230
138
380
127
332
203
164
231
238
130
373
57
335
75
57
189
220
26
74
357
337
207
55
254
276
349
10
386
223
294
173
326
284
239
24
272
95
42
215
133
392
73
50
272
352
201
304
130
60
396
95
52
115
122
48
242
260
237
316
62
278
114
374
255
339
71
163
311
11
23
377
344
100
190
319
249
373
342
242
33
213
245
334
88
337
326
287
391
211
338
15
332
228
246
217
360
29
294
43
216
17
67
110
375
325
56
362
371
305
34
161
165
91
224
177
286
398
393
212
148
240
299
191
3
83
62
254
354
141
102
309
215
328
74
175
22
18
187
326
60
211
342
35
123
16
297
333
188
176
333
57
29
44
135
299
377
329
135
376
293
260
139
272
246
53
70
258
252
357
241
317
118
177
272
47
237
242
92
266
81
103
205
244
59
76
123
186
233
64
79
237
266
285
292
207
261
304
140
184
286
167
2
150
357
336
223
70
73
270
319
115
13
228
259
170
280
331
31
285
36
55
197
293
139
147
46
121
100
359
60
138
385
281
334
347
20
23
204
1
222
122
139
311
310
29
325
60
134
109
77
223
289
146
170
249
193
337
218
319
73
22
121
122
197
326
361
331
206
326
78
15
112
168
297
145
290
304
205
347
91
114
211
345
58
327
220
111
169
30
208
337
24
347
59
149
298
135
227
158
120
337
243
269
105
63
290
276
350
286
77
229
359
249
333
271
8
293
124
199
281
59
142
28
298
7
98
321
180
150
112
286
265
142
60
105
60
19
286
84
131
373
83
328
128
377
131
380
245
107
279
28
202
134
331
161
6
164
298
12
209
83
116
29
228
315
40
395
98
291
292
385
52
340
125
379
251
160
378
36
261
364
130
379
384
245
285
188
91
9
205
279
102
86
190
152
8
27
99
262
58
278
8
398
232
212
167
365
291
136
1
98
296
290
217
331
101
386
199
355
35
100
234
307
284
64
65
294
5
118
16
134
194
28
349
134
120
220
342
106
253
206
170
368
363
248
53
154
141
160
391
59
257
318
239
375
238
172
194
93
86
245
206
285
167
367
54
17
111
255
123
56
191
227
56
196
389
312
164
378
14
350
82
149
25
220
34
267
180
319
253
166
288
181
293
336
109
216
286
44
254
184
53
51
211
87
280
233
7
374
135
353
62
219
321
329
102
99
7
355
180
29
223
245
22
160
0
18
313
83
357
244
179
119
58
211
65
264
214
265
60
169
288
267
52
59
176
59
3
248
359
294
163
309
260
286
188
187
237
388
158
40
177
289
303
115
155
324
330
47
281
10
374
302
341
285
199
39
178
15
65
111
246
50
50
275
276
230
142
128
284
308
372
181
41
250
13
66
374
311
330
301
39
106
260
391
166
220
222
175
95
209
198
327
62
284
340
228
390
9
13
6
359
267
292
328
317
58
397
12
15
294
299
60
36
298
103
127
377
176
262
157
103
78
292
95
284
31
321
398
379
392
387
35
195
182
142
121
295
339
2
324
184
350
26
310
295
29
302
367
89
368
310
241
163
388
297
195
185
60
369
343
236
104
203
178
92
298
98
81
199
247
67
231
269
133
222
59
398
43
117
198
387
264
292
338
329
355
30
368
20
258
398
129
381
280
27
259
225
311
228
323
122
106
137
328
378
293
89
257
209
84
308
247
330
363
135
385
14
335
303
190
135
99
330
188
96
309
172
342
273
305
56
60
1
325
227
181
14
248
335
116
312
231
135
264
161
131
304
380
365
231
360
174
119
117
176
296
49
304
56
42
259
313
393
244
76
190
346
368
297
348
249
181
233
381
76
182
240
164
244
266
103
227
215
394
122
18
99
315
317
374
288
88
219
317
382
370
273
250
217
223
168
293
113
312
372
127
175
152
312
157
144
44
57
204
161
246
4
169
5
350
277
347
237
79
117
292
31
324
346
86
378
75
85
58
178
215
258
22
250
398
215
310
15
245
184
49
390
250
336
318
328
108
388
272
139
178
14
226
391
203
361
21
167
30
116
181
207
303
280
174
346
32
182
54
298
191
350
318
88
322
24
232
79
26
36
98
149
264
367
211
165
183
212
374
48
372
124
111
384
65
35
152
375
380
139
201
165
24
7
385
133
225
301
121
180
324
134
118
345
182
348
157
276
363
88
116
12
215
20
338
111
155
77
154
128
366
297
148
248
127
320
43
283
244
100
34
267
77
31
248
250
110
252
151
221
357
86
80
319
321
306
143
360
299
278
186
390
31
197
76
203
158
95
397
240
368
359
259
356
44
115
124
28
254
142
175
253
207
322
49
224
196
220
24
199
363
343
252
283
79
385
198
384
273
203
65
154
149
371
238
97
275
198
42
325
205
49
55
327
47
167
291
358
395
238
110
249
5
87
62
336
335
242
51
398
150
22
16
225
177
145
74
168
220
355
366
248
323
382
305
25
97
96
45
220
151
156
276
50
65
349
117
381
214
221
284
89
332
38
189
138
228
4
39
69
71
275
66
228
111
179
362
10
289
155
158
312
250
22
353
378
240
191
309
168
382
288
33
178
221
157
267
304
145
376
224
104
115
46
102
228
375
190
211
74
138
289
90
115
285
304
323
242
147
126
65
356
292
175
295
369
45
292
371
238
176
128
345
45
1
373
372
50
351
185
328
214
219
35
176
264
144
313
361
323
136
89
21
163
228
107
38
210
395
5
314
161
357
124
380
383
352
389
345
174
228
165
64
232
10
340
312
28
105
242
332
29
94
151
130
160
367
257
296
224
289
369
153
14
262
68
84
264
247
263
167
374
33
280
318
98
61
345
253
46
236
170
20
244
330
53
206
265
151
350
8
10
173
252
291
7
216
250
263
4
204
44
119
60
48
95
37
78
294
42
163
137
131
193
152
165
3
111
200
185
9
385
110
233
107
244
315
76
142
48
184
287
189
86
82
320
395
258
208
11
130
188
314
218
68
120
222
173
295
212
398
227
262
264
78
306
381
358
66
159
204
26
255
215
387
359
156
215
234
105
297
211
58
62
111
207
346
396
366
159
316
246
356
251
131
395
183
25
289
273
219
51
146
119
92
265
217
135
44
166
61
383
91
298
102
115
334
78
251
302
282
52
52
378
24
44
269
47
36
277
59
214
391
10
273
328
287
367
270
27
58
393
88
301
214
307
355
289
142
175
324
101
204
48
203
141
138
68
84
271
219
366
321
16
234
388
385
338
109
11
81
265
23
132
176
316
231
86
116
144
54
12
16
388
88
385
15
95
263
183
227
163
107
297
127
256
95
339
166
267
262
317
24
131
149
394
99
41
157
221
49
159
272
18
24
183
294
130
268
74
358
110
178
65
117
13
60
140
348
164
1
134
389
121
182
8
314
204
284
313
14
52
89
112
64
21
389
44
106
271
353
95
212
185
180
152
24
205
58
396
15
314
166
276
340
122
332
346
194
325
180
166
119
331
107
158
62
97
117
210
163
6
69
39
295
384
380
170
253
394
304
236
293
49
383
332
308
128
308
80
365
299
312
52
31
395
321
125
130
208
108
268
20
78
85
395
241
30
297
317
83
223
306
167
312
397
387
39
174
69
249
25
135
61
196
18
25
208
139
183
299
294
341
148
44
109
379
390
121
355
262
212
50
370
296
1
181
250
80
241
41
53
229
352
131
384
51
136
80
86
53
200
352
33
253
185
204
202
262
266
180
67
121
75
333
10
95
13
235
124
336
258
8
255
223
238
184
199
217
182
61
16
334
204
53
87
389
124
372
110
1
94
18
113
160
138
12
317
287
183
255
194
191
3
288
98
349
319
130
41
290
118
345
189
295
212
34
384
327
224
99
186
374
320
162
258
377
90
2
357
11
345
234
334
123
43
100
184
213
243
280
327
341
220
338
184
239
146
8
275
79
217
354
224
294
323
123
231
396
84
244
262
180
24
138
167
29
304
175
101
354
65
273
237
361
271
335
240
357
33
79
334
55
136
271
98
216
232
209
77
167
242
120
96
262
338
384
361
360
370
333
162
198
231
33
37
323
51
278
276
189
247
108
367
13
202
145
49
222
342
129
38
121
263
158
210
117
193
208
192
292
115
184
265
29
70
235
84
361
173
161
150
52
100
62
316
59
208
164
163
362
373
55
108
258
184
190
111
391
198
44
162
216
171
399
100
236
155
330
142
321
288
282
59
278
102
115
153
181
365
122
97
117
311
374
180
69
22
31
209
62
152
368
231
386
230
134
216
137
19
4
395
186
56
31
114
184
80
180
97
229
174
66
280
311
136
1
151
316
47
13
132
197
149
392
202
238
292
344
85
147
196
18
117
23
256
11
285
186
381
28
34
215
303
191
219
133
70
138
342
305
340
389
152
152
215
223
282
1
271
373
81
12
147
129
348
31
395
65
287
156
71
66
115
132
183
337
138
90
87
337
369
61
70
185
346
260
331
356
349
88
287
207
324
51
25
199
293
147
377
10
273
230
198
16
33
182
158
278
86
256
132
262
164
104
315
396
324
242
75
125
226
333
307
97
196
74
14
70
36
67
49
391
191
108
361
165
263
321
57
262
357
88
121
250
144
37
377
326
353
40
57
307
59
247
194
362
371
205
136
278
336
208
218
301
156
20
246
275
346
281
367
373
330
33
107
287
347
30
103
210
248
338
270
150
3
212
264
267
16
144
351
62
292
265
357
283
310
0
44
308
99
372
191
159
345
228
139
359
150
347
65
153
231
87
6
378
45
22
176
156
282
398
27
367
126
65
149
234
184
340
141
196
24
177
384
15
68
63
351
204
365
211
185
255
332
32
62
346
149
80
291
348
350
227
53
72
122
103
140
362
374
59
201
38
129
121
78
327
214
237
40
243
382
174
332
0
135
77
112
356
72
149
143
108
298
154
4
159
286
30
21
176
353
359
339
83
349
361
14
188
306
152
58
106
107
318
335
73
9
122
93
109
399
230
311
244
63
187
364
157
110
112
197
48
68
321
101
248
229
26
40
119
380
220
123
332
365
362
36
337
317
157
243
168
223
48
299
230
268
332
58
240
113
94
47
189
63
347
78
111
153
50
116
53
360
394
201
170
17
349
386
107
289
385
388
263
72
357
144
263
308
225
295
245
254
43
64
290
179
294
302
23
70
75
311
249
121
37
205
378
221
1
336
329
378
60
288
46
14
141
152
372
129
189
124
128
159
251
143
108
391
175
132
45
193
252
313
237
132
242
249
32
77
79
126
46
393
273
242
189
357
381
43
310
309
29
225
338
244
386
61
43
131
353
298
122
107
24
53
298
221
148
43
110
131
22
243
266
73
334
2
3
158
151
67
178
90
1
340
70
231
196
349
309
280
288
323
288
211
304
235
166
98
9
143
193
214
168
19
52
252
197
33
57
327
99
102
40
370
131
379
329
324
21
290
14
20
51
387
129
229
128
210
96
136
355
6
49
136
17
62
277
194
129
134
307
384
247
220
121
87
230
193
292
85
205
85
333
136
352
223
240
316
18
368
268
146
110
300
314
126
109
328
280
34
336
176
91
76
70
139
351
274
158
113
210
53
391
93
262
318
255
192
238
34
349
102
260
372
82
157
295
286
185
170
112
34
170
256
325
285
67
112
31
313
218
305
155
209
39
88
293
227
226
80
305
377
241
141
342
87
27
180
310
131
283
281
9
2
250
133
34
8
354
41
385
163
352
115
370
89
359
377
75
114
123
164
132
101
102
376
203
334
281
206
172
89
150
237
200
309
178
117
206
267
309
338
56
4
225
309
159
250
53
168
148
219
225
18
218
257
265
303
34
261
170
354
295
251
226
275
44
353
332
116
364
357
323
256
399
98
275
46
158
99
9
28
82
12
212
8
303
84
387
220
185
356
289
67
370
176
260
251
232
289
144
391
232
127
399
47
153
250
194
339
197
115
184
24
381
310
139
154
243
320
105
113
35
329
53
377
343
29
291
182
16
176
169
270
26
143
6
122
68
358
314
178
245
314
213
393
294
76
362
220
144
105
153
163
248
121
387
150
272
4
314
301
35
194
216
194
147
289
11
244
229
117
324
91
252
84
374
262
54
257
250
342
2
113
324
99
198
221
356
161
24
5
267
209
209
7
368
297
106
392
324
204
166
143
326
169
379
0
205
118
156
370
275
336
342
360
391
392
276
37
13
378
328
27
223
149
301
40
260
204
62
248
365
274
18
368
283
51
69
120
190
292
161
23
202
166
253
216
183
292
28
188
26
353
241
97
177
201
68
234
339
358
45
398
310
150
395
115
201
219
240
53
266
73
246
94
129
45
272
104
239
288
328
4
152
194
320
351
4
256
279
274
240
308
226
234
141
78
258
10
192
380
187
42
356
279
298
265
140
11
52
175
133
232
386
124
70
233
105
194
54
148
227
286
164
229
360
249
359
232
52
99
111
133
3
327
132
161
365
279
126
342
312
258
254
230
1
138
250
383
148
358
154
247
85
105
201
395
375
169
151
206
326
106
246
274
226
314
71
184
340
338
255
392
58
156
207
224
351
130
334
327
187
92
141
95
329
129
51
250
370
121
241
103
204
39
290
266
105
42
205
53
189
248
6
381
121
393
74
218
342
62
74
367
256
280
23
198
313
104
334
364
60
334
85
330
358
96
39
357
298
54
213
390
379
113
18
344
212
303
249
389
132
23
245
172
296
121
316
313
379
330
107
306
2
94
272
287
299
31
96
182
297
23
171
385
5
324
367
120
189
155
11
210
287
284
82
16
239
57
243
20
178
344
339
282
19
51
234
252
170
216
190
319
317
52
385
383
388
64
387
180
377
214
317
204
190
273
329
396
92
8
130
396
30
389
246
353
259
293
316
108
208
277
68
305
252
275
260
43
74
78
75
246
281
299
146
156
388
396
154
186
377
153
372
36
266
19
74
136
36
382
174
253
157
138
342
104
310
289
279
334
393
190
197
308
52
398
219
141
64
133
252
258
335
26
116
68
194
112
235
122
130
346
192
376
252
231
87
312
386
54
100
51
263
128
374
259
173
367
384
3
9
362
283
163
40
55
238
301
373
7
112
365
69
232
122
274
87
102
2
166
10
111
156
304
146
340
350
47
199
363
133
375
373
188
93
299
253
117
175
352
269
202
92
320
349
7
269
241
317
143
291
67
128
294
314
223
395
28
199
87
62
89
137
229
270
163
390
83
144
243
360
245
389
112
49
387
9
25
86
139
392
173
225
355
308
368
260
205
68
37
348
145
114
230
11
362
323
198
348
385
343
369
26
117
214
57
23
267
290
295
194
358
189
204
221
120
39
288
270
131
129
110
30
231
374
66
335
147
277
116
177
240
192
22
166
243
156
93
79
265
302
195
99
377
310
393
84
44
237
59
109
218
123
142
319
78
145
356
78
51
12
71
4
246
139
98
300
157
174
290
121
351
302
370
266
232
36
34
138
155
266
366
186
389
115
318
362
374
234
228
121
233
321
270
178
80
229
105
162
205
185
365
332
327
174
392
38
245
299
331
237
103
0
204
212
137
334
177
155
336
16
259
224
310
150
4
243
295
177
344
3
305
203
1
34
52
383
176
191
37
84
170
66
271
205
114
96
263
352
322
197
189
392
19
341
287
39
185
21
21
343
249
330
113
43
322
35
154
351
374
117
152
127
265
250
336
240
319
317
301
394
342
24
218
354
384
234
178
284
164
165
198
122
105
395
333
331
200
57
223
168
2
340
342
126
376
287
26
309
180
234
169
8
32
69
137
259
187
54
4
168
164
183
363
61
262
252
2
1
254
82
289
263
397
226
356
144
118
71
208
12
135
13
358
187
203
117
217
307
384
17
30
231
242
317
14
174
292
254
82
254
224
390
122
381
31
52
211
336
255
128
138
84
376
125
209
360
273
309
222
109
284
306
274
121
269
364
160
223
399
57
229
221
61
296
106
125
193
24
218
113
5
397
94
28
203
164
175
124
304
242
163
22
65
138
353
58
84
383
262
309
212
305
218
90
192
98
261
144
396
162
248
152
176
275
146
118
153
330
243
107
11
347
89
193
320
293
148
261
108
23
31
388
267
353
258
254
194
99
388
335
268
111
270
172
117
158
252
119
50
223
291
213
92
123
349
216
326
26
299
279
136
188
170
193
310
385
158
87
309
3
332
265
153
280
141
276
179
218
131
298
102
114
28
97
293
358
133
44
340
257
377
332
194
234
18
107
1
121
157
54
218
294
394
97
120
180
38
126
15
348
384
65
71
326
260
3
263
27
195
397
211
139
188
46
291
331
230
310
60
282
321
221
106
353
276
274
274
268
372
187
75
174
362
334
375
162
187
348
321
260
5
219
84
331
214
100
190
109
356
225
358
354
97
0
20
88
314
328
386
380
349
260
285
294
294
67
188
279
45
198
53
294
334
300
387
217
288
266
236
1
360
343
294
196
249
100
324
104
88
198
237
34
65
178
102
62
32
108
131
61
197
58
74
110
110
168
168
219
177
117
15
167
155
160
36
341
376
231
317
258
292
249
38
202
220
204
280
92
21
3
103
301
192
226
125
220
33
242
109
177
275
125
293
224
158
87
268
23
64
106
92
135
227
170
122
173
38
122
304
233
211
5
200
54
45
345
200
386
146
306
323
264
253
191
194
91
145
315
352
35
83
309
377
91
323
16
130
160
249
113
140
371
110
90
32
261
247
318
165
182
15
166
176
206
222
131
52
165
282
143
350
359
8
68
41
37
215
119
373
195
56
196
158
138
240
140
268
108
4
77
266
343
77
208
276
70
274
125
296
202
331
26
72
106
132
7
293
79
296
94
47
373
193
328
368
376
222
40
79
364
264
103
303
67
353
70
256
29
359
295
163
59
342
93
323
346
261
394
72
268
268
250
182
362
40
292
88
164
184
111
61
152
315
183
134
65
242
135
17
223
314
121
145
178
11
1
338
177
173
391
159
126
99
274
264
21
224
123
170
310
180
191
326
312
193
352
394
289
158
327
151
49
329
46
191
144
197
172
62
367
265
257
69
80
4
168
228
168
7
344
330
165
341
81
298
248
255
258
161
140
265
46
12
379
266
361
256
17
245
233
390
77
218
0
206
222
84
361
303
95
393
273
123
164
322
89
11
370
390
207
145
253
90
56
44
362
344
285
142
279
390
238
313
198
58
389
36
0
293
376
114
240
157
250
327
359
337
371
66
370
184
305
22
73
300
386
382
142
374
244
42
283
140
205
276
124
206
357
23
115
345
104
192
334
128
2
358
50
98
186
275
356
331
155
323
337
98
176
180
249
198
172
153
312
44
180
159
397
104
184
382
329
320
13
144
254
189
89
55
132
331
382
60
197
187
298
139
361
272
327
280
364
269
357
395
275
50
122
259
148
297
284
91
175
138
381
224
299
149
219
78
157
269
24
314
118
325
209
177
216
202
315
7
365
355
298
247
381
331
97
92
183
200
222
120
221
238
256
182
340
208
27
294
353
82
317
319
115
125
217
86
247
248
240
345
3
387
385
93
271
394
203
262
220
375
241
337
179
162
347
376
128
212
189
283
362
318
255
125
50
54
326
94
188
301
395
219
339
258
210
95
338
112
240
256
146
148
142
189
46
39
343
14
324
256
338
181
359
384
209
61
145
376
4
288
390
281
75
271
238
166
189
40
140
248
232
33
386
236
252
250
150
337
287
33
81
162
331
101
299
68
37
26
308
223
262
355
133
53
256
380
24
216
213
171
377
305
262
311
181
283
111
188
46
30
256
235
40
296
15
178
396
104
188
366
211
208
117
20
195
207
127
275
262
269
260
277
341
372
118
317
248
139
242
23
331
328
199
29
94
344
129
57
181
84
154
67
144
282
56
135
201
201
359
386
140
319
366
138
272
139
150
377
136
253
255
94
218
320
173
70
136
78
389
141
155
208
193
316
355
8
134
73
196
210
202
233
160
28
305
397
233
399
383
287
310
289
329
274
313
136
133
340
252
305
187
259
252
190
85
390
168
84
228
172
307
367
1
364
161
210
125
89
177
9
367
299
147
168
341
241
58
251
243
98
277
33
219
371
175
323
35
114
342
349
367
37
156
304
63
390
250
229
123
63
359
335
7
398
144
196
370
217
113
212
50
121
41
223
251
134
174
49
265
151
23
22
197
233
342
161
237
32
225
389
76
367
385
341
102
236
257
12
61
4
330
111
208
330
287
73
322
282
288
282
6
123
75
276
80
303
58
325
232
288
83
186
201
267
91
60
0
355
168
346
63
211
374
207
211
181
282
378
107
91
113
269
81
79
8
272
303
117
269
64
346
205
378
202
224
281
317
11
153
26
291
44
24
135
198
383
281
119
356
130
47
154
101
135
280
392
144
50
119
119
94
101
256
104
131
190
255
88
373
336
214
378
140
248
164
156
195
94
90
284
49
243
306
269
0
117
27
15
233
238
195
191
132
388
398
261
240
33
156
168
66
386
41
54
192
253
340
194
139
367
325
282
90
344
254
93
288
85
353
181
371
258
258
282
90
5
378
302
57
66
157
182
397
33
299
361
217
332
292
210
316
100
93
312
375
79
311
25
99
40
135
37
38
8
379
338
11
92
109
231
203
396
313
84
251
117
260
350
244
93
48
353
302
35
191
300
180
351
269
249
197
355
2
17
292
217
10
370
317
35
386
238
132
347
76
240
69
330
181
80
14
133
363
302
345
110
385
248
365
56
8
315
20
375
328
390
81
170
40
153
203
127
26
349
284
151
57
81
67
209
219
232
156
198
172
212
344
350
314
6
48
337
25
394
328
211
43
312
217
139
395
298
348
93
267
366
64
207
161
348
374
324
182
41
318
342
121
100
130
30
49
160
197
90
51
88
280
328
162
298
127
68
35
274
9
326
397
55
47
303
76
329
389
103
70
170
190
294
363
177
68
272
183
206
359
130
314
240
300
317
297
233
44
114
376
142
167
206
211
316
31
102
199
193
147
4
51
176
315
208
224
68
133
224
214
123
286
399
350
395
268
336
335
119
240
340
11
300
220
234
374
10
209
162
309
46
125
157
66
75
233
181
53
392
332
148
374
184
299
355
150
260
99
95
257
399
174
333
79
49
11
126
81
39
215
155
19
45
82
209
321
196
176
145
217
353
169
73
23
221
269
134
150
0
313
233
241
73
338
36
173
363
100
18
108
104
312
132
4
326
8
127
182
64
244
38
199
394
152
189
95
284
100
137
143
185
171
271
198
264
382
180
35
360
114
177
241
120
366
227
320
245
379
201
101
65
144
229
124
54
163
154
395
173
141
57
2
354
71
367
203
66
62
89
63
226
199
397
345
359
58
245
27
225
2
354
83
357
295
113
185
77
85
390
157
57
5
42
202
217
51
82
316
254
74
180
293
202
396
332
242
184
34
373
243
384
300
66
343
307
132
147
262
388
212
307
348
58
214
100
378
347
318
68
118
183
307
33
108
122
11
249
282
39
270
260
189
57
240
387
65
398
254
215
22
216
199
115
379
12
132
327
218
79
137
133
39
197
4
239
169
263
308
114
342
339
245
50
287
269
277
266
203
221
366
276
42
385
131
151
294
242
198
77
182
85
353
81
325
376
297
20
395
136
134
139
361
160
221
261
94
174
206
391
42
198
158
51
155
211
291
351
117
137
70
283
268
214
81
359
310
120
245
292
27
162
343
102
358
182
63
29
348
246
79
17
256
115
345
316
146
213
237
311
90
302
381
84
230
380
50
220
152
190
140
288
32
356
189
36
209
60
118
239
141
279
326
143
92
41
15
136
3
21
3
25
242
55
353
390
5
152
274
138
36
19
136
203
56
227
212
26
81
375
373
246
186
70
178
104
398
322
28
276
153
336
326
327
286
279
394
383
235
141
373
92
333
240
345
293
127
53
109
90
242
112
202
342
165
66
387
140
286
92
195
251
372
390
190
81
142
389
260
122
104
81
322
149
337
64
311
363
198
45
344
302
342
165
57
33
73
106
170
263
275
112
212
237
72
309
179
54
396
184
141
58
270
82
349
39
337
347
339
80
359
306
337
300
160
222
293
37
297
126
144
132
285
392
75
43
249
118
239
33
271
265
284
40
339
181
205
206
270
116
221
129
247
120
45
316
91
90
295
196
223
395
12
101
285
342
234
230
229
175
184
2
166
201
148
78
111
218
268
375
19
377
5
398
133
291
57
205
131
165
32
242
320
295
300
155
130
341
17
386
219
380
34
92
306
152
286
47
347
261
154
282
388
37
35
188
267
50
232
372
20
83
322
320
138
36
124
242
130
246
221
174
295
375
388
369
180
266
238
171
397
356
319
107
318
212
368
389
395
392
319
71
58
221
153
152
257
230
375
77
316
371
270
252
146
36
327
243
274
356
77
202
67
152
338
124
305
145
204
380
92
270
94
23
252
11
80
311
244
66
250
248
311
23
201
106
145
348
44
173
183
264
53
104
261
104
235
360
142
285
167
314
39
224
48
73
197
212
39
337
309
20
91
108
40
218
229
239
267
126
175
368
81
276
336
356
79
248
142
316
50
248
51
344
125
134
52
309
64
162
381
135
168
95
133
127
6
161
376
276
215
200
64
68
84
193
23
29
383
196
108
364
306
141
32
273
220
25
163
350
193
131
116
27
360
208
348
311
76
28
93
265
168
135
168
109
285
344
324
371
112
316
194
270
381
199
67
42
133
40
282
152
268
68
357
219
83
53
124
101
61
231
273
257
98
285
59
327
47
395
130
374
254
286
108
165
369
99
302
247
142
105
181
210
263
274
6
110
235
156
207
180
263
371
338
68
86
383
332
383
236
161
278
34
17
327
390
80
342
39
114
384
141
65
289
384
104
323
344
199
330
104
133
37
287
37
343
133
251
128
127
91
320
210
337
230
362
153
251
368
320
165
102
138
176
116
36
387
368
217
55
213
298
97
227
153
279
356
392
330
118
7
359
138
77
148
25
386
283
397
248
90
339
328
335
149
159
171
42
19
196
63
48
102
361
171
82
147
109
86
259
137
141
15
295
387
24
338
186
322
135
65
80
397
256
162
284
247
215
397
36
146
77
110
34
19
163
159
96
110
95
85
148
100
84
140
172
273
81
268
352
301
323
25
296
224
353
176
265
298
151
133
49
209
22
70
297
108
195
383
305
369
393
156
28
7
28
229
61
307
99
62
120
362
256
62
29
256
325
228
302
24
379
397
182
124
329
353
95
352
201
291
351
369
71
184
196
117
190
356
383
324
236
316
298
89
147
218
397
200
228
99
293
261
147
338
169
382
130
206
29
399
96
92
25
242
361
390
71
317
389
361
180
155
117
7
83
118
102
118
117
223
144
226
174
299
256
393
146
158
274
281
278
273
214
62
358
15
264
46
298
226
192
120
152
129
231
17
325
380
251
227
228
157
308
305
309
337
173
189
183
269
272
279
373
397
270
355
26
272
321
7
216
18
383
189
380
172
327
254
333
161
238
256
80
152
130
87
332
385
375
234
252
17
252
76
225
52
237
377
354
233
142
262
177
107
193
25
35
181
128
252
105
233
204
156
387
326
344
225
187
206
359
395
399
276
239
268
363
40
25
248
35
306
341
370
312
352
260
97
58
64
320
300
109
122
324
303
178
355
87
78
283
282
98
5
38
69
170
335
96
307
52
381
23
275
120
60
235
64
254
87
108
31
351
395
138
107
199
382
298
148
162
146
142
83
193
307
314
264
17
300
75
88
264
256
169
84
108
115
159
383
235
248
379
118
4
246
343
69
254
115
310
125
302
21
326
69
320
67
386
306
344
41
370
215
263
43
386
233
112
137
194
73
386
84
101
285
275
2
363
2
323
77
277
205
275
370
188
181
255
246
196
394
349
175
109
284
93
244
4
190
21
110
133
70
122
393
358
394
10
173
113
242
250
314
165
238
351
55
103
322
40
98
340
30
196
114
114
30
320
15
385
295
208
46
359
39
37
190
185
117
244
108
71
64
68
385
79
100
309
72
79
376
194
79
75
203
252
324
349
372
15
313
376
81
254
230
376
142
10
310
13
271
298
256
117
54
27
147
29
277
146
153
160
168
210
291
16
233
76
312
299
350
331
164
211
66
227
235
159
253
323
375
248
236
245
373
209
69
143
285
12
20
59
119
187
375
337
179
138
395
288
369
150
172
371
99
13
100
154
273
219
239
119
1
268
206
49
30
56
105
311
162
173
342
337
354
121
287
331
370
226
127
56
269
47
317
4
160
187
359
65
225
92
120
114
286
72
118
150
5
200
249
202
74
0
212
386
215
209
67
37
13
17
189
63
21
149
367
286
261
385
305
132
147
303
243
160
204
106
37
294
376
24
59
359
107
325
66
155
141
128
12
322
49
196
345
252
140
319
95
392
20
295
142
61
120
102
231
47
62
394
79
161
317
278
391
156
163
27
273
349
388
249
213
122
48
72
149
333
229
280
111
115
82
125
269
309
3
135
8
32
2
314
311
226
382
397
383
39
379
391
392
351
233
361
283
200
243
125
6
368
27
390
8
273
241
258
71
214
241
331
360
399
47
74
353
236
207
130
289
104
155
165
228
58
245
50
287
51
45
5
284
95
206
220
266
114
32
165
258
379
48
101
61
65
43
386
364
182
300
309
360
111
35
143
159
332
57
222
396
176
70
344
178
348
109
201
263
143
291
348
288
381
165
96
209
262
333
287
92
161
265
27
360
51
325
42
154
188
240
222
186
101
175
295
104
54
189
115
119
399
392
91
297
113
6
25
93
98
157
295
118
6
132
13
43
275
345
170
340
236
27
341
56
96
294
350
293
46
65
98
44
315
284
79
64
345
11
15
171
399
255
31
213
0
373
369
391
345
131
198
98
273
78
15
10
115
187
38
158
81
361
208
114
392
29
287
192
177
241
98
25
83
191
350
221
351
390
66
290
376
374
246
303
241
302
162
181
357
219
43
371
214
187
120
190
377
168
73
2
385
112
181
326
397
196
263
42
90
154
240
230
308
105
377
374
9
157
297
15
343
124
84
2
394
352
307
76
246
334
207
92
302
181
333
94
131
249
58
283
93
398
54
22
120
69
397
96
304
220
204
6
335
307
369
339
107
154
75
280
91
144
129
252
265
257
162
299
356
327
158
97
88
254
288
212
120
289
0
202
385
221
158
333
203
351
266
40
216
269
184
193
88
282
279
216
170
77
60
362
29
116
254
169
384
63
151
47
122
20
246
290
110
319
73
331
5
331
161
384
194
87
58
171
222
264
138
330
251
340
35
10
1
21
172
40
362
247
335
92
124
359
301
53
361
154
23
303
133
46
44
255
389
32
267
377
162
385
164
189
257
142
123
357
365
85
119
171
219
223
39
338
60
8
1
262
157
30
0
352
256
351
304
239
355
34
22
171
387
180
106
269
389
317
90
266
348
174
156
381
140
312
365
371
6
64
206
304
112
69
346
356
344
34
284
116
10
310
267
201
238
342
137
287
163
117
38
175
303
161
380
146
23
208
327
36
236
257
228
336
394
212
46
219
214
169
326
97
101
368
125
345
32
205
130
106
233
19
269
56
33
260
177
18
285
51
298
393
265
82
25
149
281
182
222
356
131
205
5
344
38
123
187
69
60
200
132
229
347
211
13
80
38
250
337
223
371
314
167
122
178
79
147
385
280
247
68
242
358
72
233
37
386
129
50
193
264
221
228
281
344
20
251
216
112
283
94
16
216
49
142
303
156
46
323
235
243
182
57
162
98
91
157
174
20
125
269
186
75
63
342
8
178
364
204
246
368
121
398
290
193
29
320
328
143
123
384
209
278
99
26
143
153
380
207
82
153
308
301
345
50
209
136
255
202
148
197
42
190
172
240
328
135
53
193
136
124
37
0
9
25
16
251
286
153
291
143
211
249
288
278
315
348
63
195
312
184
6
227
235
146
219
253
153
279
96
44
209
312
315
276
207
334
342
129
1
368
136
152
111
357
301
76
166
318
204
58
97
265
103
219
180
379
186
232
393
209
237
11
93
149
132
51
146
18
264
180
367
35
196
106
30
337
376
170
259
334
247
315
128
92
74
336
105
393
140
5
225
163
129
316
231
357
347
181
209
367
139
9
252
28
231
353
180
28
287
283
5
381
299
354
88
321
244
162
280
165
300
194
353
188
149
145
139
363
146
196
108
293
236
287
97
78
216
396
117
226
243
218
388
328
8
271
100
2
287
57
389
102
58
366
87
332
373
171
183
21
25
167
341
223
359
353
105
30
261
91
256
200
40
170
69
287
231
92
117
145
248
378
83
207
86
170
321
289
355
98
42
210
38
278
213
233
365
223
82
291
226
147
143
143
7
304
145
83
291
200
298
178
180
327
351
240
139
284
134
308
255
352
40
320
150
128
255
80
167
381
27
296
326
54
226
309
264
131
339
144
34
76
239
73
311
376
95
383
320
277
100
351
364
341
207
28
83
323
124
278
108
316
174
182
68
335
331
130
157
89
90
305
151
118
171
66
125
289
65
342
396
219
125
386
265
195
305
48
59
113
343
185
168
129
379
114
126
106
289
287
324
93
0
221
349
349
245
200
87
374
363
359
329
334
136
144
175
364
49
314
139
133
117
88
176
72
307
1
5
165
345
243
127
41
367
320
118
83
23
272
210
241
357
57
224
259
309
166
145
183
308
56
162
10
355
61
339
194
101
367
296
49
17
14
105
348
253
137
124
296
358
356
86
200
135
381
165
279
238
278
227
359
33
12
127
196
234
67
349
325
32
42
259
10
44
27
328
243
311
268
153
295
27
336
258
310
207
92
396
9
386
373
254
16
118
180
398
194
224
385
146
343
75
93
94
55
200
200
375
214
306
222
261
91
357
364
179
140
214
11
101
364
393
361
78
199
185
291
372
322
312
363
319
288
322
160
10
55
60
360
74
316
37
279
301
201
75
333
260
252
137
76
238
44
129
14
45
239
196
338
159
250
22
200
382
103
224
98
373
326
331
339
12
21
282
391
379
386
354
126
74
10
399
147
365
399
375
217
246
289
356
280
398
311
374
191
21
60
56
190
104
199
310
318
181
61
185
93
335
156
50
3
322
394
394
190
14
250
306
66
225
274
282
300
105
233
207
347
272
64
126
215
69
161
26
116
16
150
229
365
99
86
299
99
210
179
320
153
210
362
390
290
179
309
219
227
169
215
163
8
355
47
387
12
286
259
12
116
289
205
207
382
20
285
50
37
233
295
306
285
9
136
19
99
269
315
349
49
270
372
59
136
140
221
146
335
44
248
205
240
136
246
221
184
361
134
40
293
72
74
227
344
312
223
22
392
271
251
325
167
182
16
2
194
247
379
133
108
248
8
152
247
291
363
131
318
155
272
283
254
26
66
45
84
102
107
322
382
311
41
357
150
120
60
113
28
285
334
261
219
161
202
315
201
131
79
113
287
309
132
332
319
63
64
371
73
66
145
5
98
86
164
216
258
75
113
223
318
19
50
7
73
63
6
189
335
349
184
350
391
172
46
123
60
347
311
133
11
8
319
302
328
245
174
299
194
170
99
398
31
214
290
183
44
246
386
99
118
386
239
112
315
135
113
212
398
152
51
131
35
368
111
393
14
117
248
112
297
382
90
21
195
259
221
139
40
38
239
352
277
263
336
226
246
72
378
23
396
311
47
220
265
88
68
166
110
144
200
36
53
196
269
7
75
367
34
243
363
307
321
367
69
222
379
212
318
257
55
179
339
347
317
250
235
143
193
172
81
133
347
14
323
345
327
186
255
188
294
87
170
98
3
280
74
204
101
350
279
16
46
2
173
374
217
337
1
374
274
99
68
167
131
92
390
246
389
161
269
346
160
25
299
357
66
54
91
338
390
28
311
225
341
271
153
28
268
394
362
354
197
226
380
193
206
99
45
360
243
145
49
124
325
80
188
190
118
39
5
364
372
27
167
248
18
272
4
159
196
253
372
18
363
387
10
359
351
398
370
390
89
171
354
126
284
333
255
263
51
268
379
213
329
186
232
118
116
178
232
13
343
391
25
303
356
337
348
177
106
346
40
253
313
199
370
116
340
160
102
177
179
344
306
45
342
331
385
18
80
68
238
353
188
123
397
317
1
368
165
337
227
20
376
38
210
331
153
130
306
364
271
8
162
77
137
387
55
323
169
177
85
55
265
312
390
28
365
167
226
105
113
113
327
371
236
116
34
236
330
3
186
38
347
228
281
397
360
68
376
97
362
233
82
347
373
92
74
346
249
212
108
196
5
241
106
104
171
320
168
356
263
292
103
42
176
237
206
290
130
40
53
159
191
394
390
67
2
365
122
354
0
282
324
71
237
239
6
103
103
316
181
66
256
64
360
371
379
357
221
124
339
283
98
260
14
15
375
23
231
389
137
135
382
129
27
126
121
41
30
137
170
207
245
375
142
231
70
52
59
203
97
185
287
371
56
65
197
31
65
23
42
2
300
71
125
110
371
251
77
324
103
290
372
116
332
353
74
258
373
333
367
188
137
207
376
245
42
224
365
285
209
362
1
63
392
381
67
149
209
209
97
160
320
77
331
29
25
255
377
361
370
196
355
231
210
259
281
373
69
385
56
384
114
168
66
274
250
307
74
390
201
336
207
160
58
181
115
141
202
76
268
377
222
51
88
80
302
152
126
64
295
202
64
302
70
127
282
219
173
274
330
187
299
337
115
73
145
310
225
55
193
101
366
219
270
61
51
140
385
295
184
68
343
180
394
52
46
219
99
116
192
179
212
128
323
276
169
291
388
86
384
29
374
338
250
276
180
6
70
249
393
388
257
253
217
47
169
34
307
111
178
103
329
151
110
235
106
99
159
356
222
120
367
386
257
185
363
101
15
230
309
72
42
77
269
183
172
386
76
206
261
378
314
179
241
210
169
81
391
392
136
171
211
236
168
231
111
244
33
354
186
208
267
227
279
192
175
92
247
356
283
357
232
35
91
338
239
38
124
221
150
380
319
369
187
185
303
210
352
364
315
112
301
199
71
159
166
120
98
149
331
115
125
253
64
155
47
356
235
13
203
318
316
266
215
101
271
48
260
257
393
80
123
217
11
308
181
240
242
346
116
14
250
339
386
314
51
238
201
255
138
101
342
104
130
137
363
367
74
325
303
245
339
368
11
303
215
209
343
267
274
81
275
260
46
273
269
347
338
70
187
323
132
102
366
19
198
394
328
172
331
1
79
334
342
67
130
169
220
361
126
51
275
42
204
66
267
237
282
366
5
40
255
260
226
156
94
121
4
172
266
51
8
230
221
248
10
197
374
45
196
282
292
335
233
352
209
236
154
304
299
46
250
120
380
358
146
388
312
358
244
59
132
310
289
177
99
283
267
364
112
117
319
197
163
55
154
232
392
126
28
28
63
120
32
280
65
142
64
71
10
159
146
362
251
372
56
369
300
221
29
344
24
243
115
309
173
222
355
84
17
213
214
142
107
120
171
59
60
101
4
50
153
300
32
361
218
214
188
236
242
397
296
217
17
283
307
218
358
2
211
319
377
316
351
81
384
96
168
45
381
390
126
330
341
292
81
165
93
393
185
307
116
283
345
160
348
376
341
343
197
282
138
390
280
266
4
57
28
141
131
254
322
169
304
82
22
202
200
306
342
177
198
169
304
203
279
349
184
166
233
131
133
86
110
285
241
263
193
59
70
373
181
295
12
170
86
327
175
113
190
382
308
348
317
67
192
21
65
10
285
74
133
44
213
8
227
16
67
170
68
50
58
326
240
188
185
356
363
49
228
207
17
342
292
253
106
62
60
229
128
333
171
281
66
382
166
20
371
255
394
191
196
242
389
370
340
290
313
184
131
240
167
48
88
396
381
305
129
190
345
188
208
204
69
183
69
303
72
270
47
104
162
194
212
315
16
157
38
275
159
306
96
65
280
142
393
6
133
151
319
162
186
33
105
301
332
21
281
232
24
48
268
297
92
135
284
137
303
320
243
213
125
195
287
270
170
283
240
130
357
15
9
164
32
304
350
216
22
105
151
165
232
189
187
393
102
292
399
26
125
281
214
77
181
159
192
382
378
393
222
2
152
249
284
17
374
382
383
109
254
286
391
85
327
11
393
161
349
239
27
272
303
160
228
377
2
9
132
365
396
376
220
204
116
16
145
237
8
217
89
165
61
225
231
186
291
394
288
255
358
164
109
21
362
279
11
217
173
158
160
251
145
17
271
349
333
14
321
26
47
380
25
119
384
74
75
282
119
281
285
311
65
269
177
269
241
203
236
245
136
99
301
202
249
118
14
34
96
262
231
121
144
99
328
61
283
380
54
395
13
280
135
42
57
313
203
382
200
207
183
261
52
368
264
96
304
135
72
177
64
195
330
110
369
171
127
249
223
86
289
16
265
191
375
172
345
69
3
21
94
92
287
230
211
118
70
150
36
59
42
10
61
258
254
46
230
240
341
148
182
216
42
33
155
225
173
227
284
308
343
243
259
314
285
3
204
0
264
109
390
95
180
44
1
270
264
73
199
79
169
84
205
130
256
371
103
205
193
312
328
326
118
310
71
321
141
281
179
36
268
4
24
75
398
232
396
330
143
135
278
329
141
157
367
59
116
133
387
394
161
257
142
144
15
14
344
221
147
263
171
145
281
380
148
30
209
129
375
297
247
67
391
141
263
151
41
386
97
308
48
164
346
322
96
399
122
107
62
348
95
45
354
225
43
23
68
23
136
268
260
385
276
114
97
306
210
81
317
361
255
202
286
335
315
327
131
54
54
267
315
305
6
119
100
42
40
244
58
398
228
234
297
315
183
180
279
23
318
134
201
387
171
202
351
35
45
38
154
209
12
225
34
117
382
308
218
192
379
4
320
183
21
261
71
111
290
244
326
240
4
177
253
364
365
221
293
388
368
67
105
31
242
248
100
343
299
41
214
268
331
170
185
259
296
123
329
73
258
238
296
150
295
368
69
277
328
229
286
347
319
274
156
249
194
229
17
101
103
173
243
357
366
154
52
292
43
138
359
357
113
354
200
197
220
266
188
325
341
295
83
312
179
198
19
278
14
270
169
309
270
268
236
146
109
238
300
367
76
38
148
276
128
120
222
278
181
42
27
102
208
115
337
136
320
59
162
151
289
297
241
318
140
74
16
339
137
229
65
387
113
173
331
325
188
109
291
308
191
63
377
343
223
57
35
94
379
219
315
175
239
147
41
18
223
389
306
164
219
187
185
39
180
144
305
338
196
374
67
357
67
21
134
333
7
77
89
102
330
292
72
303
31
325
369
378
53
227
243
13
391
344
106
312
148
49
149
247
0
285
320
192
277
263
317
219
192
297
324
250
204
321
99
341
368
247
383
305
317
34
294
191
248
338
393
131
26
181
226
222
119
338
192
274
218
132
229
31
138
262
289
372
292
195
361
344
123
361
280
190
192
262
55
257
364
59
32
96
1
173
196
354
16
382
152
3
372
80
308
279
54
142
270
183
46
250
0
334
331
394
7
56
260
78
350
3
184
155
60
38
14
163
286
292
45
137
171
30
310
107
175
105
245
162
96
75
136
328
96
193
399
171
188
56
360
290
62
123
265
6
100
323
226
244
332
91
359
343
393
276
354
259
54
126
73
81
369
133
350
281
47
228
20
344
112
85
97
88
307
52
24
256
398
126
178
267
46
307
240
175
382
29
158
320
133
166
53
199
265
216
271
251
325
14
40
26
53
239
20
300
345
312
387
188
300
21
38
34
193
83
189
185
258
238
292
306
365
109
72
140
56
170
145
161
101
314
218
19
12
369
185
388
290
392
166
367
149
134
93
139
154
313
66
31
245
58
296
234
116
226
331
289
320
278
302
15
381
336
268
370
158
3
180
150
352
345
128
383
215
127
267
156
168
83
118
6
186
230
159
37
84
19
134
71
145
4
360
30
90
37
222
237
225
175
19
172
193
15
109
76
6
399
157
221
46
155
4
27
307
70
285
202
334
346
129
242
248
52
63
276
20
60
254
71
209
147
341
350
16
68
391
161
253
39
187
153
135
40
188
43
31
217
119
162
82
276
158
105
263
109
9
192
248
356
176
155
387
183
350
291
285
338
152
118
259
153
164
89
175
67
24
100
85
10
302
170
83
378
281
192
332
256
46
167
85
35
92
393
280
195
233
399
15
270
158
149
222
342
259
307
370
296
236
148
235
136
34
162
373
377
307
47
207
313
346
247
394
176
133
268
268
24
277
199
106
250
378
292
339
399
128
386
363
315
190
363
74
158
297
344
305
253
5
175
208
377
130
109
233
186
208
326
359
396
300
338
27
167
237
388
253
358
147
179
343
152
126
328
113
279
25
312
180
378
161
124
181
161
77
211
17
360
3
343
306
61
132
261
267
7
389
125
266
189
169
51
160
95
274
34
198
272
179
225
13
28
271
179
259
22
316
360
170
217
58
7
29
56
212
92
66
17
240
87
389
275
351
114
165
11
377
348
215
98
166
112
224
345
208
131
77
326
291
1
0
50
285
22
370
245
124
23
128
60
96
199
29
19
208
229
282
149
139
68
155
134
64
166
366
337
28
123
87
22
352
86
106
167
270
193
79
311
124
361
16
350
247
356
115
172
398
389
41
298
159
209
131
33
130
363
52
143
182
135
90
330
81
360
91
304
269
346
172
145
335
38
28
360
63
224
237
272
321
35
216
82
381
123
60
391
266
296
154
150
20
290
199
170
280
89
113
299
103
255
63
207
384
30
84
104
350
79
368
385
225
285
274
31
26
337
125
205
30
174
128
169
183
276
290
389
204
234
258
126
72
127
111
125
315
41
17
73
366
145
346
50
96
16
93
32
125
294
193
56
244
52
307
340
390
111
192
309
171
191
273
248
377
5
370
185
363
372
173
183
393
170
258
237
124
283
324
8
186
389
263
211
236
279
391
245
141
45
43
321
94
363
158
370
91
71
371
373
398
51
193
185
99
165
229
1
203
294
158
353
387
218
345
303
200
56
66
230
376
370
321
88
286
103
4
399
77
192
129
241
298
255
92
75
282
397
193
168
271
329
34
213
348
124
247
13
259
313
70
360
174
340
360
60
379
78
30
30
204
18
346
306
215
236
355
160
356
331
169
2
198
268
14
93
86
33
303
55
294
283
247
70
148
166
278
47
251
323
335
312
79
93
45
167
6
97
236
103
174
335
198
0
239
155
114
115
346
257
381
110
87
157
18
347
250
245
233
371
202
7
343
148
85
376
304
266
211
264
354
147
277
52
127
163
253
321
180
14
138
352
311
316
7
167
195
86
83
162
304
244
237
103
298
84
166
131
159
270
382
150
391
91
179
399
98
175
119
295
351
108
275
369
297
264
260
336
301
17
351
80
356
110
167
360
398
35
165
351
368
169
269
264
78
106
39
162
370
371
266
224
272
104
217
125
263
316
389
75
155
316
108
381
302
231
106
348
294
66
340
369
355
187
229
335
357
392
73
324
280
143
206
5
281
354
158
284
374
71
388
92
238
304
145
162
359
85
231
205
156
68
191
277
145
129
146
341
223
208
380
184
360
46
160
228
354
333
166
389
100
299
58
287
198
194
165
334
24
145
8
319
399
7
163
91
293
361
11
199
283
287
286
366
119
328
107
3
230
183
335
310
242
267
1
23
377
343
169
326
346
140
122
290
325
187
347
49
90
94
352
227
40
294
286
47
141
132
352
223
29
301
195
245
189
3
134
200
302
352
127
369
33
206
335
243
189
392
148
370
310
134
95
163
244
255
68
117
211
335
45
156
90
393
225
233
4
232
168
359
249
110
237
365
28
40
54
307
291
343
283
375
323
281
257
337
368
201
103
274
259
233
169
258
38
194
150
86
239
215
303
254
66
169
346
274
139
173
125
256
298
113
251
300
55
144
37
194
134
304
144
309
350
317
19
133
297
37
209
194
264
246
247
344
57
272
119
7
392
85
162
267
186
291
88
72
203
354
45
260
55
129
216
293
257
321
129
291
68
394
226
202
23
55
259
367
10
274
66
18
329
307
84
16
164
383
114
199
280
129
343
157
267
392
194
278
246
369
106
271
23
259
48
132
290
239
103
252
345
204
335
315
84
286
345
15
30
42
393
196
187
372
377
70
102
86
147
203
23
321
116
171
137
61
147
299
135
160
132
333
280
301
336
237
245
147
29
119
119
14
118
253
5
272
154
299
129
265
118
352
49
342
244
260
96
220
382
318
21
135
340
111
306
159
283
235
282
195
1
20
365
72
103
332
362
228
49
370
40
366
3
154
371
47
288
202
64
151
192
208
175
1
258
62
88
95
179
244
339
213
21
318
324
313
211
255
399
226
329
178
114
169
20
309
122
90
29
397
113
146
37
276
395
329
338
201
241
39
211
320
300
293
50
1
327
228
173
9
223
375
20
33
17
367
284
362
104
11
291
80
253
181
166
218
100
261
319
72
354
318
174
104
6
284
351
134
321
250
248
87
27
161
187
308
341
287
178
255
140
55
313
322
143
88
109
304
11
326
151
0
61
393
134
33
101
320
373
218
375
17
126
3
289
334
178
0
38
94
274
375
222
23
257
380
270
68
155
361
112
86
368
279
202
2
295
161
331
149
108
153
101
74
246
319
107
173
78
334
167
380
376
366
293
324
104
77
272
51
0
167
339
143
156
42
233
12
134
26
226
247
176
354
244
82
175
381
31
132
333
25
90
300
71
7
274
17
362
213
233
228
63
194
243
335
140
281
192
248
343
322
357
308
224
218
149
80
160
217
398
299
136
11
63
99
87
262
281
143
104
80
49
186
221
220
201
140
387
110
71
360
54
153
195
38
99
374
253
159
28
130
296
287
317
275
332
217
115
236
205
241
136
378
270
270
156
287
25
207
56
372
273
133
367
213
203
251
133
170
117
178
0
357
322
2
278
264
346
205
7
148
157
86
7
270
365
358
381
324
288
191
60
146
165
58
90
254
222
326
316
195
0
368
266
53
345
264
126
253
294
189
53
137
135
126
59
63
38
200
84
120
338
354
90
331
374
204
370
83
251
25
375
289
202
133
354
271
34
162
204
288
156
118
247
46
56
247
109
186
60
49
281
271
140
389
259
292
20
75
397
183
319
70
261
226
235
257
322
371
32
399
192
391
275
199
13
78
85
244
308
96
241
284
219
216
198
23
30
278
193
296
145
106
205
118
152
259
24
185
227
389
287
181
122
58
26
387
343
40
95
41
347
275
395
265
286
244
367
337
18
326
389
12
220
381
164
212
80
42
65
113
178
93
351
36
85
366
399
230
58
88
327
29
105
302
143
248
73
303
72
347
344
391
59
370
368
116
123
209
245
216
47
146
213
147
114
78
225
295
233
122
383
212
226
395
72
327
55
328
109
148
356
184
237
75
280
317
149
257
21
73
263
267
13
375
233
97
38
296
339
84
279
143
381
365
31
55
262
144
267
334
316
378
171
312
236
289
364
215
119
127
43
371
108
227
243
70
79
39
76
45
282
266
5
391
147
313
356
298
192
218
317
85
166
370
41
210
54
98
146
190
308
208
267
311
34
255
353
273
198
99
72
106
293
265
351
143
1
101
319
3
263
233
206
82
323
328
390
305
281
145
354
291
64
144
122
331
29
391
183
6
371
160
369
57
336
341
328
352
187
296
188
119
304
119
257
380
90
368
375
54
355
220
321
220
120
40
394
388
223
272
391
161
32
263
319
305
26
321
62
304
341
310
35
80
226
318
281
12
372
353
249
340
2
1
114
187
143
53
290
382
305
144
79
41
45
12
209
5
396
270
247
168
359
48
92
361
149
291
187
336
31
212
364
185
307
64
225
93
313
387
361
312
87
196
375
167
352
157
86
368
48
310
358
123
59
271
87
283
134
190
343
171
261
111
146
289
69
164
297
173
286
181
226
396
214
254
72
105
297
20
320
298
369
383
13
358
35
362
234
222
70
299
305
278
387
380
377
329
283
390
113
277
314
225
357
322
259
303
122
37
22
134
136
319
244
75
258
170
92
28
10
115
282
257
41
136
114
207
230
173
129
106
215
82
134
301
379
319
193
39
121
121
113
243
106
26
0
336
24
298
144
338
273
242
145
366
19
79
68
304
385
352
148
145
353
241
265
357
265
107
27
189
78
392
20
137
228
182
197
178
251
87
399
94
214
177
164
334
256
290
177
7
380
354
238
197
15
36
25
307
34
238
48
81
61
81
144
355
132
292
358
136
290
145
347
154
153
302
88
179
185
339
182
124
274
268
390
124
393
271
14
38
64
33
14
161
308
369
230
290
170
287
124
297
36
300
44
235
311
138
83
180
210
169
356
228
88
139
290
325
228
66
388
140
32
325
307
104
199
178
310
120
351
192
104
251
166
315
266
127
113
137
125
103
217
71
69
185
251
291
261
141
171
171
231
340
89
331
366
268
94
395
269
348
381
21
225
101
213
334
146
143
269
36
346
169
288
236
232
179
246
144
261
81
239
303
194
195
6
248
87
135
276
167
382
347
5
57
145
52
346
203
112
321
47
303
143
396
82
119
273
18
361
100
9
1
207
241
285
36
46
134
27
66
86
98
12
318
385
225
87
43
21
363
38
279
165
119
195
381
216
279
224
163
379
89
27
133
270
377
182
8
337
317
162
226
149
152
218
136
353
14
155
77
307
254
327
155
48
395
353
224
396
241
161
194
115
386
396
356
155
243
37
33
213
118
359
3
303
305
189
32
383
365
125
183
300
186
261
165
253
54
84
357
201
214
295
200
159
279
261
297
68
249
398
74
72
158
393
76
125
151
275
30
108
143
170
366
354
269
266
191
61
110
81
162
56
325
354
325
132
259
122
325
57
17
95
305
307
353
329
339
76
340
252
29
134
329
358
196
26
293
230
93
310
360
279
195
259
119
370
184
387
363
92
43
327
56
223
85
33
341
215
265
172
158
289
201
32
213
306
278
150
298
195
397
50
104
13
12
311
395
246
44
178
283
211
279
349
136
182
58
260
235
151
134
87
12
59
22
275
192
315
338
179
242
283
258
320
172
3
272
130
247
243
105
262
69
16
91
124
364
265
195
225
90
112
205
40
333
87
147
181
158
212
396
115
161
38
384
389
304
192
156
31
376
155
343
97
260
106
141
111
166
387
38
96
333
179
273
170
213
123
368
365
255
3
179
311
98
71
35
209
48
166
212
387
31
336
300
364
51
244
182
350
276
74
26
19
168
170
12
296
366
93
83
306
309
290
197
395
2
63
10
235
386
78
91
392
134
157
340
153
143
157
203
295
73
17
78
167
71
22
146
92
55
138
181
360
285
339
58
331
271
88
137
334
301
115
162
85
383
385
322
353
132
129
127
15
165
27
159
142
267
355
111
277
349
127
176
319
309
22
10
337
131
230
4
264
93
42
108
309
284
356
252
257
364
131
243
62
244
206
325
346
48
39
62
294
163
207
318
55
227
92
216
255
222
63
258
48
382
14
371
327
300
153
154
95
108
378
0
242
250
210
153
135
311
250
349
235
312
227
206
366
213
299
239
381
330
101
367
394
148
137
343
38
297
232
62
148
69
289
72
9
261
217
126
233
197
51
21
41
208
151
14
43
340
334
144
397
231
104
289
186
369
145
363
218
35
217
235
322
234
27
171
291
172
25
219
58
16
257
159
397
76
394
13
114
150
369
13
63
247
240
112
45
72
298
29
152
242
323
308
388
83
249
346
21
70
150
221
41
288
303
156
227
136
385
374
365
32
30
258
384
397
236
362
31
120
261
142
106
331
215
217
16
282
394
203
151
114
224
232
302
370
202
118
22
339
69
298
318
85
311
27
68
281
34
253
217
333
293
373
186
127
384
197
64
82
156
245
27
87
65
221
30
91
208
216
364
306
14
167
324
123
144
198
172
24
309
98
96
18
216
275
105
148
139
12
305
38
247
304
191
197
117
109
197
272
389
207
187
304
34
373
312
98
331
180
156
44
52
226
195
382
283
318
257
101
285
390
248
121
208
65
11
36
84
92
69
284
268
376
9
94
235
151
348
384
301
241
127
107
221
394
308
44
321
70
45
256
147
297
274
20
35
236
246
255
296
363
173
241
387
59
345
150
345
108
45
315
290
284
86
192
65
307
199
164
321
333
102
187
16
251
330
341
67
372
330
33
255
193
90
191
377
237
322
313
285
122
286
94
68
64
380
304
216
190
68
396
302
185
225
305
98
19
106
376
398
257
276
72
302
348
11
96
90
71
277
77
266
199
67
387
33
25
22
120
82
34
43
257
108
367
5
313
295
39
116
84
6
275
104
223
202
3
287
108
140
388
253
296
232
271
95
168
151
388
305
176
94
213
378
265
8
17
173
260
159
43
330
277
135
203
19
67
44
245
288
238
373
328
9
389
31
192
232
358
239
90
259
171
146
322
87
50
339
108
219
191
234
91
53
225
194
122
295
60
107
369
381
127
87
103
320
41
226
26
277
258
277
163
63
306
221
124
284
11
114
372
128
16
189
103
387
341
76
177
73
322
201
363
231
235
38
168
74
43
377
364
251
13
85
152
26
312
140
379
46
16
229
217
246
204
248
86
163
317
308
40
269
266
267
18
171
249
5
205
20
204
320
41
224
19
120
47
218
143
112
302
191
164
390
37
69
329
390
102
10
197
34
138
184
76
365
298
362
94
339
397
200
267
122
89
13
278
70
42
62
190
261
101
214
270
86
67
277
133
75
73
31
49
121
84
266
371
335
327
196
217
200
101
235
150
159
82
154
155
52
12
58
172
314
345
177
50
180
151
32
364
380
367
77
340
347
306
21
222
107
177
7
269
269
2
95
114
283
178
212
290
384
235
43
17
296
238
152
174
230
337
245
388
299
321
278
15
78
235
122
200
234
50
158
159
201
290
125
94
80
107
124
82
321
243
5
123
240
119
232
261
398
327
191
195
39
148
294
31
21
376
341
85
313
333
125
314
316
116
262
280
289
14
155
277
97
350
273
218
253
174
60
45
185
376
311
32
165
193
197
42
328
170
137
93
227
142
127
149
129
200
207
117
392
12
172
69
310
58
149
20
93
336
135
50
310
262
151
118
389
370
110
334
142
386
76
256
157
261
222
204
144
147
153
310
58
226
54
291
48
61
151
273
33
353
301
306
127
72
201
158
3
122
347
154
261
186
252
27
324
52
205
339
18
19
90
144
154
226
97
6
110
156
358
314
375
117
259
47
357
172
352
43
23
199
349
342
17
358
383
374
151
33
259
101
148
64
158
360
171
62
151
69
100
14
334
123
330
166
265
113
118
155
341
99
257
129
214
302
59
212
268
165
139
329
30
290
331
25
114
1
141
21
160
234
46
124
33
393
263
214
67
243
22
89
94
228
345
149
251
196
149
6
100
79
59
154
160
209
383
139
278
218
174
31
235
228
130
216
192
8
29
320
2
85
395
128
40
42
272
129
206
295
297
88
360
3
161
227
53
370
240
104
182
344
350
379
3
81
313
359
225
32
18
75
107
313
273
392
83
233
360
371
105
93
288
326
18
378
12
210
177
231
281
395
379
34
180
211
295
9
77
396
348
127
286
118
241
378
365
139
78
119
274
272
381
247
293
327
104
364
288
192
120
289
349
91
2
82
194
189
100
15
177
70
224
173
369
140
107
279
302
