29
306
35
105
388
230
118
170
399
111
121
55
187
88
123
223
47
201
67
0
391
291
212
27
317
304
379
56
63
193
252
391
215
227
28
53
239
157
382
83
26
137
110
10
373
339
65
85
248
139
169
19
125
71
96
45
302
336
244
302
51
89
378
378
103
391
332
207
108
285
376
305
147
323
55
317
6
313
126
49
388
152
255
205
0
1
280
59
88
172
66
348
319
113
141
209
214
54
179
111
305
200
258
290
347
237
128
133
42
99
315
163
336
360
181
335
12
187
304
311
124
324
316
315
88
214
317
238
289
316
109
356
12
290
106
256
27
90
35
330
92
13
128
321
193
186
201
125
112
2
16
181
102
374
176
245
147
201
243
23
264
382
66
42
382
181
42
17
25
284
188
58
140
10
359
174
274
380
198
217
100
179
43
119
121
150
273
317
117
243
149
378
380
94
151
372
186
172
53
194
77
308
41
178
148
333
377
93
123
246
240
369
267
262
125
164
199
342
274
340
294
202
219
6
258
35
70
13
359
366
218
6
45
183
125
243
323
14
97
348
41
160
49
183
109
232
41
229
89
109
264
80
209
279
358
193
346
87
365
75
385
32
10
362
53
380
140
226
352
208
374
398
235
9
170
283
394
150
1
166
42
364
360
78
385
78
261
75
371
231
225
287
222
340
396
353
274
374
153
77
205
254
261
330
387
180
197
341
280
267
55
167
148
376
273
384
254
46
146
356
382
224
14
358
278
44
6
391
185
239
164
233
185
2
261
34
204
153
226
106
131
289
260
68
312
132
99
41
177
347
287
250
319
155
63
278
90
223
121
191
269
255
183
365
229
181
146
15
316
77
264
356
225
99
379
137
79
32
221
7
378
107
39
180
382
394
68
87
35
177
186
16
387
5
66
311
226
254
243
296
92
47
290
246
360
273
372
61
130
205
107
375
28
334
277
260
227
49
137
293
226
319
49
291
250
94
112
353
382
176
273
56
311
147
344
44
46
244
10
289
28
245
2
303
392
15
387
360
280
298
177
78
385
290
395
291
363
316
253
108
280
169
25
110
365
219
379
159
256
362
258
183
88
384
29
232
382
261
163
143
115
234
29
277
387
307
58
269
157
289
215
393
152
277
159
149
177
70
82
182
301
33
79
202
274
53
336
358
83
11
129
190
183
86
70
34
200
203
159
249
139
111
153
354
364
240
346
181
176
113
249
113
206
129
331
365
261
75
349
324
43
36
97
196
124
67
183
250
142
98
271
300
111
329
387
384
329
318
283
140
129
346
107
388
194
198
236
342
371
48
79
382
147
17
331
11
204
345
159
338
41
108
340
224
296
30
212
384
103
51
64
364
276
213
328
172
157
318
172
41
248
341
238
294
174
59
144
193
324
316
59
150
256
131
103
343
59
133
251
78
294
269
264
105
158
20
88
385
140
283
74
111
238
358
265
209
95
55
136
291
167
135
110
254
15
266
130
15
225
257
397
327
137
151
37
295
279
147
39
2
155
284
388
243
237
378
165
213
221
302
275
18
346
214
195
317
126
106
178
330
34
334
290
191
272
97
240
195
208
163
251
194
71
393
287
32
285
103
346
75
84
189
385
77
120
143
34
27
234
196
29
30
180
208
265
187
326
358
71
222
300
92
163
78
91
46
256
211
172
258
393
62
46
143
46
100
147
304
176
152
182
102
124
242
50
155
381
82
262
394
27
398
377
396
199
344
40
49
392
258
43
357
182
107
360
44
375
72
365
2
244
338
311
108
97
247
315
238
326
199
202
143
134
173
338
258
383
291
30
329
65
174
112
359
379
150
206
161
11
241
12
342
389
180
92
143
167
339
220
208
278
63
240
227
109
312
190
239
363
154
343
50
350
268
175
150
383
363
47
116
351
187
281
40
390
329
376
145
138
261
256
183
133
157
29
376
138
96
255
375
166
11
44
3
244
264
264
126
240
357
181
218
394
23
24
51
236
79
320
286
211
14
278
340
240
87
63
64
379
243
373
365
303
2
293
46
69
241
389
110
112
361
183
377
295
289
362
253
334
42
203
245
330
277
184
42
159
265
76
282
65
372
264
298
88
253
114
222
59
105
222
257
282
196
183
165
253
278
67
94
171
120
41
73
194
210
354
57
395
2
206
255
236
193
319
223
284
324
55
338
188
144
72
203
109
188
216
130
301
203
23
82
42
26
182
103
60
225
235
230
98
133
339
280
167
379
384
52
355
156
91
199
116
281
382
243
349
183
334
385
353
334
305
42
42
58
106
134
214
124
252
258
172
208
383
89
225
287
205
21
134
35
260
190
130
200
389
282
208
163
250
34
305
70
262
31
330
39
198
167
6
192
201
61
0
79
365
14
3
86
146
164
2
126
300
97
240
192
350
303
133
78
69
229
64
282
174
306
254
164
150
286
389
283
334
148
60
278
309
31
51
39
214
101
398
319
5
87
333
97
2
315
282
120
277
337
40
156
38
205
247
331
235
346
364
307
180
12
152
291
234
362
26
234
243
149
241
57
36
10
50
1
283
312
14
238
101
128
304
370
171
163
251
74
299
157
278
277
163
145
84
302
107
147
395
209
84
265
351
240
197
215
228
183
103
322
41
391
307
391
324
174
329
76
333
217
28
367
262
212
169
193
121
326
34
379
152
100
7
77
273
225
302
83
219
79
56
382
355
132
310
251
158
24
7
245
358
173
180
306
147
50
9
110
75
166
337
14
239
8
105
65
212
286
89
232
92
358
33
90
93
121
170
219
100
201
97
104
77
46
157
77
190
225
353
365
216
10
231
380
153
14
156
260
100
240
143
243
70
324
74
280
383
290
146
367
135
47
258
121
195
287
258
156
44
203
370
190
2
326
279
363
312
220
351
292
191
195
179
198
213
130
178
251
232
197
65
57
180
197
253
372
210
125
11
120
130
72
93
144
324
296
15
123
394
163
264
81
177
153
152
342
360
258
262
249
229
345
375
387
128
21
144
302
86
226
223
24
225
196
229
61
261
367
240
310
68
244
373
102
396
1
8
177
278
68
198
394
90
292
286
82
399
131
22
19
365
311
329
267
243
175
81
356
61
104
229
133
211
139
296
315
243
107
28
60
4
262
49
82
278
97
253
1
251
247
195
106
393
64
389
256
112
2
172
209
194
322
301
338
32
344
190
399
150
114
69
130
69
335
276
147
252
97
112
85
316
353
243
254
376
177
261
90
242
252
138
264
5
57
315
89
34
317
281
364
285
387
7
71
370
232
241
319
360
28
327
64
325
90
262
156
13
150
121
86
382
298
27
176
232
0
140
301
13
196
362
332
139
253
293
138
0
30
124
165
252
37
190
211
41
92
158
271
140
356
210
66
29
189
226
110
38
100
389
259
382
200
250
288
30
394
286
129
329
42
255
187
286
277
378
276
264
357
383
112
32
80
10
221
307
37
397
197
127
278
67
65
353
0
17
217
303
261
151
18
329
82
6
288
175
380
23
397
59
215
57
125
327
300
326
369
43
188
301
74
200
229
264
127
340
51
162
95
69
134
11
275
82
340
322
306
290
283
270
239
210
15
332
76
280
161
58
135
246
238
61
309
132
303
394
338
136
197
88
16
118
270
32
209
353
238
160
380
259
120
183
83
392
393
208
127
92
255
182
74
38
123
177
109
265
254
68
173
230
173
6
127
263
366
327
168
327
317
311
118
106
309
396
202
221
388
216
186
344
259
63
386
258
199
103
309
394
66
253
118
93
83
46
394
343
46
355
17
17
124
170
129
389
81
43
118
69
134
135
261
169
80
367
60
380
396
235
371
308
197
348
153
75
6
99
309
230
235
102
313
256
223
207
161
51
255
263
270
341
240
265
301
358
330
379
397
189
330
361
251
129
287
31
118
375
200
38
398
148
0
235
151
333
35
384
294
98
389
158
255
246
134
184
394
134
379
33
258
292
182
285
295
83
169
194
204
153
366
5
48
131
193
386
253
145
195
229
213
297
11
356
22
77
177
212
68
164
89
245
169
389
129
250
50
187
18
49
105
51
84
14
389
218
28
49
69
95
150
393
275
8
346
353
44
324
257
319
22
131
84
100
75
306
45
123
350
25
117
308
72
304
210
369
161
388
193
189
254
228
300
339
235
357
197
149
176
4
249
308
304
361
137
308
331
284
4
268
204
60
295
302
195
316
1
314
313
252
221
197
9
60
179
343
20
231
282
310
101
166
150
31
176
347
125
285
380
204
116
157
130
258
33
348
42
368
225
85
93
9
188
326
220
319
1
187
138
69
382
384
23
139
132
212
2
257
224
129
306
315
308
2
133
242
197
7
220
368
111
106
130
36
107
238
48
10
264
108
8
329
373
226
220
166
295
22
62
242
84
399
78
309
328
248
383
63
187
14
234
71
175
16
273
185
22
46
261
107
251
327
323
279
53
223
108
140
108
333
36
384
373
6
296
35
136
22
76
224
123
83
65
385
394
287
373
306
15
378
54
352
316
25
11
341
103
394
9
36
145
217
17
396
295
69
93
79
166
337
347
190
179
21
20
94
272
3
238
380
183
301
161
137
238
17
255
214
180
121
323
109
176
282
354
254
206
389
231
395
247
42
26
224
140
380
310
87
73
351
61
53
220
133
366
176
248
357
326
41
157
262
298
395
391
160
254
291
62
233
50
267
291
344
292
111
124
213
301
65
299
266
19
216
367
24
364
102
360
353
341
70
393
170
393
226
355
173
248
175
229
282
284
237
242
232
317
177
260
148
4
232
5
322
236
79
64
112
172
330
358
292
226
143
387
180
257
149
301
253
331
279
261
325
43
142
139
197
241
312
291
10
121
31
24
33
203
223
308
177
259
160
76
165
65
117
225
271
284
145
115
199
49
111
110
2
231
368
308
144
24
353
362
118
299
364
362
106
281
27
291
346
79
354
324
104
338
316
357
311
247
156
304
205
369
225
79
163
31
68
212
360
212
114
394
386
380
13
163
142
211
69
303
65
6
53
290
52
135
109
210
305
354
285
63
244
173
338
107
85
292
46
16
99
114
307
229
135
180
235
88
288
345
352
283
292
240
150
101
230
169
187
133
8
197
253
90
242
241
316
225
118
329
193
194
44
149
192
223
324
365
21
153
132
192
354
144
270
58
97
20
153
288
242
85
301
136
171
62
175
268
180
148
199
64
359
289
225
86
187
211
240
167
262
292
376
133
358
50
394
87
314
135
26
9
115
68
27
273
109
30
274
213
144
370
103
142
249
21
365
49
19
229
101
345
229
161
58
82
190
290
193
3
332
356
254
264
67
70
100
294
79
142
269
193
99
8
278
36
262
262
303
152
189
125
135
379
286
199
211
371
171
177
280
105
188
39
166
39
144
317
33
304
395
118
85
196
205
116
187
249
378
222
316
5
89
128
218
378
203
155
149
353
338
149
304
147
91
92
160
203
14
211
298
389
96
79
76
151
94
140
214
20
275
2
165
383
222
327
228
159
218
69
249
88
92
206
102
18
12
290
259
349
191
325
54
394
88
121
371
336
332
288
123
198
18
67
86
0
255
103
30
333
53
201
329
159
344
205
39
27
303
339
336
59
56
46
337
262
127
163
360
216
267
38
103
162
94
222
126
372
399
162
97
376
35
150
298
309
122
143
243
353
109
140
292
261
334
186
101
12
214
115
46
22
339
14
193
278
177
236
58
110
279
18
358
95
243
201
220
220
356
47
160
345
369
311
223
371
247
229
149
286
311
326
386
236
183
152
93
13
190
315
92
70
111
130
54
203
19
284
81
110
70
18
261
219
364
109
228
221
49
353
307
337
28
32
70
28
125
96
245
250
113
75
125
9
305
216
381
91
183
235
92
288
56
11
275
255
254
335
191
82
81
70
277
49
175
161
222
249
0
143
230
201
270
220
357
101
250
143
354
276
217
224
277
91
173
303
378
115
398
109
399
399
108
174
45
273
87
18
49
126
66
181
124
235
94
241
97
189
234
96
152
331
339
378
298
372
115
58
25
220
166
242
387
71
383
88
295
219
73
181
397
129
218
59
305
333
330
185
391
288
271
135
253
252
181
63
34
144
7
336
45
321
208
195
151
170
83
233
126
147
172
301
322
360
34
387
21
115
33
293
379
172
149
388
241
202
147
352
82
145
373
146
123
139
16
162
37
303
201
55
52
10
177
348
344
77
358
225
162
387
85
317
58
373
121
147
84
239
259
394
11
94
167
145
125
336
299
173
394
157
243
303
81
6
36
55
143
64
339
55
140
358
7
159
249
159
152
208
178
47
118
60
171
323
271
23
289
355
182
199
255
294
356
280
95
58
258
309
121
383
5
2
190
377
376
378
216
298
35
398
124
35
196
7
346
254
289
3
97
125
137
360
390
277
397
366
258
152
356
104
169
264
175
196
302
203
90
132
311
41
137
220
359
376
76
309
222
115
395
134
162
313
88
374
80
78
301
129
229
365
60
135
169
6
217
253
277
371
14
8
130
2
261
108
294
66
275
399
326
159
343
344
359
160
186
101
328
254
244
108
69
240
10
367
387
354
343
74
240
290
265
302
179
46
20
101
389
253
219
318
27
79
342
241
148
41
352
379
162
276
201
84
151
157
41
380
156
141
145
329
10
124
232
175
114
218
131
330
52
353
242
0
167
37
2
134
257
79
172
346
212
172
101
5
255
267
334
282
222
40
104
268
105
75
167
68
116
3
180
399
317
28
32
199
304
56
103
333
116
264
1
290
112
90
126
180
133
231
186
297
304
89
148
130
379
323
79
134
181
172
182
92
388
275
300
223
77
151
301
163
139
142
273
378
212
59
89
87
326
220
83
334
279
206
154
285
282
325
243
180
262
140
219
147
165
188
244
399
107
276
58
203
339
252
220
247
174
60
371
285
76
380
11
398
373
213
381
33
103
255
186
3
360
98
376
77
157
41
9
134
111
384
312
63
76
240
157
295
32
57
186
52
2
125
361
83
37
246
323
23
136
293
0
245
260
122
55
237
381
98
11
255
101
180
103
380
106
305
299
346
175
119
208
258
80
262
399
87
345
292
252
47
386
97
230
290
326
291
81
334
375
14
163
176
126
360
356
259
264
116
363
116
55
116
42
394
271
14
271
34
220
70
360
239
25
235
180
180
276
397
14
280
228
107
231
43
44
254
169
50
337
322
41
334
299
160
338
0
147
147
284
260
241
196
246
238
209
268
2
203
203
273
140
169
382
187
38
200
283
294
99
55
234
251
73
61
111
287
283
318
278
322
268
328
27
172
232
58
376
349
209
334
203
382
193
142
347
223
155
189
348
96
307
378
246
88
54
203
0
133
57
124
218
0
164
205
66
208
149
89
275
237
257
22
196
63
264
312
14
286
187
172
108
364
312
33
360
147
348
73
339
83
315
202
278
30
306
111
254
137
149
159
140
80
258
7
379
387
74
29
18
114
49
134
41
356
205
180
263
384
228
7
32
149
33
9
336
80
286
169
233
108
50
252
79
306
72
114
186
1
94
388
233
0
268
49
72
334
146
352
256
119
27
371
258
19
286
311
318
300
6
285
20
244
55
107
116
388
78
346
87
254
359
297
79
96
204
211
116
140
356
153
185
223
143
214
254
285
385
138
11
393
68
286
94
242
198
43
220
362
346
65
342
396
34
351
27
84
156
84
51
322
175
162
379
304
244
80
99
345
241
101
399
6
143
187
179
201
315
226
339
177
277
8
124
375
168
392
113
239
284
334
4
164
240
295
119
17
240
247
222
87
274
305
225
232
78
329
231
387
252
211
202
256
207
387
367
91
320
202
304
77
355
45
261
3
384
131
40
316
17
205
296
171
74
55
273
245
86
23
65
322
69
105
11
332
302
58
57
365
66
165
261
201
367
224
287
88
41
69
129
289
152
193
185
19
307
151
10
135
317
220
189
205
385
362
343
123
142
114
24
16
23
104
273
167
281
85
192
219
246
17
343
16
369
68
65
144
242
251
230
47
180
326
169
113
132
296
235
141
199
223
302
342
376
75
135
68
281
206
282
205
150
341
368
152
173
316
179
324
382
300
322
373
260
296
37
383
247
238
220
24
206
22
176
131
7
291
5
371
150
330
178
161
162
51
264
165
163
198
152
233
267
182
26
84
292
364
49
105
42
148
108
143
283
370
351
149
85
187
248
55
108
133
205
351
395
161
207
277
301
351
147
125
342
239
313
61
308
32
332
212
217
224
353
262
139
86
188
89
172
271
217
103
2
19
82
319
337
252
84
179
323
215
288
65
314
262
260
56
136
322
387
249
40
83
192
16
45
174
378
89
395
140
11
107
180
29
218
375
214
30
45
55
259
394
42
12
38
381
232
103
371
99
56
276
389
264
18
272
293
54
212
99
235
278
27
274
114
257
355
331
252
113
207
394
49
142
9
291
329
390
77
48
165
219
10
221
331
2
121
142
41
25
127
123
224
349
86
28
51
286
249
321
312
42
381
25
275
157
277
159
375
340
264
186
374
85
369
261
370
141
49
355
279
23
45
149
121
263
135
331
49
186
237
109
174
51
297
224
364
210
95
193
349
385
26
201
398
378
234
6
314
58
234
251
68
283
140
365
97
68
54
302
35
339
319
204
270
206
61
172
164
338
5
346
68
207
209
318
258
18
303
249
279
294
377
289
290
40
352
22
103
267
331
87
144
183
40
106
119
94
298
99
345
84
303
277
162
43
246
387
305
398
9
321
16
290
373
309
133
273
270
362
51
161
396
335
154
126
353
109
325
350
343
206
209
112
305
23
240
309
356
139
231
90
11
295
176
247
325
281
219
124
262
209
258
228
345
62
200
273
53
78
343
211
130
56
349
235
162
294
282
225
360
73
245
34
145
390
33
343
342
304
28
371
334
233
314
215
279
224
253
218
301
324
241
157
56
333
175
177
100
101
40
52
308
61
174
260
15
154
356
125
262
12
46
376
196
317
46
90
160
329
202
131
201
67
62
396
356
229
283
164
304
359
2
141
327
359
323
109
65
57
315
307
263
219
153
0
136
16
95
52
385
379
41
385
292
28
47
368
9
57
386
136
234
298
313
176
83
381
2
251
30
130
108
345
150
69
203
73
140
240
6
189
83
223
356
325
140
51
128
223
269
49
237
216
335
29
27
369
170
149
174
333
325
207
166
188
369
143
341
171
28
356
340
235
7
224
22
39
171
15
74
391
224
223
70
399
304
3
291
67
128
223
143
275
75
20
277
36
348
218
312
123
3
288
302
227
178
369
5
301
270
394
186
359
305
13
351
266
213
230
393
153
234
18
97
216
361
181
192
354
159
82
211
65
35
285
141
261
298
349
97
74
390
99
114
243
384
388
358
365
36
179
50
311
323
31
204
358
51
358
345
0
226
72
383
222
89
244
202
86
97
269
149
110
40
64
281
90
277
296
108
167
271
295
21
207
190
48
234
48
146
24
130
187
347
308
243
175
341
250
260
37
390
388
381
201
395
293
254
286
2
75
331
382
49
272
132
179
261
201
190
118
10
42
336
192
291
176
373
16
113
291
55
171
134
356
195
72
170
196
235
65
353
354
195
79
266
269
130
351
341
190
276
332
173
196
139
72
85
179
280
389
236
11
16
143
159
7
192
382
19
149
228
385
47
42
399
52
113
143
289
334
249
89
24
230
105
6
202
241
304
84
48
394
287
174
242
6
108
299
87
117
226
187
125
47
249
128
193
286
127
187
250
203
146
45
67
288
274
316
65
253
370
180
358
42
215
156
353
7
221
148
360
205
17
176
381
296
118
157
101
153
226
40
223
123
107
261
119
98
148
130
11
170
8
277
197
191
29
214
211
370
148
83
141
62
39
300
7
217
161
14
222
132
1
285
248
295
101
6
86
152
276
132
395
299
392
179
390
135
43
193
217
8
186
8
353
68
213
206
222
232
156
192
126
294
123
108
236
222
355
57
364
351
224
265
71
307
234
112
140
138
44
104
167
158
14
226
288
232
298
220
0
176
380
129
180
96
329
373
192
53
96
287
23
240
339
19
6
129
270
36
30
147
109
61
244
258
88
221
109
263
301
318
117
54
237
394
216
201
347
378
33
30
38
80
96
124
310
394
203
148
265
269
293
265
292
347
21
146
226
353
228
365
69
185
318
376
61
80
241
317
25
378
392
341
127
190
139
363
361
49
284
103
363
176
313
137
223
2
226
303
301
232
196
101
310
333
70
157
283
311
41
337
151
307
12
37
282
220
305
231
165
123
86
292
91
312
291
255
354
177
233
398
175
217
53
155
227
193
140
399
392
39
364
263
55
286
288
271
99
347
72
123
318
327
173
53
378
84
136
262
75
77
306
181
394
378
153
267
127
154
86
150
58
33
190
307
285
65
157
126
69
167
103
0
382
308
243
119
161
51
54
24
50
338
366
393
282
210
224
380
242
195
9
50
303
124
80
303
123
332
211
307
119
256
78
208
292
398
207
9
23
116
293
368
18
15
304
206
296
31
334
16
257
398
56
323
70
75
9
139
201
310
209
398
201
107
170
220
399
385
85
180
87
186
306
14
183
120
105
258
164
53
29
219
393
335
149
254
101
180
29
300
22
153
32
123
163
380
304
131
18
326
17
230
116
45
254
168
258
77
396
201
216
45
127
151
262
174
74
356
63
1
47
245
58
81
279
111
285
121
384
106
157
231
389
213
214
86
238
51
99
338
384
109
132
41
70
226
19
393
152
198
25
344
164
340
43
329
88
264
124
145
232
130
2
391
92
205
126
37
215
247
327
225
148
106
198
199
337
207
312
181
158
376
364
350
238
202
365
279
352
244
286
227
316
239
40
162
130
378
220
280
56
363
274
283
126
140
118
369
94
355
222
245
374
306
124
257
171
141
202
245
288
348
313
204
121
243
101
222
36
100
107
274
202
127
204
121
267
67
104
342
9
242
91
96
283
345
361
78
352
145
43
121
243
83
41
202
303
92
134
328
398
369
313
151
230
106
300
386
211
257
273
57
54
6
309
148
391
10
273
253
323
387
176
281
221
43
259
321
233
119
278
309
321
372
166
42
226
298
42
317
316
127
240
70
248
335
143
40
176
76
207
291
237
212
16
316
391
276
24
284
316
180
129
285
297
88
171
280
244
186
31
111
287
107
44
134
197
184
346
45
13
391
43
380
336
364
363
312
307
331
364
305
297
44
49
16
182
262
334
139
382
102
84
83
149
267
387
0
331
254
323
170
305
294
288
1
326
16
175
381
80
279
259
57
370
81
385
223
15
87
215
364
358
375
391
315
221
58
78
214
213
126
248
109
20
241
83
284
265
69
242
398
4
289
269
304
39
269
378
19
256
43
155
262
399
38
238
34
75
80
75
56
350
129
34
351
130
248
100
376
164
42
156
88
393
312
64
308
277
228
212
267
372
302
113
245
323
127
316
43
193
90
236
294
382
4
87
154
354
282
247
353
259
226
352
350
308
24
52
230
373
241
71
269
48
112
338
301
60
151
335
176
229
323
242
30
190
329
208
227
273
24
108
300
341
346
390
123
299
304
78
379
216
371
161
35
309
81
239
155
384
71
216
220
85
290
260
94
236
192
370
36
302
292
389
48
284
18
24
318
192
61
327
40
249
391
100
58
317
74
269
127
196
162
248
93
393
330
358
130
192
264
156
149
82
258
109
31
72
339
165
54
276
29
193
37
182
269
147
102
335
23
56
111
355
19
344
177
81
208
189
254
367
118
262
224
289
255
64
146
50
342
375
154
83
212
219
104
153
197
298
78
228
329
398
141
331
381
379
75
134
243
302
228
249
246
330
36
186
339
308
253
12
125
124
393
37
218
159
226
132
13
90
216
161
31
79
112
1
143
246
297
250
23
140
72
286
106
169
136
71
52
280
330
313
287
78
388
341
77
65
131
117
9
102
256
73
248
73
353
298
296
262
360
362
213
98
71
42
248
181
322
177
380
116
188
177
94
387
186
16
87
115
21
336
57
318
61
306
70
261
183
82
120
41
63
301
346
181
368
43
361
84
360
93
208
43
155
314
35
237
22
340
384
381
165
246
58
232
107
351
283
222
387
144
37
23
285
371
177
226
228
229
341
104
115
167
121
292
48
315
262
14
312
103
2
281
173
339
126
186
335
284
342
194
120
162
162
129
183
16
381
64
245
341
380
81
303
324
287
186
241
110
255
192
123
180
126
346
310
65
299
33
186
196
60
231
370
310
351
188
184
355
149
292
280
209
70
145
346
315
257
391
302
346
153
387
225
389
8
391
111
270
231
16
365
171
35
65
178
200
389
16
88
313
110
31
204
389
247
390
248
68
60
230
131
399
233
310
287
24
118
272
172
12
41
230
237
255
108
126
133
165
84
139
282
91
303
217
328
164
37
245
74
264
252
333
304
313
319
278
230
166
287
241
79
68
193
227
186
321
244
29
211
396
63
188
175
292
347
19
162
14
56
330
86
306
193
221
250
169
350
210
372
41
60
240
158
198
331
182
86
210
378
240
338
5
11
346
104
23
237
398
81
118
69
393
8
307
252
205
330
290
153
381
159
171
363
96
68
125
197
97
352
108
88
330
370
399
322
115
170
91
326
376
145
334
119
272
286
264
373
144
118
373
262
156
332
106
34
193
2
50
232
183
30
249
264
133
40
34
233
162
348
20
248
190
88
305
143
108
292
88
238
386
166
192
36
84
224
221
83
27
1
186
57
350
387
336
254
217
35
327
145
12
249
274
212
232
209
225
149
243
132
165
285
336
292
120
294
153
398
162
352
344
187
317
222
252
319
362
31
393
7
222
164
33
108
147
227
59
125
19
346
108
138
125
91
167
210
17
65
268
81
113
94
393
220
188
396
358
234
23
204
32
370
16
316
210
299
157
77
346
226
326
363
163
301
342
18
301
177
258
150
174
246
225
102
323
273
124
202
180
290
54
99
152
212
164
208
378
292
280
166
186
176
204
393
108
115
263
323
110
170
199
303
0
334
378
23
76
270
56
98
292
42
195
198
332
136
283
7
119
306
317
97
382
43
109
248
160
98
230
115
38
129
323
367
189
38
333
368
231
186
125
386
199
0
167
41
56
267
178
269
157
10
285
360
384
120
152
333
21
330
289
164
56
213
274
375
330
57
27
193
160
155
64
282
238
240
33
193
23
155
125
344
22
59
105
60
89
192
289
27
201
358
107
388
352
213
362
52
299
217
108
65
84
56
222
63
153
139
270
41
116
177
90
163
355
98
373
308
194
83
55
378
250
41
177
381
64
289
82
16
80
248
46
16
388
26
6
146
215
2
367
200
356
274
225
350
22
371
247
94
313
133
141
362
190
304
270
43
338
169
72
12
224
346
381
316
340
369
226
306
236
227
92
273
229
167
148
52
315
358
315
215
353
17
375
330
224
186
34
215
204
390
266
67
197
277
345
331
72
323
57
297
225
234
170
391
24
68
333
115
226
149
86
186
297
166
347
128
248
84
214
303
358
120
65
372
197
69
251
290
291
92
10
379
98
295
141
205
52
358
157
104
372
334
177
57
230
84
63
370
353
281
251
130
298
294
364
209
242
190
274
389
381
19
346
122
373
267
74
271
67
245
9
135
276
255
6
335
21
337
315
376
258
203
18
290
222
394
141
143
159
273
92
379
398
101
133
304
174
306
308
368
182
246
365
0
278
104
6
337
203
222
72
16
255
209
119
322
111
184
314
284
360
382
338
368
63
179
194
41
179
60
174
375
96
143
392
75
91
223
247
376
255
391
4
153
305
352
281
305
59
202
67
228
287
210
264
217
43
325
90
173
356
182
304
235
66
225
173
69
48
215
35
226
111
178
84
7
97
157
58
256
246
123
8
27
231
33
139
380
35
179
180
86
317
34
318
308
252
53
342
228
373
22
379
151
41
94
256
137
118
149
148
37
52
28
41
116
29
378
120
31
282
64
348
128
313
170
275
383
284
360
108
106
330
345
121
41
195
103
93
95
112
157
167
295
11
132
35
221
97
69
354
67
27
244
37
38
353
115
256
92
37
373
378
391
256
274
6
189
117
154
174
97
261
57
374
163
40
158
232
225
176
14
245
289
193
45
288
123
84
148
73
183
60
152
289
246
369
169
398
144
276
263
160
5
243
208
21
96
170
390
86
115
245
158
304
346
356
370
8
42
280
140
324
388
31
171
307
234
0
242
243
328
42
347
276
183
190
72
125
61
77
153
131
294
231
157
185
127
52
28
92
121
319
90
110
308
84
233
291
67
221
33
351
236
281
181
106
299
209
138
97
353
258
334
14
188
334
351
291
142
382
206
5
255
354
230
251
104
15
334
346
196
294
91
75
169
79
370
3
284
340
283
91
139
60
110
352
365
84
166
139
23
6
35
396
107
77
154
289
178
161
172
209
371
269
59
286
228
360
23
109
125
232
195
274
298
48
313
371
87
8
70
134
308
164
52
48
366
84
58
2
69
179
0
332
110
358
396
135
313
160
395
201
28
154
237
331
206
124
180
307
183
321
393
295
289
220
75
344
1
312
122
140
100
10
62
315
252
337
85
220
243
98
176
1
244
210
210
263
66
385
220
153
23
394
124
272
163
256
117
240
353
11
227
277
256
168
19
101
119
373
126
278
365
269
288
223
86
44
217
373
389
293
276
144
259
167
387
377
134
196
11
62
0
170
260
25
329
281
61
169
84
70
136
145
41
120
29
333
108
224
11
69
11
315
317
87
286
44
227
256
357
339
257
49
359
323
61
87
399
27
77
233
323
174
120
256
213
112
108
175
338
228
152
142
302
2
161
19
81
262
18
325
245
345
395
143
142
294
40
255
6
130
188
209
292
124
107
186
199
170
383
269
101
147
5
251
144
166
56
227
44
83
240
134
318
70
221
263
391
319
372
74
323
238
272
199
226
298
134
106
48
40
197
384
311
229
212
367
146
380
17
83
2
268
215
203
214
378
225
338
349
40
80
279
74
299
304
123
11
99
355
352
174
25
6
139
173
196
120
74
212
169
58
132
212
352
27
331
80
146
87
82
374
283
37
264
361
24
343
120
50
23
295
204
126
316
146
43
103
91
172
204
204
183
174
61
321
360
146
68
84
68
147
377
358
339
169
209
328
314
275
349
240
263
186
240
292
52
93
326
36
230
156
276
272
352
54
129
45
339
152
381
62
66
172
60
293
227
385
338
192
236
324
324
10
253
159
56
284
224
120
389
347
95
228
325
337
167
272
208
302
325
235
287
78
353
29
215
37
275
2
116
101
50
102
267
314
381
262
173
164
380
293
293
84
234
286
201
281
91
172
134
158
89
165
380
218
172
89
223
378
210
262
75
0
53
69
149
81
374
300
376
215
103
224
56
243
69
129
7
112
37
88
49
373
283
144
322
109
322
187
289
25
359
273
368
148
321
303
34
255
156
165
316
1
286
197
248
376
15
368
290
94
134
139
126
50
11
162
130
372
369
51
189
95
281
390
360
329
371
78
263
63
365
133
146
142
87
219
247
255
107
112
277
250
166
169
383
340
306
5
174
236
239
140
6
235
183
243
229
110
370
258
24
37
170
145
219
99
123
161
5
74
348
313
114
327
340
158
393
142
286
50
4
170
370
286
347
270
97
107
359
23
49
387
254
367
399
19
208
177
218
109
289
58
366
61
375
156
383
252
311
2
44
93
15
67
372
36
303
15
284
116
256
229
311
269
27
156
291
14
46
139
390
284
174
257
274
336
330
62
285
164
46
70
16
11
392
289
372
180
115
354
27
303
254
274
331
176
222
80
349
389
189
211
398
148
242
137
196
256
199
177
185
123
287
202
123
322
399
247
187
240
345
77
343
73
296
172
174
92
23
352
68
358
233
38
252
378
247
187
250
71
379
187
250
70
50
116
155
344
384
348
264
291
273
375
79
268
198
392
379
346
392
306
87
316
248
103
396
181
379
367
312
51
206
68
357
39
9
353
198
326
232
149
208
392
251
209
55
269
5
151
232
92
198
371
219
58
361
97
128
196
351
197
5
177
68
79
165
113
223
125
95
133
157
224
52
246
236
130
15
8
369
140
187
212
205
237
24
252
323
218
19
169
11
91
289
317
133
108
312
260
148
172
260
166
342
277
99
301
399
378
188
251
135
234
295
25
1
393
53
131
142
205
261
105
0
150
384
350
151
56
204
147
189
188
45
321
306
144
193
98
327
308
241
239
278
71
393
358
36
259
383
61
319
312
142
109
283
127
248
379
8
55
378
348
370
16
258
166
2
306
51
366
228
359
364
84
133
360
42
7
251
0
364
235
246
132
21
173
182
136
310
93
173
337
342
141
142
139
18
108
153
211
394
365
358
22
82
363
87
124
374
339
100
371
69
316
40
299
124
347
145
322
311
140
289
206
32
147
289
186
352
188
390
290
288
59
304
68
172
80
32
165
171
235
192
290
49
158
0
249
113
181
366
18
199
279
318
316
108
335
263
27
300
96
127
118
186
105
10
6
104
95
216
294
317
54
195
201
293
87
395
305
283
275
297
259
0
57
380
207
19
308
154
193
146
190
395
59
327
365
2
380
27
151
140
177
117
121
365
333
226
6
261
311
161
274
139
42
334
9
381
350
101
274
84
129
212
336
220
379
265
174
258
127
145
357
38
236
385
236
335
202
17
323
11
62
52
239
173
153
217
81
176
75
225
246
277
85
174
26
65
36
256
353
64
132
384
162
106
350
260
32
298
298
134
367
56
288
39
282
385
36
362
328
319
207
196
159
350
221
71
247
228
386
195
37
78
133
29
293
256
320
95
210
277
46
249
54
369
304
342
264
8
59
241
217
231
99
249
322
138
67
342
39
245
159
381
85
292
259
346
394
88
185
212
373
249
269
68
333
273
95
369
75
382
201
104
354
347
390
299
232
112
88
399
353
164
305
329
212
89
232
221
116
201
158
363
116
180
30
254
359
130
170
310
2
82
114
91
249
284
262
11
324
302
167
325
380
299
332
33
207
207
370
272
353
45
99
351
344
68
318
24
270
104
6
140
41
140
374
136
112
166
96
53
273
77
254
2
304
173
397
364
396
206
389
386
397
365
244
363
324
289
203
366
240
38
188
359
70
351
37
54
214
149
277
367
52
52
321
136
29
254
295
118
135
188
208
163
28
40
219
103
96
387
79
118
285
160
127
340
353
366
350
26
330
130
2
387
255
394
264
253
108
256
302
106
166
50
112
122
378
123
35
13
346
68
167
245
294
162
250
348
292
82
206
10
112
58
383
288
356
272
5
146
117
199
154
242
299
399
68
225
84
21
5
128
23
55
270
68
338
167
279
174
269
109
139
75
215
26
322
262
306
41
182
27
172
214
70
103
132
143
236
369
215
384
55
120
174
290
261
153
299
54
127
18
285
277
212
366
183
383
91
24
388
394
92
212
29
14
201
163
199
283
135
47
378
72
51
283
313
0
209
64
129
278
309
98
393
166
212
5
135
193
103
25
214
202
334
398
306
4
170
137
88
69
241
43
316
324
95
29
86
379
262
14
291
350
14
81
132
232
325
334
93
2
136
392
48
349
235
210
67
252
207
360
275
257
83
137
242
255
175
55
283
181
134
351
300
394
236
20
245
383
158
43
283
346
377
24
385
306
181
67
19
270
104
325
245
170
52
354
396
221
54
149
33
243
147
250
16
341
71
387
145
325
241
250
332
396
225
183
6
159
55
286
260
5
398
74
32
132
29
173
359
229
151
243
49
41
345
306
339
276
207
22
70
164
259
288
94
236
117
387
212
91
299
15
193
388
36
255
284
23
398
363
125
99
99
241
235
161
209
136
197
81
182
26
5
153
65
375
167
180
247
215
184
313
104
197
316
93
93
57
111
109
101
115
338
330
195
373
76
204
362
181
116
75
245
389
397
311
145
9
181
203
362
343
264
248
369
132
83
146
31
293
120
113
104
60
50
199
302
106
178
19
64
144
118
356
61
94
78
14
68
356
383
379
206
143
12
27
358
67
301
15
9
84
85
50
387
55
333
96
242
173
298
276
98
15
225
49
287
234
127
105
332
80
275
144
236
319
70
324
218
190
345
334
397
52
142
276
261
229
83
178
57
166
389
241
216
252
238
114
229
30
119
334
393
62
166
280
27
180
161
225
334
0
204
326
91
330
325
301
68
13
219
71
40
237
349
72
340
40
363
331
326
25
316
292
217
236
203
395
103
177
68
389
192
30
79
363
58
348
271
140
182
181
270
49
388
294
166
223
258
38
117
135
192
86
354
109
51
277
334
63
274
183
232
358
1
329
258
185
0
212
366
143
328
78
178
249
48
375
72
256
326
141
71
183
53
372
85
202
251
34
245
358
261
367
283
311
32
303
182
109
213
123
72
129
165
252
270
49
282
385
164
220
44
310
213
151
295
367
318
248
132
233
162
67
60
264
231
65
98
68
213
179
99
44
13
160
353
209
280
95
174
156
336
360
147
135
59
163
203
180
264
10
398
353
70
241
10
383
158
126
161
306
16
347
84
82
37
9
38
216
101
283
44
193
12
365
102
124
258
45
258
175
378
27
304
44
81
2
7
53
50
330
87
66
325
358
29
209
248
118
245
102
385
164
172
365
171
206
153
359
282
324
256
330
340
18
358
281
258
250
188
75
182
299
225
31
256
313
203
285
226
144
221
25
24
215
247
54
336
23
306
243
347
23
212
342
396
248
300
105
281
103
259
70
316
170
91
261
203
7
338
204
364
299
52
171
152
33
306
89
239
360
58
58
44
21
106
246
263
337
16
94
399
305
214
261
360
69
136
50
286
36
346
302
393
257
188
125
299
340
73
289
124
389
156
164
89
113
10
275
173
182
132
294
332
93
84
161
189
10
199
337
109
7
16
171
117
77
61
192
244
107
288
348
377
38
201
233
371
230
166
236
286
44
362
352
292
277
206
170
351
88
65
238
232
20
362
22
112
51
41
352
302
150
74
18
194
10
29
302
142
78
370
239
386
267
352
78
319
396
221
220
111
70
135
242
285
277
78
173
227
57
175
217
167
135
390
297
51
52
215
71
225
97
130
176
6
365
325
259
280
153
313
224
231
206
359
238
107
238
59
278
279
175
105
385
397
310
92
57
213
34
224
363
155
94
368
39
202
270
146
137
283
93
286
31
226
149
99
371
180
174
233
264
388
213
288
209
192
199
184
162
180
353
256
14
133
399
31
27
210
123
369
183
267
57
71
209
183
171
142
344
109
357
144
327
359
213
253
105
143
17
59
253
254
48
253
162
40
165
204
305
331
40
258
207
65
244
207
245
175
347
60
153
37
8
2
276
188
368
7
137
306
263
237
255
120
226
107
37
213
22
174
103
135
7
396
269
310
259
289
22
10
15
274
373
171
355
336
109
152
37
69
342
272
243
259
370
197
18
82
129
24
130
133
251
213
306
262
262
290
114
367
248
53
75
360
66
116
369
205
210
15
23
283
222
325
255
267
311
50
327
189
308
49
57
259
85
130
8
242
8
351
52
300
152
397
32
215
178
241
96
389
210
358
256
188
146
172
33
66
329
118
358
199
168
115
89
156
209
183
276
232
307
334
70
356
360
345
80
42
134
140
332
180
169
127
242
190
315
12
338
24
385
83
83
380
75
60
174
64
54
40
12
160
221
326
303
372
22
336
213
399
53
273
273
87
238
193
177
125
269
310
381
276
100
192
15
133
256
160
180
330
392
248
338
247
40
236
169
274
132
174
124
72
368
213
23
37
225
335
22
345
233
0
102
361
343
263
97
379
382
308
271
162
330
157
367
250
144
125
104
148
232
87
150
177
260
263
379
95
67
228
298
133
313
91
28
219
164
70
215
375
40
322
22
359
113
155
3
81
356
349
212
301
334
31
176
395
8
252
159
208
137
166
240
66
27
354
96
159
188
125
204
317
153
56
233
241
81
129
298
155
198
182
365
337
128
255
182
5
156
213
26
23
6
254
139
117
61
219
183
17
348
11
11
232
147
356
294
365
208
52
178
67
178
121
14
251
176
341
281
20
60
283
310
27
183
319
38
341
394
329
387
332
74
253
176
185
230
311
126
340
147
131
382
81
316
7
192
89
387
303
159
260
203
202
391
224
61
28
178
152
134
309
323
43
295
141
59
16
330
3
67
359
91
262
302
27
18
291
32
235
135
163
258
360
178
336
207
303
391
87
372
70
10
129
130
224
145
301
390
93
84
232
291
278
382
159
300
49
207
70
189
356
331
167
5
227
235
255
208
54
291
315
139
243
204
260
301
86
80
332
107
244
256
215
327
68
106
204
364
59
150
276
65
246
394
276
23
330
232
137
322
39
364
48
248
343
1
2
29
139
109
239
316
270
390
133
265
257
84
255
389
135
268
396
52
354
193
92
98
79
26
374
349
69
126
374
57
130
353
189
160
46
220
98
16
326
321
160
31
49
249
210
27
383
317
172
137
116
299
165
387
55
350
382
188
299
30
170
174
277
128
267
49
295
155
51
103
264
143
29
137
323
283
40
375
177
232
219
69
199
356
102
174
260
81
101
322
380
140
138
117
316
306
135
181
352
34
19
103
224
62
229
98
10
311
12
14
236
288
95
93
348
299
208
156
273
193
273
120
79
121
16
363
187
392
87
27
14
240
204
42
27
219
158
189
49
182
188
213
193
259
134
313
285
235
112
390
339
224
306
174
172
254
257
201
34
228
102
167
220
336
28
140
363
219
129
46
89
278
159
268
306
302
233
372
3
11
37
396
185
278
388
293
2
301
244
289
87
357
36
233
8
119
251
38
221
316
274
27
140
61
8
118
34
339
167
340
399
116
97
322
145
294
285
265
188
115
161
247
91
302
39
149
87
303
384
215
133
46
289
340
74
171
388
72
278
342
250
31
345
331
245
90
7
61
362
265
313
5
83
206
365
205
337
398
334
70
122
352
237
394
393
399
31
167
384
387
312
389
100
325
114
289
220
233
179
63
152
295
162
5
345
6
190
79
90
11
70
36
372
135
269
169
61
354
286
172
183
385
149
198
379
51
14
153
303
396
303
56
312
88
336
310
119
324
377
310
11
357
149
14
60
251
205
203
324
376
94
118
269
298
57
201
307
380
317
338
181
302
145
219
133
217
174
337
395
188
57
0
141
41
183
101
309
159
149
36
43
134
230
316
200
128
61
59
33
165
233
54
242
155
15
252
249
58
26
115
87
184
193
341
167
189
269
43
163
18
336
233
144
336
153
335
82
299
252
248
213
49
190
269
138
261
307
94
262
195
239
118
156
336
151
280
229
321
94
146
210
91
380
304
323
311
156
47
128
85
336
275
12
152
318
103
231
14
15
268
237
363
345
56
188
328
36
341
199
86
231
310
88
273
166
261
360
49
2
176
60
202
73
353
117
43
31
49
17
16
174
69
378
148
359
8
153
39
244
30
221
86
68
365
248
125
203
322
360
146
302
192
255
82
41
285
192
187
324
35
313
91
298
68
315
393
326
233
211
332
210
373
228
242
52
195
215
316
189
54
324
289
361
6
205
330
325
216
89
307
104
117
191
284
218
67
190
144
77
52
346
369
364
310
300
286
393
272
31
126
108
186
223
174
362
228
360
265
379
167
379
310
356
209
78
282
317
162
193
66
84
238
352
109
15
352
226
25
178
282
27
379
389
352
73
155
115
231
120
76
204
294
77
45
214
138
132
267
365
7
173
398
32
180
124
8
289
121
213
235
395
386
15
10
352
38
53
2
97
96
183
167
291
277
202
202
92
246
105
56
242
305
82
129
60
6
112
33
322
78
27
79
123
4
25
380
107
283
336
373
240
185
43
366
147
73
149
282
329
209
67
32
366
287
6
18
353
89
51
123
54
140
303
398
140
120
192
64
2
293
256
6
348
361
164
56
233
125
18
138
317
79
247
75
396
64
21
364
133
163
41
112
116
163
239
283
106
200
88
233
180
37
59
115
172
226
137
2
309
13
240
143
72
261
303
32
44
331
259
228
18
398
63
303
215
76
61
50
128
136
215
389
392
368
213
126
259
240
36
287
308
61
258
192
149
399
182
117
244
67
140
204
309
230
216
52
108
246
33
305
9
110
380
292
114
245
119
239
312
349
248
366
202
203
323
156
149
164
146
298
167
262
149
186
9
29
82
166
190
254
99
233
190
359
349
257
317
186
304
259
273
378
387
84
223
164
117
75
51
11
284
261
5
260
176
47
273
379
29
257
222
290
104
365
14
378
233
340
292
236
300
193
33
322
191
158
98
120
292
5
252
257
159
242
373
326
51
210
69
84
113
41
108
68
390
107
94
24
337
61
37
164
398
90
198
181
170
47
216
83
374
25
365
312
338
221
67
283
289
108
302
19
230
44
88
35
147
342
230
217
278
135
5
172
180
63
105
254
150
118
235
242
288
79
255
246
34
194
94
347
337
245
268
103
249
378
88
2
373
212
358
40
378
306
40
32
140
250
326
76
17
36
309
125
247
211
61
85
248
50
346
122
136
71
270
251
35
217
198
275
199
141
341
87
30
68
264
269
304
194
70
99
133
62
275
399
71
38
352
274
269
304
28
74
117
265
375
387
110
130
156
51
131
385
60
0
70
337
252
132
87
228
162
367
142
241
307
160
33
24
309
182
354
339
387
276
355
262
240
34
189
389
163
98
205
251
180
225
109
15
364
267
346
126
302
275
295
101
349
195
93
209
204
270
229
210
295
230
275
31
242
301
152
260
393
322
372
135
0
258
93
121
188
44
35
188
77
101
51
222
337
243
59
30
321
382
257
299
44
305
393
254
129
247
264
309
262
59
164
63
163
258
371
12
371
134
191
147
153
242
232
386
191
59
238
397
134
130
16
6
282
103
348
215
6
134
216
138
211
208
164
172
234
104
87
377
303
32
115
201
229
147
364
351
94
213
395
124
69
354
96
174
268
258
324
390
374
281
308
391
151
185
278
87
9
379
242
286
75
297
249
245
161
39
37
269
224
255
91
393
167
371
177
194
356
232
229
210
192
7
65
225
43
325
215
380
96
315
99
92
257
136
237
285
143
59
59
218
277
304
281
49
304
309
349
12
224
65
254
68
207
302
74
168
250
315
399
144
379
351
354
53
162
282
281
265
132
257
49
105
66
195
260
254
161
360
164
353
18
95
255
215
389
109
331
321
77
376
34
393
16
150
41
355
274
164
62
354
149
182
241
82
233
133
15
369
226
105
92
141
299
41
110
133
353
140
253
176
353
176
197
18
199
147
364
365
138
183
115
195
270
203
11
168
11
178
202
280
130
282
372
326
389
315
389
196
365
220
154
259
366
95
173
235
240
294
131
86
224
374
387
280
93
140
380
238
69
109
194
91
132
321
329
296
172
73
3
179
293
19
399
16
23
300
120
53
379
253
59
218
188
363
240
94
377
21
97
201
33
165
312
56
191
340
136
291
279
113
21
211
113
172
106
183
341
35
312
323
34
271
327
230
139
331
396
151
221
53
290
86
295
24
40
396
23
271
233
153
96
159
101
99
145
30
29
334
139
259
49
208
135
281
138
49
54
143
129
50
363
399
371
257
357
133
271
25
369
379
209
39
186
293
105
150
202
381
197
229
105
90
122
86
309
278
162
328
27
170
123
398
13
301
43
223
178
189
47
16
140
201
75
270
275
55
253
138
346
110
77
72
369
104
356
225
70
179
262
164
250
188
293
182
342
382
322
2
209
389
302
395
197
348
369
172
205
80
92
24
147
334
33
116
160
88
328
232
238
243
286
249
158
393
326
7
244
302
208
61
179
214
260
184
212
341
194
11
377
125
18
339
77
340
187
174
352
194
272
26
151
247
385
271
371
86
245
108
216
186
317
206
84
286
198
277
140
246
340
28
383
216
329
348
117
313
40
357
355
339
273
0
106
336
304
390
147
355
23
114
235
229
233
48
156
386
183
233
24
63
369
260
130
88
118
19
125
302
48
71
369
233
83
367
111
194
160
267
186
55
283
340
365
273
172
308
156
29
398
163
245
104
354
107
56
7
339
146
243
300
209
305
103
28
340
237
220
82
332
47
282
134
249
208
15
382
49
254
73
88
20
246
211
352
214
62
93
137
369
27
229
225
249
225
130
107
14
72
12
75
375
108
83
121
305
307
27
198
144
138
148
382
240
388
350
369
315
132
358
258
94
294
151
17
220
25
246
389
249
280
239
172
51
84
235
295
222
293
172
335
310
295
366
275
399
208
86
353
130
159
200
382
251
82
123
304
179
308
155
196
55
74
111
52
388
394
326
394
37
286
39
11
293
348
70
127
375
302
36
333
155
30
365
68
29
130
204
228
200
87
232
39
120
248
181
77
290
242
10
77
160
79
69
265
142
105
144
41
97
41
204
323
60
280
1
115
188
99
312
151
12
103
8
79
35
167
358
254
296
351
92
246
266
30
282
356
386
94
75
210
336
16
57
398
303
349
180
349
350
389
166
366
12
169
12
226
273
285
222
327
5
273
280
336
149
94
19
53
127
308
31
292
16
75
389
140
19
353
164
378
309
311
89
52
228
164
193
210
7
32
67
144
108
285
60
41
383
38
213
77
159
57
121
222
152
354
120
142
16
219
205
199
229
62
206
126
231
139
242
68
41
89
252
343
330
39
211
67
197
335
153
366
44
200
171
253
272
5
96
133
220
134
120
352
339
329
225
198
145
1
365
196
133
51
208
369
21
36
254
205
49
218
163
172
350
107
179
159
108
143
43
87
306
285
249
295
323
38
383
289
4
75
59
256
39
186
239
140
229
231
43
396
254
87
197
125
233
356
53
132
65
264
79
172
263
217
52
392
287
369
92
144
267
161
362
298
271
40
302
99
280
212
19
237
329
204
116
239
92
160
238
68
178
369
189
287
383
243
102
220
237
280
94
103
298
71
367
78
77
387
288
151
296
75
273
164
61
300
302
19
134
346
252
161
399
76
333
264
60
78
197
354
359
308
130
351
373
5
288
232
264
47
200
188
380
279
267
104
364
239
279
270
223
366
365
257
225
180
88
65
185
159
239
368
20
223
228
293
19
37
239
247
63
320
40
356
62
393
308
204
377
306
56
324
200
54
301
47
54
336
364
344
63
203
318
356
326
245
308
353
263
346
110
141
223
231
374
243
145
385
389
240
258
322
123
267
85
254
249
91
6
332
8
132
205
44
209
308
171
269
58
15
227
190
256
370
393
201
147
35
36
45
50
394
179
47
284
271
205
180
73
305
334
354
176
160
161
16
288
168
28
168
302
275
150
282
250
37
375
398
341
344
34
211
392
166
227
389
147
221
182
248
46
257
252
97
39
70
295
56
150
103
124
291
92
350
113
326
311
128
267
286
251
23
125
257
50
208
293
36
217
6
270
84
118
104
97
234
77
184
179
38
23
367
10
53
183
136
309
311
180
17
391
42
289
227
84
217
41
281
151
23
91
160
100
35
26
391
286
208
293
235
87
50
261
167
149
121
2
243
47
60
367
324
290
38
295
13
256
387
164
234
18
157
264
250
300
144
275
262
244
205
31
10
49
222
122
60
245
311
119
234
105
256
355
77
14
382
231
49
54
304
103
325
294
64
338
21
178
87
149
393
304
247
24
68
87
267
88
226
112
364
181
75
27
332
228
93
244
391
242
335
325
39
398
41
83
11
308
242
193
258
5
154
169
261
268
207
179
128
71
356
318
262
139
346
41
93
64
373
318
364
215
43
260
212
112
210
115
149
59
324
249
202
139
329
37
299
321
50
314
335
4
367
188
302
41
126
373
344
112
192
257
189
147
171
82
273
304
374
16
29
277
166
84
157
375
171
242
220
197
391
267
306
191
399
34
181
302
377
135
355
59
273
49
370
56
31
276
277
390
38
109
346
123
181
127
19
67
226
209
189
34
151
258
265
337
258
183
348
106
373
245
108
2
129
229
302
116
232
331
18
68
235
200
345
58
140
70
15
118
222
45
382
161
282
274
341
202
369
307
383
393
56
273
28
8
1
88
27
285
266
6
158
28
132
25
78
39
186
235
298
351
134
390
176
200
365
1
23
352
46
241
37
283
282
56
387
389
302
294
125
346
249
66
228
49
351
89
183
204
317
92
290
87
272
180
33
31
364
205
144
298
186
68
44
179
223
55
346
187
230
320
226
387
216
23
22
204
25
234
385
160
325
45
298
222
276
355
339
74
34
143
85
14
115
138
96
327
57
364
350
104
50
77
137
141
71
257
170
282
242
76
72
215
73
232
169
161
291
3
395
312
34
21
147
37
6
197
246
54
201
100
80
60
390
235
304
371
96
60
147
373
165
230
267
306
344
283
157
53
135
163
76
368
368
213
149
323
202
42
130
66
131
70
193
282
367
399
208
61
218
32
93
161
334
5
195
86
101
229
347
43
110
372
291
384
370
199
234
294
233
324
265
188
31
278
3
143
258
291
237
348
193
300
306
122
188
373
140
178
381
114
2
96
75
208
138
399
30
380
11
312
127
124
65
201
281
160
126
81
370
219
105
339
24
339
385
31
283
101
248
32
278
143
182
257
221
361
199
24
267
339
250
66
310
41
323
253
251
24
123
281
29
352
201
334
52
256
365
396
370
346
50
334
381
20
41
49
28
305
310
223
348
226
385
167
51
384
132
222
366
145
212
97
341
354
135
123
145
109
187
225
198
76
284
59
8
191
336
120
167
216
5
371
387
6
396
78
132
302
263
5
265
372
131
53
227
242
132
109
108
184
326
172
192
284
159
224
59
358
296
127
59
371
127
277
353
170
265
282
127
20
181
66
261
61
161
144
389
237
251
108
176
225
323
149
126
150
134
152
208
166
1
341
302
163
352
349
246
174
200
168
209
130
180
343
51
75
290
99
309
327
275
377
105
74
259
382
278
380
369
59
70
308
337
43
140
57
382
34
132
208
295
16
179
295
369
117
261
278
317
318
52
179
270
83
202
390
169
96
172
327
31
318
365
5
207
175
131
45
322
34
376
234
310
104
295
236
111
373
78
151
355
146
285
346
332
383
128
1
238
153
236
302
16
221
320
252
84
264
98
348
243
83
148
156
320
370
302
68
124
311
385
220
17
89
164
215
398
214
77
82
384
209
169
42
366
176
37
26
65
360
220
153
310
29
118
128
124
304
117
365
161
312
157
267
172
173
210
213
52
204
181
192
396
398
331
42
83
299
196
306
189
294
219
232
287
25
99
255
25
356
239
161
283
37
235
242
205
297
128
182
345
139
307
138
62
33
24
50
385
8
294
303
187
256
51
316
147
105
156
143
246
387
23
19
186
58
207
29
373
294
126
149
19
284
9
284
80
392
241
102
104
214
238
349
184
154
140
273
80
103
172
2
64
105
268
149
92
121
239
172
345
76
349
296
108
64
104
234
202
307
182
375
289
130
188
225
227
50
28
1
5
204
7
369
181
309
77
247
23
75
148
209
141
367
87
337
68
81
29
219
305
370
147
291
189
6
254
293
15
292
294
185
373
29
1
193
207
221
369
52
74
202
305
299
335
148
229
109
253
90
37
252
239
284
170
252
387
275
308
189
326
304
388
11
281
334
371
283
115
313
273
126
274
269
147
217
369
307
171
389
298
27
396
385
324
380
151
378
341
249
102
315
99
128
116
143
229
345
34
302
220
124
383
175
25
236
78
2
192
183
187
18
220
17
215
321
378
66
93
231
4
25
37
303
117
186
298
170
19
168
103
98
11
0
326
336
179
193
386
223
321
299
385
141
255
345
321
346
235
219
62
32
29
197
133
248
17
378
257
336
274
352
313
333
330
95
398
36
164
70
101
265
5
168
38
120
17
123
172
237
282
223
124
78
126
209
307
252
38
345
346
305
316
225
312
77
380
44
391
130
35
339
370
48
93
172
277
307
73
142
306
297
147
358
209
115
100
325
196
236
182
376
398
143
364
385
283
130
392
253
280
19
132
301
290
242
307
167
191
255
109
219
60
272
52
323
232
358
214
269
140
104
175
118
188
346
66
277
106
10
19
264
350
372
327
108
22
213
103
211
263
250
354
57
389
350
348
172
121
144
274
248
13
235
82
352
60
182
5
200
256
332
315
383
40
244
374
24
214
229
112
383
300
80
396
247
28
101
126
98
42
167
153
77
113
216
212
281
80
1
64
65
285
325
179
267
197
215
33
187
170
333
304
76
187
195
106
367
1
49
1
202
217
19
149
22
237
144
141
209
118
165
177
347
37
373
286
162
58
248
15
180
320
156
58
260
289
62
231
47
145
221
230
182
353
378
301
310
331
280
193
101
233
394
125
208
142
137
191
116
24
62
352
239
243
341
338
129
250
177
166
326
182
341
246
240
213
278
359
29
296
189
233
318
346
173
169
334
281
279
28
54
199
313
64
219
303
338
77
214
390
339
83
47
238
61
128
169
394
34
391
386
166
276
99
61
13
203
37
21
371
10
386
378
270
51
357
253
1
87
316
115
360
369
176
388
351
40
14
56
77
293
140
235
346
27
389
244
389
118
235
5
218
3
172
342
326
314
187
95
73
97
37
339
224
383
55
212
317
197
7
361
237
238
389
226
150
396
250
203
68
228
93
286
279
93
251
285
315
120
283
125
171
289
134
46
152
386
397
88
326
80
162
47
363
109
134
180
299
137
189
92
283
143
351
142
258
91
125
289
390
70
327
103
66
142
227
326
130
39
244
65
158
262
273
257
99
99
290
27
110
344
349
225
178
139
193
302
176
52
65
134
256
30
99
256
178
279
281
80
262
55
11
159
1
82
122
124
170
270
142
193
49
107
349
346
359
203
340
209
6
312
318
106
209
2
286
310
274
171
334
294
352
293
52
26
375
51
317
218
256
44
271
217
321
264
27
124
205
264
220
278
232
54
349
360
111
294
54
42
68
113
199
348
362
385
157
13
200
62
244
208
94
296
67
200
176
39
279
252
245
138
4
311
332
11
48
62
376
45
47
346
225
312
362
78
372
160
63
81
217
307
173
30
10
92
211
52
123
197
296
64
164
387
246
182
67
219
235
253
379
79
176
223
43
46
334
277
274
246
8
202
239
79
103
273
19
309
147
378
327
126
363
340
164
42
392
138
179
253
84
111
263
52
337
107
47
219
59
309
11
368
155
153
74
198
14
264
349
14
398
164
385
284
261
262
385
116
84
209
84
253
301
85
22
11
365
160
8
0
382
359
288
234
162
201
69
186
134
17
243
346
332
6
337
9
97
353
243
159
189
128
169
66
379
340
297
351
305
371
177
26
189
128
95
87
262
197
4
82
112
399
36
28
138
335
365
60
336
212
104
54
129
219
55
136
225
143
300
31
104
269
222
268
80
70
382
276
359
43
221
359
180
196
88
197
194
173
66
315
355
63
308
41
283
241
4
175
83
5
28
148
29
200
180
72
359
74
377
280
273
308
170
125
55
96
371
146
11
143
199
203
49
244
327
18
178
394
67
389
111
27
46
354
55
337
82
34
190
162
324
54
111
308
325
184
204
274
127
46
182
247
266
121
48
281
108
322
252
263
234
105
387
396
234
127
27
32
303
264
230
214
30
280
356
322
339
61
208
65
369
2
140
211
306
337
398
325
12
82
123
227
223
37
197
250
121
124
112
191
306
56
323
4
154
152
77
159
192
283
201
331
200
322
330
127
247
218
159
188
233
337
177
76
233
17
338
201
257
263
66
103
195
384
10
58
151
238
264
72
155
376
249
192
87
336
40
327
250
259
130
392
211
249
284
310
371
287
43
70
193
83
348
347
128
350
351
33
302
219
146
380
336
360
241
116
226
181
84
163
23
51
154
295
360
303
373
64
192
84
263
317
30
324
154
75
183
63
192
149
362
89
30
171
78
202
170
188
220
75
3
183
188
215
103
301
29
47
103
103
205
23
335
133
109
173
176
212
325
225
321
55
304
393
55
56
40
9
255
10
7
385
16
52
126
307
174
12
204
2
164
349
342
375
133
106
90
80
386
380
175
284
245
70
224
379
169
123
104
52
58
294
202
298
168
7
6
42
130
261
344
70
275
159
180
184
146
11
316
95
84
65
225
155
156
50
168
358
217
230
148
244
347
378
197
93
378
396
230
11
295
231
88
276
396
19
324
132
43
264
378
152
206
87
95
34
96
284
235
150
398
135
395
217
41
334
354
24
68
330
270
321
379
374
261
257
171
144
167
98
256
16
229
307
289
298
163
301
37
203
4
175
125
14
93
334
32
227
3
357
172
383
234
99
249
272
353
236
67
123
74
23
179
256
219
354
224
68
9
267
318
160
363
302
68
264
269
16
126
294
149
322
230
396
84
237
256
304
244
301
71
207
72
370
157
238
124
171
361
165
238
167
62
109
153
369
27
280
290
132
338
12
65
26
105
307
192
311
17
117
363
49
167
168
164
0
243
15
218
334
116
83
382
181
306
370
135
213
84
166
94
289
342
242
143
240
295
60
373
348
218
128
252
63
302
246
106
315
276
228
324
151
51
199
179
366
371
203
330
49
208
121
310
161
27
13
198
379
56
51
138
56
227
210
89
286
276
249
370
34
68
163
304
161
27
363
189
199
324
53
396
394
115
285
373
315
27
297
121
362
37
5
37
17
283
292
170
162
157
188
380
8
373
290
308
138
37
137
209
222
131
172
172
176
352
204
13
204
354
177
399
253
209
134
352
307
278
233
242
101
282
206
383
141
10
336
11
243
353
0
5
9
124
321
385
209
190
116
18
222
85
79
236
13
391
354
275
188
159
230
218
138
48
187
12
335
258
368
242
307
152
67
147
70
291
121
258
46
84
315
346
346
127
174
289
18
209
133
83
34
343
109
33
102
221
151
355
110
116
227
138
1
348
97
304
37
264
40
48
336
162
18
50
78
399
287
49
2
143
384
22
324
130
60
114
39
4
86
337
51
325
268
352
231
353
166
121
101
360
387
244
6
294
352
215
363
325
396
165
221
324
249
84
60
37
139
77
371
93
61
364
29
117
207
41
290
271
147
94
77
80
292
335
179
269
302
309
226
68
49
398
268
11
59
185
329
82
89
196
270
81
70
155
4
350
261
206
223
217
333
38
335
73
82
122
277
358
318
278
25
84
152
38
275
27
144
281
127
126
288
193
351
250
30
382
109
264
334
396
281
161
313
29
115
275
237
50
359
327
3
276
260
72
138
168
340
304
60
354
113
175
199
242
4
182
271
324
332
20
158
121
92
210
214
161
223
203
245
17
204
288
359
94
268
229
89
191
339
58
301
274
361
375
371
116
363
54
248
88
7
14
261
125
195
161
197
148
126
249
70
298
166
281
331
66
232
378
228
251
378
242
87
335
306
19
46
43
75
159
294
132
350
370
249
58
305
4
105
187
14
86
322
194
25
187
101
389
143
41
287
303
342
251
126
166
352
345
134
176
278
44
39
162
137
199
156
390
212
370
311
268
342
219
267
56
212
31
254
276
89
8
139
66
212
59
376
230
298
180
34
218
6
40
3
276
310
269
379
210
134
268
133
367
133
247
125
166
303
385
53
193
264
311
229
167
399
163
30
226
37
270
292
220
283
161
66
151
218
42
54
280
187
46
217
85
43
257
278
396
158
262
155
198
24
245
9
50
36
239
25
199
277
7
346
89
370
294
111
79
395
106
234
263
150
221
173
192
189
67
234
132
28
58
289
148
38
112
249
37
318
29
374
181
19
283
153
372
249
188
388
318
84
15
102
160
78
34
162
341
292
185
240
80
162
66
40
285
151
118
92
54
285
346
127
30
61
121
241
239
11
334
76
274
266
325
327
283
315
112
277
116
253
151
133
307
360
163
56
304
180
251
237
167
49
26
259
146
221
182
348
220
362
16
198
312
318
226
103
108
168
393
206
360
341
340
313
182
239
0
20
50
160
13
37
200
208
361
107
248
235
97
338
38
332
123
270
98
70
395
44
227
139
120
107
80
192
354
199
248
214
2
351
348
190
351
289
348
396
305
125
356
385
171
188
340
94
230
178
40
108
153
77
50
228
43
19
385
77
52
214
388
237
77
75
254
217
207
3
376
69
139
234
352
22
355
295
244
212
32
70
146
104
189
277
7
224
52
148
278
283
232
326
29
196
313
284
267
196
99
142
227
141
349
60
293
298
232
139
224
108
170
84
259
307
139
44
253
257
232
99
294
226
98
245
338
137
17
183
59
84
248
380
333
333
292
350
163
387
61
128
211
202
296
71
267
14
184
306
148
381
230
233
56
237
297
22
247
252
323
205
353
61
47
163
245
256
13
130
245
343
104
59
221
354
16
150
41
82
337
71
42
74
183
246
131
118
6
371
257
297
298
148
87
308
331
364
159
312
11
176
235
0
379
273
4
252
273
238
387
201
205
343
340
393
14
276
65
217
176
29
246
206
150
259
264
55
372
163
11
311
250
23
202
121
13
80
286
242
57
379
53
126
363
134
293
378
238
372
61
248
105
191
84
272
284
93
124
201
267
277
176
174
30
366
229
171
159
387
169
52
36
390
289
28
149
89
160
200
180
135
140
336
289
333
88
188
315
202
341
362
168
147
84
160
179
157
136
370
139
130
7
288
252
337
250
328
20
144
379
361
16
307
191
31
108
353
351
355
43
131
340
145
81
192
120
256
158
292
212
86
390
76
101
148
380
8
139
127
80
97
172
360
311
172
242
115
331
296
282
121
235
53
15
253
322
346
222
373
47
398
177
134
265
55
82
213
89
266
272
153
399
12
198
356
78
356
182
165
369
323
103
327
45
341
227
59
355
276
393
201
234
166
274
126
135
386
44
316
353
186
23
14
227
357
149
89
206
273
130
373
198
211
366
175
110
141
32
35
259
260
171
225
221
2
148
399
49
386
241
229
39
40
124
182
69
304
246
310
204
393
112
225
321
237
149
316
300
367
146
365
189
167
71
4
142
104
204
134
395
19
353
123
16
385
103
18
178
201
215
383
363
77
365
288
121
273
249
125
234
104
273
248
278
203
10
147
45
286
139
262
255
12
137
301
394
203
353
116
25
296
117
290
213
2
213
53
103
336
315
172
310
76
327
54
111
59
328
188
233
351
333
51
241
187
334
16
77
370
212
141
245
77
85
278
391
313
308
142
114
78
267
394
209
377
167
117
53
358
246
78
267
118
224
12
270
396
17
87
199
29
15
142
311
264
164
331
172
307
264
334
300
382
46
398
281
59
357
253
167
57
145
72
223
240
38
347
243
96
12
147
147
177
271
351
141
24
30
74
110
307
171
236
342
90
192
323
254
202
145
61
160
327
40
283
229
227
389
221
161
371
188
166
149
229
153
67
303
300
144
26
359
6
169
352
225
389
106
174
296
205
5
146
287
389
261
371
245
33
201
153
63
321
332
227
393
373
283
313
1
354
271
249
65
195
62
278
203
233
353
233
186
82
156
389
369
169
192
42
398
323
160
244
275
331
98
246
0
68
160
336
209
331
338
389
36
352
249
94
165
221
307
274
202
165
166
94
36
289
365
96
316
31
261
208
377
56
170
373
204
42
307
93
268
345
308
50
75
175
78
191
318
306
334
132
223
313
206
91
160
62
240
87
205
23
109
152
68
331
323
355
132
175
82
381
214
387
306
334
36
304
383
210
51
194
53
42
84
68
239
120
303
97
131
36
38
156
203
6
371
116
6
36
89
93
171
343
151
376
8
186
209
396
127
325
79
288
0
38
35
289
24
260
234
321
22
65
80
371
240
398
272
369
10
336
236
7
347
11
26
87
351
82
349
46
216
278
205
149
103
291
182
126
169
84
171
138
175
369
204
13
141
214
91
8
113
8
82
282
296
227
17
114
280
353
238
172
106
289
171
202
84
393
3
228
269
240
121
79
301
317
213
376
118
58
101
117
182
119
354
76
5
43
334
314
378
332
40
346
41
176
24
254
394
151
357
148
346
263
145
42
173
377
73
264
298
340
220
251
51
346
367
143
60
86
181
164
367
328
322
219
208
55
20
0
205
34
214
280
295
71
308
2
23
198
334
360
108
198
256
22
268
141
27
2
242
356
390
246
55
299
214
172
209
117
24
391
138
42
377
210
16
348
206
94
347
233
351
52
44
94
248
79
324
72
74
235
57
124
20
115
370
225
390
298
49
10
173
356
107
137
30
378
267
13
56
285
41
272
327
275
286
133
69
356
147
193
119
163
173
149
209
218
41
134
380
349
341
238
316
308
213
385
69
202
98
170
295
354
23
77
2
130
273
61
62
220
290
301
388
35
32
63
249
243
202
280
207
309
6
164
229
216
255
35
106
160
6
398
214
224
64
335
12
382
380
200
41
379
225
283
82
389
70
205
373
228
256
246
213
390
288
242
217
347
165
367
103
1
379
31
30
354
132
64
40
249
338
42
12
120
154
61
69
195
199
27
316
67
77
32
394
280
153
113
145
361
23
283
72
223
212
220
82
313
243
88
219
127
248
10
141
60
242
167
4
32
322
310
308
202
110
147
250
389
329
114
383
112
306
114
70
357
382
376
351
236
343
52
32
19
99
208
79
274
79
238
63
181
389
285
362
311
164
258
27
373
357
327
291
55
284
222
29
316
384
14
127
192
189
393
219
107
218
230
352
218
269
36
11
372
244
257
63
138
1
268
84
79
123
275
237
154
53
54
278
124
378
85
70
306
150
62
306
112
312
37
165
291
234
28
192
230
14
230
287
222
269
298
132
297
14
77
124
354
14
384
14
292
356
40
176
312
59
49
283
339
319
386
103
315
30
299
0
66
369
65
112
352
152
109
232
267
154
351
281
81
183
306
202
27
20
4
393
31
122
243
102
191
357
271
79
14
137
380
249
37
166
374
170
85
369
381
71
271
268
65
304
201
353
113
391
389
87
98
269
207
65
41
364
89
277
234
59
370
349
275
53
390
251
147
362
395
113
339
284
148
24
73
42
350
40
21
95
0
256
290
373
205
302
353
219
16
370
273
99
42
146
375
255
137
56
385
1
144
193
100
148
9
164
75
141
197
315
318
241
235
100
29
50
395
164
68
393
91
42
135
395
210
252
383
193
288
230
350
22
270
311
85
181
170
117
193
375
313
154
213
117
268
71
260
370
355
295
336
116
27
233
330
179
53
130
15
265
20
137
355
23
72
213
15
252
192
8
345
355
137
231
292
197
49
295
132
241
55
159
134
67
346
353
101
64
33
39
137
103
133
285
2
164
112
28
217
260
29
303
53
288
177
388
19
301
45
123
135
48
108
190
174
250
62
34
204
275
227
48
328
134
71
210
143
184
148
111
341
396
31
225
396
240
226
247
107
282
296
281
10
330
380
165
163
307
205
262
200
234
126
51
140
353
340
270
361
130
236
125
83
350
157
354
284
317
78
244
26
360
289
208
310
230
58
225
242
336
65
377
261
308
119
42
197
201
317
239
65
270
183
140
343
386
52
330
212
390
378
96
299
288
306
322
202
18
166
377
34
8
123
202
101
5
41
142
95
80
79
49
126
185
327
154
141
388
234
321
335
206
123
110
75
395
378
65
83
206
55
321
102
50
305
216
192
345
128
160
118
212
232
45
15
109
38
96
94
399
353
382
333
269
141
16
190
330
280
29
347
244
166
128
129
49
31
206
236
321
119
198
47
322
378
215
161
89
322
248
68
34
285
301
271
338
139
144
306
178
300
36
258
208
236
211
322
236
119
177
373
141
369
388
84
274
220
176
163
108
128
32
0
375
68
340
134
346
209
24
340
274
372
98
371
58
349
133
164
201
138
367
84
233
38
17
256
117
199
394
301
157
364
214
357
10
342
147
61
242
195
261
30
242
292
83
12
260
372
118
386
39
224
354
176
398
114
135
156
182
394
299
175
198
117
97
301
232
239
299
293
295
160
253
130
302
10
378
279
237
2
384
163
143
248
300
196
389
289
119
317
117
77
133
102
176
334
4
187
209
207
384
159
273
75
392
87
363
150
322
323
359
66
322
156
206
356
278
144
197
333
133
160
257
17
270
276
13
201
139
258
183
379
153
237
20
350
317
278
30
52
294
272
30
46
117
121
174
153
264
352
61
38
98
179
10
180
87
322
116
333
396
366
142
324
371
118
325
250
351
381
152
304
398
254
130
216
65
93
109
12
284
399
345
254
136
23
278
150
113
181
36
90
139
52
339
37
69
44
340
288
377
4
53
389
150
310
330
105
304
71
369
260
1
178
218
177
184
32
124
124
42
60
387
2
4
53
114
163
37
220
369
347
227
251
382
366
162
387
186
301
190
272
269
336
135
133
173
55
206
143
327
129
350
255
280
38
363
74
71
216
220
204
39
196
79
46
78
305
190
215
269
207
380
34
74
195
350
265
145
204
281
323
235
188
105
287
260
44
116
316
220
177
131
318
294
159
334
274
308
372
325
183
132
367
213
274
49
258
46
367
27
48
224
346
207
129
236
253
22
31
151
382
213
359
127
380
249
44
297
336
225
337
23
265
133
210
182
194
89
116
393
304
343
275
170
387
16
142
137
152
67
42
135
215
1
218
231
304
394
334
37
186
138
393
45
75
38
197
300
48
329
180
142
302
86
245
209
144
322
156
210
32
48
392
76
45
1
243
79
126
52
240
87
146
268
153
62
333
40
140
274
398
265
316
394
75
381
235
264
250
16
27
29
75
308
367
183
28
7
273
281
370
265
27
262
232
71
346
246
287
133
45
371
397
44
92
210
275
117
212
26
253
40
398
395
196
237
16
383
139
197
70
356
105
50
153
316
201
166
115
90
385
266
43
390
366
80
97
21
294
65
205
282
8
256
108
149
352
287
14
51
120
115
365
176
367
106
393
12
252
342
134
103
329
15
399
350
54
240
104
359
172
292
127
38
36
162
34
11
313
370
202
321
371
155
180
325
42
241
334
373
210
203
69
301
169
210
210
376
305
69
133
46
297
248
263
4
8
8
250
277
188
8
315
332
387
175
180
1
3
177
140
17
115
7
244
80
120
297
218
219
124
42
220
351
302
161
241
151
391
359
222
335
17
202
375
113
316
332
327
312
240
156
92
307
26
100
386
71
136
325
197
174
75
122
52
140
33
27
52
314
204
398
246
251
200
329
37
284
110
361
333
77
274
262
171
58
294
283
38
259
391
210
291
336
23
188
366
350
196
106
383
77
201
3
170
372
194
136
207
90
190
233
157
220
358
34
206
268
189
172
288
336
233
85
120
369
167
45
176
254
125
274
11
396
9
14
213
141
268
388
39
39
135
35
215
188
233
87
253
25
378
238
252
26
281
9
231
306
279
247
241
76
64
195
47
244
218
17
68
44
14
208
92
27
96
223
142
125
284
12
249
252
187
251
160
353
291
329
144
355
292
318
334
280
95
255
186
389
17
0
125
104
134
275
32
121
38
282
325
146
200
378
355
17
87
254
197
331
44
346
371
86
19
188
51
268
219
166
27
244
205
175
243
62
212
216
296
80
373
212
319
283
153
183
317
187
157
68
124
29
172
36
156
356
142
54
107
108
153
376
180
383
312
6
295
9
122
303
110
174
143
65
124
333
141
201
305
116
191
217
266
207
359
271
309
105
116
76
200
7
41
263
11
389
302
217
229
292
54
298
295
323
50
230
27
85
348
53
222
59
58
239
97
373
251
193
143
205
259
22
70
51
261
296
241
238
141
123
234
88
340
12
280
250
78
164
269
172
25
333
83
233
0
251
270
112
59
395
109
224
351
186
41
286
227
383
292
358
223
117
56
251
22
342
20
291
35
257
58
389
318
151
34
16
138
109
153
75
273
301
210
316
129
301
356
398
13
194
16
93
68
264
14
1
291
399
398
161
385
148
60
93
371
33
183
190
169
45
39
213
12
273
318
52
256
326
160
198
351
69
371
72
356
147
236
258
333
92
276
82
189
76
233
376
220
275
373
314
81
272
60
127
102
308
105
189
22
270
145
24
107
308
325
132
174
253
348
240
302
154
79
397
389
331
190
92
103
395
351
283
30
371
302
207
255
125
260
22
306
334
222
10
215
394
352
153
234
207
40
157
41
23
167
358
64
24
330
266
157
4
239
201
230
159
99
391
36
123
9
205
388
334
379
263
395
248
40
261
331
220
112
274
238
215
229
61
219
248
390
98
43
370
194
358
174
155
275
343
146
234
249
140
378
94
303
53
269
334
170
257
93
371
160
217
278
37
44
209
93
137
79
57
45
307
208
233
77
257
306
22
65
362
69
338
13
216
388
248
58
315
292
188
328
1
194
89
396
350
173
5
19
360
174
94
360
363
307
101
39
312
277
126
284
78
353
200
280
340
285
106
301
102
211
146
26
143
175
203
217
364
11
388
187
173
8
171
139
14
280
59
133
349
109
321
346
368
140
65
287
294
0
224
23
199
364
294
290
116
46
85
103
197
389
296
164
77
296
377
225
225
393
189
191
64
178
199
124
11
8
34
140
390
125
325
55
123
379
220
176
233
248
61
17
294
282
89
83
285
172
258
229
192
33
316
41
334
26
312
93
245
148
156
99
114
46
103
193
126
380
108
59
292
370
35
36
207
195
171
243
233
116
379
322
325
174
115
216
348
340
63
399
378
345
174
324
42
341
171
310
87
229
178
351
41
193
163
341
108
64
61
15
299
244
219
290
390
397
304
179
131
288
367
399
214
111
92
9
190
143
273
136
36
109
197
130
263
79
216
52
252
34
11
309
153
193
298
358
76
31
146
242
54
268
112
358
175
300
333
230
271
93
25
89
91
115
83
37
271
275
272
179
148
115
47
73
109
318
353
110
282
371
248
344
356
54
387
293
356
63
156
3
4
227
69
16
243
13
286
370
218
209
291
55
227
158
156
172
341
273
179
237
47
365
102
1
216
322
54
143
245
113
299
334
172
4
112
41
174
370
364
394
40
287
150
46
145
220
176
276
240
188
242
41
379
92
256
185
158
313
91
290
60
6
209
109
88
307
214
259
168
73
129
112
40
18
148
166
71
208
36
292
394
108
339
389
371
114
2
92
45
168
195
329
236
347
57
376
329
196
92
76
150
281
159
209
329
196
396
370
92
164
157
70
119
275
2
2
74
330
54
169
252
111
108
37
346
116
185
268
101
334
140
175
59
8
55
101
235
304
26
234
383
335
49
324
168
202
180
46
140
130
120
286
192
326
317
367
121
65
387
227
29
35
379
162
282
201
391
239
134
382
240
107
320
61
71
168
346
250
298
146
138
136
115
323
232
78
35
372
383
371
276
176
90
35
201
303
318
21
399
311
241
150
45
382
103
229
371
233
331
223
252
112
300
11
398
283
89
154
59
364
42
317
66
237
371
267
106
332
94
185
283
31
115
54
318
396
338
153
143
218
378
346
328
377
251
56
238
78
196
169
15
56
78
192
354
191
0
73
229
203
195
36
97
18
141
180
396
197
225
66
155
331
332
1
340
252
183
205
303
248
52
109
190
359
84
240
11
138
70
346
34
215
104
218
354
373
228
339
9
52
123
68
16
344
61
0
247
132
215
131
302
95
116
14
205
305
72
153
116
247
289
291
20
109
383
387
22
187
260
277
104
327
336
174
286
271
37
326
147
385
360
80
51
340
346
334
286
84
103
32
398
66
179
39
5
284
51
261
96
207
55
235
142
61
333
224
163
193
263
278
268
276
213
215
108
281
246
307
140
213
321
137
104
122
227
369
169
263
134
58
369
390
64
164
23
140
178
124
310
360
99
277
253
241
332
109
166
225
238
218
121
196
125
199
381
28
164
24
138
256
225
162
277
399
213
153
59
361
86
170
303
312
76
324
198
93
140
79
81
228
306
362
81
94
98
163
105
79
382
348
394
132
32
210
144
22
134
322
231
318
181
39
137
34
274
5
226
34
172
123
146
391
15
24
61
193
213
69
204
308
34
287
91
391
88
68
144
121
244
20
129
220
218
387
96
240
311
209
399
1
285
47
204
74
379
235
301
368
365
369
303
150
147
83
172
7
226
64
121
112
44
270
99
238
163
131
247
233
37
99
166
181
239
28
354
15
199
391
75
226
262
369
329
90
288
214
290
7
208
384
49
217
111
128
137
246
398
298
370
171
242
322
180
313
45
252
117
301
127
64
14
52
295
161
147
365
240
42
149
380
370
277
203
120
50
56
207
95
60
129
109
178
363
26
350
62
169
329
42
83
355
378
333
166
110
83
385
179
135
257
225
389
232
192
140
316
97
379
77
178
386
213
368
319
200
356
202
247
276
2
98
362
223
21
13
186
193
104
389
381
43
108
277
197
15
128
274
84
331
15
372
79
157
207
84
147
116
128
390
163
75
77
157
308
228
194
28
165
212
280
367
154
271
126
16
201
111
238
11
174
271
297
326
154
273
202
156
282
225
78
399
296
99
7
309
9
376
108
346
0
360
43
346
287
262
264
159
285
75
56
242
219
94
317
88
115
356
376
271
356
22
69
183
251
340
225
370
329
244
169
172
64
367
338
69
338
64
106
219
236
224
91
134
218
179
188
307
330
201
397
199
219
126
58
142
369
143
334
235
157
157
164
367
189
133
395
395
230
37
270
117
8
203
3
176
159
49
270
179
182
230
242
22
326
322
353
104
72
280
351
305
147
379
359
371
384
278
262
64
277
347
208
320
108
32
348
240
141
78
139
363
254
305
333
2
179
73
120
30
331
257
233
300
291
310
325
313
127
70
277
51
147
99
369
211
87
182
114
42
53
40
376
14
105
10
3
388
188
288
204
135
203
115
214
70
190
236
78
398
269
293
138
321
303
173
25
71
27
33
169
118
180
46
79
52
2
211
337
103
345
174
281
355
282
268
171
302
172
249
152
29
145
180
111
388
91
33
55
373
398
245
30
172
277
350
116
152
136
65
229
255
69
322
148
266
204
258
230
176
252
236
242
101
267
378
390
259
72
334
18
150
11
169
23
46
362
386
387
382
197
56
398
137
331
299
156
168
126
15
167
171
372
24
147
206
35
221
258
312
365
271
220
181
304
42
258
149
372
39
240
294
367
321
259
315
153
349
127
310
273
317
164
375
186
375
366
146
67
302
152
284
40
19
351
125
82
164
161
150
208
155
202
388
344
267
191
204
116
389
195
227
379
5
246
375
301
57
184
41
210
71
33
348
129
20
91
308
79
77
373
40
331
398
173
284
386
336
293
8
246
374
315
248
318
245
84
319
370
27
318
349
380
93
329
287
262
234
304
367
77
254
399
103
230
171
246
149
68
172
153
108
151
369
367
382
288
172
368
174
149
179
143
234
173
255
394
93
381
283
212
42
228
174
273
322
335
304
205
65
52
356
238
59
382
247
362
236
91
165
187
396
23
346
377
318
215
29
272
119
243
322
164
350
124
306
65
195
87
172
203
143
70
221
298
106
111
84
98
283
19
397
291
394
352
363
203
194
134
269
218
292
270
350
79
332
16
223
256
8
317
285
372
311
164
93
142
24
78
46
301
301
177
248
333
100
373
103
352
142
31
199
5
247
49
279
67
251
145
0
193
41
378
227
26
30
41
367
94
212
288
387
287
255
152
360
327
146
134
91
177
220
341
140
254
377
92
24
37
126
75
46
123
304
341
166
325
134
386
315
287
281
70
14
97
143
349
53
378
32
67
228
172
369
192
70
381
298
146
74
267
333
70
293
371
175
16
273
214
290
140
123
397
84
267
301
286
102
280
326
196
54
161
329
366
364
306
159
336
325
183
207
83
44
139
53
187
368
186
353
232
229
392
23
140
357
158
60
336
386
207
128
60
178
255
193
278
103
4
54
168
376
100
90
308
230
43
327
182
23
263
313
62
332
353
40
99
40
111
91
65
259
36
22
247
170
268
324
338
265
7
385
15
135
84
271
228
172
374
104
208
178
69
129
214
336
250
227
342
234
306
212
30
285
69
316
206
28
6
75
27
160
220
204
158
98
103
63
101
388
125
247
95
262
116
257
350
167
371
16
42
58
248
298
286
0
148
303
255
221
212
230
301
48
160
302
367
300
39
228
239
350
319
228
156
74
100
347
345
203
112
24
166
218
63
16
290
134
101
140
300
331
158
80
30
359
100
239
12
339
382
149
289
127
360
301
360
130
262
210
177
63
208
159
243
149
262
112
322
195
125
139
319
86
213
288
124
201
98
225
263
338
388
385
6
348
204
361
105
295
352
5
178
22
327
19
95
70
143
239
31
101
97
19
284
201
13
106
193
129
188
212
298
234
31
87
64
215
179
92
177
77
353
153
299
61
358
6
227
222
362
142
322
353
12
225
53
321
130
178
13
164
308
119
356
336
48
135
189
250
325
65
101
318
399
139
379
67
145
178
386
112
107
227
114
337
172
350
259
370
180
20
208
107
243
303
343
203
236
318
39
167
143
50
93
191
110
209
282
109
385
179
7
122
370
271
289
181
336
260
321
117
143
187
228
5
74
243
352
84
36
396
1
211
199
64
71
368
305
11
209
387
399
364
388
5
255
364
321
168
372
300
393
245
176
242
255
169
56
142
254
352
398
44
280
392
323
91
6
126
84
350
163
142
387
123
218
19
330
249
288
177
243
153
74
339
261
149
256
94
49
178
145
146
136
371
340
289
333
215
248
132
244
195
132
220
201
185
204
54
229
134
383
1
70
44
111
86
221
203
260
333
184
315
211
127
77
186
19
384
140
376
140
162
338
223
327
214
325
41
115
327
234
332
197
53
335
46
382
259
64
147
156
220
257
322
33
396
49
387
356
370
78
226
219
162
276
378
263
234
271
381
40
352
232
310
113
222
282
204
179
121
273
379
382
352
159
189
268
107
209
371
333
394
37
208
253
302
105
136
273
387
156
327
367
354
379
14
215
312
230
200
63
359
139
137
52
31
317
109
352
239
176
231
287
193
303
197
304
82
53
329
328
209
224
41
20
187
248
87
363
39
255
379
276
44
201
224
167
304
11
119
193
129
149
300
153
285
387
8
144
140
252
145
395
342
209
153
204
181
133
392
275
74
224
226
304
0
202
398
247
34
129
142
202
379
345
384
132
8
79
49
321
223
248
344
205
318
136
287
262
372
65
13
231
38
369
25
52
59
225
375
11
149
291
268
5
231
3
228
391
200
338
27
228
171
232
273
5
116
220
337
199
190
61
3
101
233
316
45
18
357
99
249
179
108
381
55
46
116
303
262
315
304
8
49
148
378
267
36
316
216
91
156
314
182
301
178
91
319
74
67
219
309
53
180
150
259
132
379
142
377
65
54
105
30
175
16
75
181
63
151
55
273
305
271
317
32
14
273
384
242
119
385
29
114
250
236
47
77
269
370
195
351
391
323
7
14
342
390
217
133
97
272
332
272
170
34
140
97
101
264
59
183
13
133
312
390
13
1
147
209
367
310
5
57
342
126
124
339
249
190
7
293
28
378
387
73
287
341
220
207
42
125
169
158
181
333
147
280
186
11
39
202
221
60
204
326
79
56
92
208
101
92
374
15
92
221
218
114
140
348
6
275
70
369
290
220
381
307
185
105
28
2
218
37
339
12
366
232
29
128
45
8
104
93
192
9
360
81
140
321
10
176
103
71
322
308
89
255
109
31
138
80
358
362
311
327
46
203
9
68
181
204
117
245
28
295
78
278
77
289
172
140
185
183
262
213
388
206
87
116
188
190
132
234
189
73
202
40
56
187
9
275
38
143
161
270
64
247
60
241
23
199
180
75
157
62
208
165
282
199
252
104
84
215
187
242
57
184
227
324
22
49
131
127
155
246
270
123
247
204
244
261
85
264
118
247
370
305
189
378
98
41
106
32
92
353
219
93
366
362
330
258
74
318
368
37
137
172
88
78
355
143
187
363
314
22
67
391
386
352
142
159
157
375
266
42
129
379
348
256
295
391
145
154
2
273
25
262
278
55
65
37
30
348
198
263
212
74
147
208
57
280
44
250
33
327
101
299
372
150
237
80
57
68
326
343
15
198
373
349
299
113
318
209
76
385
217
178
201
252
307
238
254
393
372
281
145
198
297
258
224
270
328
174
390
287
81
109
27
291
81
199
173
12
295
130
223
375
117
323
115
15
87
0
276
90
69
378
219
39
317
74
76
19
157
329
186
192
21
271
255
209
119
140
261
251
388
165
330
348
243
289
380
139
153
109
256
12
45
220
229
86
286
11
24
36
358
391
235
268
131
12
373
88
222
270
269
168
272
322
257
245
241
60
46
394
129
255
385
332
303
334
110
125
84
0
178
193
60
49
60
158
247
327
285
293
246
30
366
241
282
192
371
188
202
36
31
334
328
210
187
283
286
261
201
27
341
201
68
11
35
258
203
306
389
46
250
142
23
32
277
5
33
209
93
126
313
311
347
215
181
24
264
44
39
386
399
82
280
131
342
89
358
125
133
147
109
24
373
219
161
219
387
115
104
32
182
177
13
388
296
392
268
132
78
140
290
316
96
145
28
79
392
14
153
35
97
389
53
19
33
38
193
165
132
84
84
139
290
89
141
286
391
228
150
321
275
57
325
250
317
0
398
382
72
294
159
336
88
218
170
334
147
197
242
133
353
365
0
246
327
11
319
74
364
103
28
99
67
255
34
371
172
127
307
119
80
227
139
213
369
151
49
64
195
389
28
251
178
97
280
71
136
161
70
236
242
132
81
162
154
97
138
130
112
253
180
199
19
174
41
18
30
321
111
309
241
74
349
356
43
369
399
164
225
179
264
377
20
161
12
363
397
153
222
334
342
329
219
243
260
181
175
77
164
156
39
102
323
259
103
177
173
169
362
316
244
310
171
77
189
91
270
197
278
247
323
15
239
214
332
92
77
337
193
104
160
316
170
54
243
232
62
69
231
97
12
366
119
327
154
244
294
117
80
70
26
270
308
89
264
117
283
292
9
394
50
257
189
18
159
44
81
132
242
268
97
164
70
350
117
153
354
269
264
145
118
161
227
9
32
77
120
244
327
101
371
339
125
161
359
292
269
134
1
327
173
153
310
95
223
150
198
390
15
362
207
4
387
299
77
133
188
306
388
223
60
96
20
162
325
134
299
2
396
209
167
29
306
131
192
174
256
399
111
121
55
60
386
31
18
254
47
201
67
201
29
375
202
382
317
304
379
65
19
59
69
215
227
28
53
