378
365
49
316
1
144
188
31
382
229
316
220
363
189
69
245
120
289
343
324
42
133
62
57
336
91
177
171
161
220
229
214
106
140
107
279
302
134
246
224
33
265
37
172
224
19
49
165
125
65
248
252
265
346
152
329
139
35
269
183
43
334
81
234
52
252
261
357
289
168
59
393
397
372
253
319
32
370
382
8
138
395
145
228
253
288
210
79
276
333
206
65
382
239
178
179
149
379
278
271
52
269
81
144
113
163
172
141
382
37
6
186
146
187
325
193
41
321
162
289
11
18
179
326
211
350
316
23
339
104
385
196
16
68
301
190
325
154
126
348
291
364
140
216
223
302
386
98
20
259
288
93
392
256
177
67
126
28
104
365
210
371
55
239
364
206
44
36
254
387
172
80
352
369
132
130
164
223
140
24
196
326
218
204
392
353
69
157
49
170
38
310
107
293
280
150
46
305
134
49
226
234
65
163
57
22
389
73
128
271
168
351
175
201
193
134
189
161
372
61
275
336
358
191
280
155
252
274
63
85
12
50
391
82
109
222
291
398
303
307
141
339
322
154
256
382
340
392
378
11
271
305
209
104
78
54
364
189
247
59
199
175
184
164
30
192
32
180
98
54
364
220
39
132
307
206
337
161
240
227
100
325
249
163
208
378
28
78
397
223
206
322
75
159
235
72
12
179
52
264
344
76
373
307
333
31
164
274
147
310
376
44
315
118
212
370
197
110
394
337
268
231
201
69
164
69
139
116
47
201
64
282
75
221
306
255
84
298
56
49
304
241
207
14
82
394
257
34
101
206
148
115
180
67
105
201
390
323
345
371
399
111
24
234
245
112
77
295
149
302
292
322
61
309
134
4
118
338
49
347
166
346
218
176
188
373
39
313
316
88
91
61
329
288
186
345
146
318
242
229
273
250
264
380
109
139
295
24
348
243
121
190
185
35
334
327
290
388
291
180
258
278
338
323
84
301
359
47
110
86
53
16
380
342
169
307
206
307
152
230
199
126
57
107
170
14
32
372
232
329
304
45
334
207
374
3
60
379
313
12
231
205
346
7
372
384
323
7
160
157
200
164
164
197
399
390
385
179
103
51
100
227
307
54
299
344
375
242
398
31
174
120
222
244
251
228
358
346
183
261
391
51
246
6
382
331
83
77
33
11
143
27
152
370
379
283
379
84
329
286
39
132
38
0
80
273
113
303
260
261
14
190
60
239
245
148
173
179
203
150
378
376
140
42
104
104
152
209
264
213
55
7
88
386
197
249
208
92
217
66
47
165
341
167
349
227
364
363
327
352
14
335
240
335
95
378
171
197
141
365
44
110
303
160
392
139
203
49
232
338
162
309
235
140
139
7
44
90
11
268
246
108
40
270
227
166
146
223
388
394
160
387
205
83
296
210
398
36
293
351
233
355
202
125
108
43
229
225
148
273
11
9
145
278
228
49
291
26
293
219
311
375
67
365
153
97
3
353
176
373
77
396
46
346
320
294
379
154
10
203
55
77
318
182
232
251
272
316
351
342
143
150
90
177
110
351
325
156
291
369
225
48
191
212
348
9
375
105
339
312
111
210
394
155
195
88
229
82
305
189
245
167
52
125
57
282
245
380
181
360
283
378
52
304
121
94
142
363
11
1
293
247
324
228
11
382
306
144
113
240
43
299
316
196
25
110
161
47
92
122
233
102
103
338
243
148
272
43
30
174
365
151
53
37
42
79
221
333
27
291
250
240
88
199
290
229
350
286
137
139
236
153
92
146
389
149
192
245
158
167
201
169
37
2
382
119
83
277
52
23
89
387
64
87
333
157
149
105
221
37
85
221
202
106
364
103
226
211
17
1
87
238
396
327
149
369
367
36
292
23
306
275
227
350
381
276
251
302
389
372
380
332
343
232
371
4
79
391
366
150
68
124
41
48
52
82
237
358
230
65
218
354
301
258
31
26
199
78
271
9
165
58
378
382
306
393
57
101
359
153
277
39
165
212
197
313
178
69
95
201
62
393
203
56
369
332
268
84
152
134
262
50
44
308
392
5
363
19
246
263
217
99
18
266
298
198
323
391
19
87
324
27
16
177
223
91
100
339
250
64
389
320
168
74
398
309
76
151
161
206
284
130
49
105
293
242
369
131
349
49
85
32
305
32
211
139
341
160
252
183
137
195
2
6
385
37
45
243
11
178
208
108
8
279
7
18
16
280
294
107
333
328
47
320
232
299
270
15
293
317
371
104
67
123
288
255
37
148
352
395
340
109
265
346
205
241
281
164
142
391
372
109
69
249
157
250
251
254
391
126
69
109
2
366
341
114
364
150
388
286
71
353
79
116
221
146
14
183
270
213
129
276
175
73
56
4
150
337
233
97
307
2
232
112
117
32
176
198
338
243
234
383
252
121
306
385
370
206
206
222
171
50
164
182
95
199
133
30
212
336
377
98
217
196
230
293
302
256
23
51
312
285
242
392
238
62
248
67
76
247
41
356
207
127
188
305
93
264
307
49
19
322
198
294
172
68
24
119
2
5
134
220
77
161
280
88
208
299
348
133
370
212
253
294
66
272
336
318
212
262
254
383
384
342
270
14
326
350
262
306
382
242
115
124
331
350
25
45
115
213
10
139
335
7
254
58
336
173
237
227
276
56
171
179
385
139
142
382
245
70
67
10
84
273
283
182
390
260
43
210
333
334
16
247
307
61
250
101
373
268
291
390
339
49
392
89
61
100
285
61
166
159
142
60
281
39
206
177
191
282
197
329
57
232
398
14
391
268
103
375
71
125
302
15
267
262
115
72
130
341
396
277
154
26
125
12
295
0
203
346
171
208
383
39
370
36
19
87
173
115
17
236
191
134
205
398
111
15
195
249
173
380
157
164
359
335
256
186
91
164
132
117
349
284
391
115
103
94
290
59
253
336
0
103
365
312
84
90
281
222
287
97
95
172
50
30
208
342
188
18
238
204
167
354
160
251
146
137
144
2
380
371
48
304
348
314
7
292
258
322
380
275
52
186
386
51
259
270
265
220
232
369
326
304
150
234
75
346
338
359
236
143
193
296
97
210
54
238
397
221
11
55
231
344
231
24
101
13
190
330
97
159
0
388
391
167
386
239
149
157
59
212
327
175
82
242
335
153
133
49
295
139
30
73
98
299
21
44
69
186
264
379
371
363
283
327
342
215
38
261
388
235
274
101
193
46
389
93
246
308
69
207
379
26
273
268
278
181
241
36
65
255
358
85
273
342
149
196
249
160
376
94
51
286
2
256
235
18
270
202
276
379
231
353
264
389
163
228
116
277
333
197
153
132
220
368
182
95
142
256
283
7
399
310
15
208
36
49
286
61
105
313
213
49
234
232
98
293
29
292
169
370
244
126
235
4
180
167
109
6
42
306
229
265
19
330
89
54
377
316
149
374
239
331
302
164
96
245
33
228
169
220
136
83
34
85
77
141
89
340
204
201
104
343
301
263
4
132
74
391
238
196
290
2
114
335
225
311
198
243
138
49
212
68
188
174
286
30
243
24
42
366
347
393
264
351
83
171
269
254
29
40
97
398
394
164
81
76
200
117
38
162
363
195
373
256
229
21
52
23
264
75
22
271
161
152
34
239
140
277
177
14
337
339
257
316
81
234
10
282
147
301
152
330
201
333
37
14
210
378
67
83
333
331
376
380
371
371
374
381
54
56
16
100
275
204
219
369
292
190
38
355
71
96
187
237
17
191
387
353
261
95
201
39
163
65
0
173
225
70
366
365
321
129
225
57
367
97
212
80
313
298
93
50
262
363
296
51
359
283
301
229
225
210
137
48
259
127
45
123
150
301
376
186
365
240
63
153
61
87
151
351
347
109
280
60
115
267
171
63
117
216
364
310
33
360
145
233
290
387
203
16
302
294
149
99
362
195
294
219
318
175
213
190
330
105
396
298
183
270
336
159
262
387
56
54
237
56
251
77
383
99
99
335
94
133
335
328
240
287
189
358
93
162
310
348
34
233
140
248
399
308
177
348
354
11
234
303
114
220
66
298
105
77
284
383
215
287
329
64
83
167
52
382
77
78
4
241
27
146
380
185
88
101
179
204
158
9
11
318
224
214
237
71
45
177
219
113
302
217
374
301
191
35
291
393
204
87
37
241
209
345
136
97
9
213
381
13
44
252
177
277
273
393
225
89
294
87
6
318
202
192
141
123
70
299
105
258
300
364
147
210
145
302
62
294
322
37
207
305
123
214
181
27
71
291
217
288
379
183
323
244
294
306
76
220
353
236
302
108
348
64
395
120
3
393
379
39
183
214
300
275
273
239
9
74
85
225
219
370
366
229
69
69
138
167
382
54
53
290
40
147
8
311
1
0
59
366
272
157
201
145
397
263
248
172
55
30
45
55
353
167
142
384
396
148
384
318
92
329
398
352
185
138
64
94
186
258
213
34
25
389
178
167
366
93
120
13
203
332
12
319
283
346
339
387
296
228
225
27
7
161
188
133
47
318
336
81
109
8
299
311
349
289
369
75
229
370
42
113
365
300
75
64
323
38
95
143
75
346
146
19
210
245
19
34
326
309
106
368
112
85
387
305
334
373
244
376
359
161
344
169
236
141
286
143
36
146
153
211
222
116
230
140
104
207
301
293
152
174
346
224
264
106
193
232
274
75
58
156
243
263
134
242
115
120
376
192
288
50
209
353
254
56
10
69
358
135
244
130
46
78
367
44
295
126
310
53
116
171
135
48
205
384
6
16
189
297
1
148
274
239
399
140
378
172
139
80
172
25
134
282
281
360
30
0
87
187
43
27
300
224
164
257
285
237
99
249
28
7
116
88
0
201
273
278
15
294
19
111
155
79
206
223
225
183
177
399
361
362
188
226
16
181
216
356
185
235
11
59
388
237
31
212
53
185
182
318
54
232
225
143
279
106
209
46
149
381
274
129
109
173
251
348
264
100
228
180
354
132
10
280
45
222
261
133
79
276
164
188
240
394
205
244
106
382
277
396
305
324
106
220
310
311
22
193
33
289
365
56
75
137
276
37
378
99
300
373
188
188
203
274
45
394
133
146
267
304
256
287
135
334
217
188
383
64
265
156
40
323
212
124
152
59
156
289
16
165
313
17
353
2
131
95
262
354
373
77
249
273
225
370
89
193
139
73
112
153
209
62
127
127
140
228
70
238
274
254
20
152
212
70
212
65
230
308
269
398
3
78
284
201
111
349
293
246
71
56
245
294
96
273
202
152
325
82
162
324
188
389
101
371
301
139
277
151
322
42
86
369
282
92
279
330
11
2
46
233
188
143
166
205
327
304
307
124
40
246
366
351
91
396
51
129
243
379
55
206
282
338
314
232
232
359
100
234
324
326
218
8
142
228
201
277
83
88
19
382
44
20
301
149
25
177
398
365
373
354
26
353
87
115
334
44
41
186
92
125
278
303
147
36
361
162
52
391
277
183
255
148
222
2
354
21
288
24
388
2
168
323
116
102
113
366
112
306
380
125
178
261
336
207
15
79
16
125
331
299
101
373
345
316
362
224
40
31
353
166
63
65
14
250
298
277
360
373
294
315
206
290
238
166
263
356
171
303
205
172
56
24
240
149
364
215
347
192
383
108
59
199
97
10
203
193
25
153
119
388
78
45
173
177
79
336
188
346
178
344
208
311
352
348
200
107
186
167
17
367
396
169
398
68
316
355
32
235
147
65
292
273
397
79
65
385
98
123
8
186
41
89
70
322
203
399
389
0
230
397
213
272
236
174
323
30
75
308
120
280
377
174
275
323
325
85
30
251
360
17
202
107
3
205
16
193
303
63
52
59
221
198
358
11
95
134
97
78
371
286
292
46
196
263
74
78
327
371
107
391
258
370
383
1
343
324
224
32
281
273
12
129
17
159
278
256
362
22
256
2
318
44
384
56
262
70
176
306
59
399
393
215
128
389
355
84
346
159
304
151
141
148
2
325
148
289
13
109
262
270
19
329
67
334
235
360
181
182
230
272
162
67
137
11
99
333
172
39
146
42
47
217
130
17
398
378
166
251
396
258
315
140
358
77
217
41
19
51
105
58
242
155
12
201
394
42
311
23
179
328
336
41
173
276
249
277
199
301
272
161
259
233
375
361
398
239
20
41
29
325
138
13
135
236
6
280
61
240
280
36
387
85
173
327
176
160
296
220
301
291
114
244
128
7
269
244
40
235
51
158
178
280
399
254
182
236
254
210
195
57
215
203
323
213
232
202
154
94
362
289
9
247
334
301
398
67
341
112
3
310
259
179
232
77
98
229
234
235
22
193
308
344
147
398
340
260
37
94
78
226
56
301
29
378
226
49
57
269
34
129
246
174
41
374
36
316
198
249
103
108
49
195
223
186
14
346
111
316
174
41
75
330
262
314
138
112
71
140
199
14
83
351
182
306
177
204
247
125
254
218
369
189
360
228
198
242
111
373
348
217
58
14
354
157
392
182
67
44
378
236
259
41
255
220
40
93
74
325
99
278
247
90
255
365
186
174
360
225
15
258
49
347
5
110
164
242
334
322
359
46
352
142
396
298
19
340
353
59
42
143
138
369
92
388
236
281
159
376
264
89
8
347
56
254
144
287
78
254
375
239
249
171
34
342
95
358
301
372
282
372
195
74
109
210
3
124
2
391
55
70
248
36
121
364
282
387
147
384
228
286
253
66
60
294
277
335
172
350
385
102
67
149
365
254
301
73
373
103
383
40
171
2
24
44
130
92
116
337
31
338
314
361
378
391
258
171
379
372
162
361
134
258
275
89
108
232
130
97
202
171
123
126
103
202
366
348
183
53
160
173
302
270
117
175
239
104
164
8
15
22
340
215
190
305
84
214
199
248
134
43
394
32
286
166
81
280
301
108
235
6
125
360
315
128
6
65
201
369
109
351
65
193
200
72
234
184
392
235
220
143
219
229
95
253
229
76
131
101
289
258
41
32
273
137
5
102
223
394
45
376
244
321
129
114
189
370
108
235
125
204
387
164
133
334
213
144
39
391
334
199
387
243
160
215
254
89
204
363
26
349
300
275
63
354
255
43
362
187
367
228
373
56
41
155
87
135
104
62
394
139
61
141
295
275
9
77
13
239
233
347
166
372
271
234
248
316
304
396
136
378
393
378
132
138
49
74
221
100
89
80
36
259
170
80
290
264
102
178
377
88
58
262
32
268
166
107
94
220
389
389
103
41
207
120
16
203
90
356
339
198
243
111
183
269
278
313
359
383
300
354
91
255
10
31
175
192
2
195
273
146
125
68
15
29
225
264
21
147
296
2
22
0
207
94
201
106
13
134
367
86
160
222
126
80
257
218
52
69
235
2
330
353
40
127
351
89
70
188
126
211
297
83
54
323
100
96
64
322
149
346
191
181
353
364
236
284
74
393
40
100
209
212
302
355
371
280
37
87
393
352
217
29
82
171
222
59
108
236
38
240
396
260
10
25
169
101
62
194
359
318
160
61
117
12
142
17
82
284
362
27
180
371
363
228
188
164
366
301
379
25
136
353
235
341
22
284
326
362
140
83
201
43
9
15
59
6
369
48
142
367
251
304
353
32
384
384
148
213
187
207
73
106
268
130
209
141
283
88
41
216
379
307
74
8
16
29
58
180
253
67
208
223
252
57
183
37
80
252
46
222
340
0
315
165
346
285
126
33
75
164
203
254
172
84
178
315
205
364
42
83
257
227
246
215
224
182
146
282
103
378
306
142
46
8
55
349
386
385
335
147
201
303
121
362
360
363
165
205
385
164
140
220
244
105
187
171
235
220
136
389
130
192
200
202
89
344
339
124
199
163
145
366
107
190
165
270
22
106
298
395
173
143
71
231
40
178
54
41
83
284
162
94
288
363
47
234
97
394
65
257
42
112
377
109
117
117
140
257
140
396
229
263
105
256
238
62
141
315
33
157
160
41
334
97
53
50
284
249
110
328
118
371
89
384
236
336
51
164
291
380
71
126
263
277
162
125
346
17
378
375
262
161
213
138
157
300
16
22
389
365
128
246
341
138
97
373
379
136
307
384
28
79
189
93
208
311
47
183
19
262
308
301
301
381
123
213
399
172
183
187
131
96
326
128
71
19
309
325
185
358
158
371
365
190
3
97
5
177
261
268
30
112
398
259
86
6
27
36
201
9
263
117
22
172
39
97
312
13
126
230
154
32
200
157
61
316
382
150
290
299
154
306
24
53
300
350
353
122
279
84
221
273
185
169
397
289
392
359
53
332
186
234
174
1
181
329
34
220
260
286
394
108
169
268
87
294
236
123
45
91
386
141
2
240
6
183
33
98
309
398
10
356
304
162
30
339
296
273
179
375
229
15
180
138
164
140
188
395
24
24
48
151
172
312
178
208
355
172
235
72
1
280
12
140
197
305
229
214
13
197
140
34
274
286
148
116
2
274
138
242
385
148
104
397
142
23
264
78
364
158
258
236
24
330
209
245
379
292
193
302
71
34
202
289
55
124
323
10
396
106
155
67
70
37
16
332
323
73
93
89
12
308
209
0
174
227
172
252
5
105
139
41
5
321
96
270
359
40
111
151
108
286
336
127
103
4
164
114
175
275
356
182
372
385
73
351
369
273
304
255
379
87
82
323
339
138
259
159
153
321
352
39
132
140
278
159
268
342
126
278
96
362
268
51
356
132
315
219
105
274
44
360
174
186
108
175
185
201
186
343
170
129
55
123
295
187
54
192
334
329
18
201
22
147
390
59
349
378
282
307
27
174
7
1
324
42
299
207
367
108
139
226
99
398
14
298
225
41
275
46
308
335
79
182
136
84
364
101
399
68
239
194
224
94
18
139
241
206
369
126
292
273
157
29
378
241
331
380
379
236
378
393
379
274
218
188
124
304
366
213
238
286
5
367
130
219
229
149
230
330
302
25
324
110
369
50
41
188
326
350
259
355
183
4
40
304
45
313
15
230
151
256
105
230
101
103
272
188
231
316
11
265
281
358
374
273
55
315
127
184
186
35
169
237
92
146
326
378
24
176
242
168
339
389
213
51
391
76
274
43
134
116
147
121
308
193
11
287
199
222
82
286
202
187
325
94
264
116
355
344
346
128
345
338
304
267
351
203
20
66
54
30
369
123
255
253
112
100
246
113
84
108
250
355
51
194
311
382
386
322
270
384
142
22
147
262
198
358
183
141
119
82
174
388
241
224
9
210
254
312
123
248
260
153
125
139
348
189
334
177
315
366
243
305
57
197
27
246
208
365
109
303
156
308
192
324
171
216
23
368
69
243
274
236
0
155
341
54
385
383
6
249
130
222
197
96
270
338
116
83
290
172
308
87
88
276
383
112
362
365
376
211
174
147
121
59
19
180
386
224
332
143
75
303
257
188
37
234
37
148
356
92
199
277
253
211
229
220
346
105
252
182
94
278
27
352
243
357
108
172
134
23
112
139
243
304
316
227
361
52
228
13
179
147
144
304
91
288
4
371
86
207
334
319
179
77
201
141
236
331
151
67
313
19
35
41
234
2
306
11
167
258
35
250
125
68
218
122
394
67
244
49
207
201
13
41
362
216
101
94
358
380
124
251
389
115
84
371
119
313
271
305
311
334
4
27
134
316
52
355
296
239
323
316
43
139
226
192
237
202
143
276
318
64
188
58
9
38
89
312
25
30
35
32
149
236
185
216
91
115
240
189
75
191
169
169
287
243
295
128
65
325
229
42
218
110
347
350
190
244
93
79
256
248
286
388
7
330
227
225
252
157
169
147
29
176
353
283
382
275
87
13
330
398
126
93
316
43
209
172
186
347
253
210
213
207
348
307
364
188
68
242
167
237
29
112
383
50
52
140
103
394
186
172
70
74
143
159
246
52
356
39
398
85
55
2
68
252
201
84
123
357
24
220
106
289
331
60
346
190
278
286
398
81
353
278
154
21
208
172
137
365
387
30
126
130
158
295
188
215
85
8
138
388
119
89
387
112
290
300
220
351
65
316
156
344
393
41
141
65
83
126
170
104
50
6
36
301
234
146
389
339
311
69
370
241
364
40
313
137
76
61
317
28
307
126
91
387
332
125
81
5
316
28
372
183
198
121
152
118
202
16
208
208
175
227
35
165
101
53
372
371
130
234
159
137
367
172
22
246
275
104
67
277
304
356
170
84
127
134
365
2
142
59
143
221
354
287
215
197
78
57
113
223
208
16
22
282
311
375
49
159
89
50
39
61
163
176
334
182
115
210
24
192
258
259
257
222
381
17
235
99
188
110
75
82
161
167
398
16
88
220
197
30
196
115
371
322
343
368
16
317
143
149
307
289
40
238
202
353
353
281
213
182
313
94
168
333
389
291
313
336
335
224
230
108
316
319
117
125
66
34
34
332
338
128
298
257
243
86
120
399
366
266
258
74
108
291
338
75
93
18
278
262
80
187
99
283
47
65
369
163
232
332
127
44
14
141
242
151
360
47
21
183
97
59
93
134
294
169
312
269
375
303
193
42
328
43
37
62
352
176
383
111
173
230
176
37
164
48
199
225
304
323
377
226
294
308
84
277
186
61
170
12
79
341
109
101
205
315
201
361
41
275
220
306
310
399
111
373
325
23
342
56
15
278
160
302
104
74
8
317
330
106
120
322
393
72
155
242
98
332
127
388
371
132
358
308
398
104
274
389
148
54
197
290
35
197
351
293
129
244
2
86
127
23
88
238
139
233
193
108
126
394
251
50
362
269
322
143
300
364
87
345
135
31
83
334
338
249
252
209
262
0
164
312
9
30
7
6
306
351
180
366
123
382
147
183
247
234
293
396
219
272
326
168
382
266
76
292
1
271
216
301
267
67
218
339
145
302
334
336
117
56
28
219
279
18
48
168
307
205
29
233
102
168
348
99
166
30
57
286
199
382
301
18
87
230
262
322
190
247
92
135
142
192
390
209
271
359
254
30
29
233
247
153
395
279
29
245
285
69
337
337
252
190
188
174
336
115
351
229
71
222
15
0
121
174
330
371
397
382
304
95
236
303
284
88
258
377
258
102
53
328
206
177
9
380
0
64
153
261
61
192
164
179
371
300
354
287
119
365
94
316
224
310
55
97
260
353
23
108
104
338
334
173
103
396
296
215
63
5
124
52
71
350
308
152
254
191
394
302
183
230
80
200
231
362
141
89
219
220
333
18
71
370
290
57
292
336
362
139
276
84
11
70
8
349
11
214
147
170
334
364
318
110
249
69
112
151
296
195
365
369
0
270
323
167
249
32
330
283
219
18
117
336
237
218
204
83
256
181
309
50
150
23
150
188
399
225
259
269
107
195
218
399
58
136
387
23
116
299
260
124
12
222
45
164
195
111
220
369
19
342
146
218
68
214
108
349
354
386
277
345
181
212
273
399
39
394
116
26
256
165
309
105
280
121
123
153
101
274
172
193
98
181
281
226
172
161
252
83
237
217
373
68
48
331
238
273
170
172
216
173
200
9
90
157
84
186
68
324
30
179
80
71
202
177
35
398
321
234
192
340
339
97
62
150
271
277
399
85
223
281
309
285
80
213
275
107
32
270
240
201
207
387
232
275
145
82
342
116
187
72
169
132
218
346
84
234
190
296
327
255
153
314
326
76
88
61
65
20
378
2
348
71
303
215
182
28
61
107
199
365
149
0
258
149
159
93
365
5
71
267
363
12
49
288
257
241
206
256
109
47
227
380
312
262
115
284
271
368
254
379
334
216
16
203
267
7
135
68
333
376
93
290
180
206
84
61
79
72
33
109
96
399
41
103
211
193
61
318
105
101
315
82
267
23
9
242
20
65
48
204
160
31
27
118
172
33
13
295
243
246
227
197
59
347
308
233
325
81
168
1
347
52
379
379
396
267
273
35
96
335
96
273
262
62
396
390
163
134
197
290
42
55
280
86
356
71
74
172
85
110
128
326
215
124
209
315
192
121
82
118
371
246
171
4
352
237
145
322
182
388
6
297
260
303
4
16
339
215
230
118
129
29
295
205
318
74
358
389
14
156
358
89
99
69
162
26
145
69
216
384
273
369
224
224
330
328
159
210
59
319
197
181
214
323
10
330
95
240
91
285
379
387
101
295
292
329
213
258
216
285
55
153
33
55
163
288
233
258
250
1
39
191
380
379
230
381
220
267
115
76
133
372
286
27
49
5
199
14
6
308
175
232
366
159
58
284
240
256
167
66
170
352
239
75
46
153
2
63
12
114
79
33
222
286
338
143
276
369
297
14
214
44
388
28
385
135
267
253
349
278
48
288
212
201
376
260
59
175
308
365
332
313
204
262
249
358
236
22
89
166
11
299
164
304
357
254
153
210
242
263
28
246
96
377
216
370
233
211
9
186
169
327
247
225
48
264
52
219
273
16
160
176
28
78
215
250
238
0
173
170
306
223
157
61
28
223
22
371
172
87
377
207
44
225
153
297
303
397
176
358
330
27
376
22
271
67
300
273
97
84
196
262
221
190
320
148
335
161
187
60
192
56
389
242
32
253
382
264
31
280
346
54
91
329
197
260
65
90
54
53
63
285
200
13
77
145
338
292
209
269
341
89
205
37
44
330
384
177
360
158
321
6
181
200
386
176
247
152
106
174
151
304
130
294
289
258
373
11
28
332
367
399
44
248
388
155
221
352
156
215
77
38
37
215
98
257
156
261
131
261
111
331
174
5
387
78
134
346
34
78
56
19
175
82
84
295
241
267
333
354
101
178
51
230
381
79
116
390
29
255
366
264
129
282
147
192
369
274
293
36
115
213
360
88
137
34
294
329
393
236
133
8
253
378
60
25
130
186
179
334
343
257
70
217
289
193
159
152
6
83
189
219
197
78
153
152
308
135
289
174
188
371
396
212
145
49
24
71
360
222
315
306
183
144
380
24
176
356
371
235
245
80
68
23
261
351
209
62
399
138
245
352
393
147
24
152
385
68
186
358
109
171
79
79
399
252
156
383
323
369
48
43
368
129
275
153
295
240
299
86
399
334
340
49
241
242
371
259
215
276
109
333
270
302
326
137
216
334
370
234
332
181
399
78
102
59
308
8
292
219
241
230
203
122
5
36
277
336
173
125
50
245
147
340
251
72
321
150
311
326
95
59
130
291
378
204
212
326
45
3
376
116
132
265
180
142
322
126
337
0
388
70
102
70
271
124
256
308
168
109
89
352
244
89
283
208
370
279
352
62
142
364
153
72
116
63
193
159
252
75
181
10
88
18
31
243
323
378
1
49
18
153
343
341
362
238
150
178
143
88
306
58
318
346
334
381
206
257
284
313
198
253
138
138
350
147
112
251
62
255
84
214
267
353
73
111
105
2
334
236
277
207
23
305
322
140
210
23
213
166
148
372
265
287
55
308
268
183
120
182
301
231
276
88
156
23
313
73
244
262
393
64
211
235
251
72
380
201
260
366
19
358
172
77
60
284
78
29
224
379
335
172
42
13
208
95
215
338
389
375
304
274
283
360
75
229
390
121
247
151
146
282
355
277
103
339
298
343
96
352
233
203
256
264
183
150
65
297
164
286
191
232
109
242
75
149
387
11
212
71
243
353
288
52
234
89
51
101
72
118
145
331
341
148
84
140
40
392
307
218
350
233
7
174
304
222
258
166
46
36
87
136
54
78
16
234
356
252
51
65
126
268
208
108
199
276
252
389
86
346
360
158
122
340
338
249
232
34
377
58
226
128
19
386
70
128
144
352
281
165
337
49
116
80
211
349
362
326
55
163
247
202
32
350
361
36
135
52
299
228
121
350
111
397
234
54
119
324
78
93
324
203
42
81
299
143
395
78
254
119
292
9
212
384
28
142
327
72
322
394
73
232
373
161
199
151
261
62
387
273
395
5
188
336
176
261
393
377
388
340
385
324
356
80
281
156
333
242
222
264
230
45
16
378
64
18
133
2
281
167
109
317
211
174
264
224
15
27
200
380
230
368
67
165
179
5
103
226
34
141
107
187
247
314
266
57
26
7
137
68
104
125
14
103
267
149
19
214
321
187
254
336
381
272
143
179
183
274
295
160
302
317
227
152
399
27
240
211
334
355
223
223
308
313
259
327
67
276
193
210
224
302
42
278
252
395
365
384
110
15
92
108
201
43
345
52
80
198
348
110
193
24
352
220
370
340
26
142
159
379
306
139
363
161
16
383
231
184
96
199
237
24
153
339
80
321
171
253
172
313
103
36
161
227
353
350
52
197
123
159
310
138
35
352
167
182
36
399
368
228
220
298
285
251
208
210
191
300
238
180
40
235
204
134
74
287
300
213
286
27
299
36
321
373
156
302
271
176
382
46
57
6
181
65
52
201
390
43
77
93
226
325
77
102
9
87
166
221
153
123
351
81
34
375
386
187
398
136
125
337
43
294
101
198
17
178
202
29
221
20
172
334
0
116
261
60
118
132
16
282
135
158
54
197
348
242
329
247
344
146
34
140
316
261
83
396
302
239
166
389
384
254
373
62
358
280
19
334
242
373
2
57
144
385
13
5
315
109
242
28
379
63
54
275
74
250
306
55
84
5
281
24
179
222
346
208
332
91
140
300
47
352
177
332
285
205
203
340
174
329
180
37
199
9
125
245
53
323
195
340
106
229
192
316
209
282
166
77
188
14
50
76
209
186
167
69
186
11
350
172
341
354
36
216
203
255
7
214
245
121
179
37
251
279
99
193
79
253
118
278
8
353
273
82
227
62
42
63
77
0
355
45
35
18
82
18
160
230
395
51
214
127
19
255
317
34
264
60
359
349
378
306
334
261
31
103
312
219
53
208
107
237
221
206
162
43
97
231
87
251
304
346
101
336
230
8
261
184
204
314
339
37
269
79
22
215
140
82
86
35
364
208
206
18
235
160
316
180
107
23
383
87
274
292
70
78
10
60
321
5
32
327
217
237
281
112
33
238
13
59
11
114
103
382
229
41
78
269
189
111
351
376
8
156
24
49
82
43
328
252
319
290
235
172
195
234
189
214
284
196
22
225
284
357
250
261
289
393
9
366
310
130
274
217
309
333
301
245
57
306
171
162
254
297
128
220
162
255
157
258
139
192
385
343
358
92
391
261
209
379
187
70
372
174
388
202
28
42
215
142
337
27
235
383
361
227
229
79
211
307
264
204
41
194
178
181
37
202
76
228
75
127
392
388
241
261
364
216
186
241
366
10
244
334
49
101
160
373
254
205
1
399
338
64
332
93
249
249
315
94
55
369
258
28
85
375
215
277
299
116
357
315
219
145
112
353
310
311
314
224
126
370
238
286
395
34
243
398
51
336
85
396
371
229
205
206
32
277
322
151
159
344
54
12
273
79
152
352
129
304
283
136
230
332
304
322
294
144
379
362
61
202
246
28
391
183
176
52
37
211
196
127
92
325
260
355
143
306
200
77
381
8
45
244
278
296
87
305
158
172
259
341
71
188
298
67
230
350
380
263
53
42
10
341
97
151
328
160
41
92
49
372
125
385
264
82
315
205
26
317
390
124
25
280
305
44
333
118
336
35
325
230
288
380
127
332
101
164
103
238
313
373
288
335
75
57
189
296
26
74
246
177
207
96
254
180
349
319
386
229
294
173
170
284
236
24
272
84
42
215
133
176
73
49
272
102
201
176
130
284
180
95
52
11
207
69
373
305
237
242
0
278
27
371
255
339
38
163
151
60
23
306
93
100
190
57
249
8
352
256
70
212
245
334
88
337
326
96
391
211
133
15
332
228
134
217
360
97
380
43
327
17
96
276
375
325
56
362
371
196
34
161
165
91
224
177
286
398
393
155
148
240
299
191
3
83
62
254
354
141
18
322
215
327
242
175
22
18
187
326
198
185
342
187
123
16
175
333
188
176
87
57
29
44
135
299
67
329
135
367
382
260
139
273
246
53
135
258
252
87
20
316
118
177
273
177
237
242
92
241
81
103
205
244
59
76
123
38
233
64
176
237
38
285
150
207
261
85
140
70
286
167
140
107
220
336
223
14
84
244
77
115
234
228
259
306
280
331
31
362
292
55
197
293
139
147
46
121
191
213
200
292
385
389
333
347
183
23
276
1
222
122
139
55
310
29
394
346
134
109
77
223
289
146
170
304
193
337
49
319
70
322
121
325
197
326
369
113
337
326
78
15
112
92
148
212
290
288
205
347
86
150
211
43
58
327
296
111
169
30
208
337
24
77
330
149
298
91
237
268
120
337
243
269
105
63
290
276
350
286
77
16
305
249
84
271
8
293
321
199
281
59
174
28
298
7
252
321
264
176
115
286
265
142
60
150
60
19
321
84
131
81
83
247
6
384
204
380
245
220
351
28
136
88
79
161
6
164
182
12
209
83
116
29
192
315
40
395
98
291
292
385
52
341
288
379
251
160
378
108
262
364
130
379
384
245
70
188
91
9
47
279
102
86
190
277
8
27
48
262
58
278
8
398
232
213
167
365
53
380
134
98
296
71
51
115
101
387
199
355
97
180
234
323
284
64
65
294
5
118
242
134
194
28
349
134
357
220
283
106
253
206
170
132
288
248
53
154
141
160
391
59
257
318
239
375
238
172
194
93
180
245
206
70
167
367
54
17
111
255
124
56
291
227
56
80
293
312
164
378
14
232
82
256
25
220
349
267
289
79
253
166
288
181
293
336
113
290
286
10
254
27
53
387
58
87
280
248
7
49
135
353
172
219
321
329
102
99
7
267
347
29
223
245
22
160
0
326
313
83
171
244
169
119
58
71
138
264
118
265
60
169
288
267
52
59
176
59
202
225
359
294
163
309
260
286
188
190
209
388
158
40
177
289
303
115
155
324
330
47
355
10
275
152
341
70
199
39
178
15
17
351
246
50
50
275
180
228
142
36
284
308
372
181
41
250
13
66
374
311
318
333
39
144
260
291
166
207
222
175
95
209
60
327
62
284
172
228
46
140
13
6
387
267
176
23
317
58
289
12
170
294
299
60
36
156
279
87
377
242
262
157
52
78
292
55
284
31
321
398
379
355
387
35
195
182
142
121
295
339
65
324
184
350
26
310
295
21
179
367
394
370
310
241
163
388
297
195
185
198
133
343
239
104
203
178
227
298
98
176
199
248
378
231
269
133
222
59
398
43
117
198
193
264
128
60
329
355
147
368
20
258
398
129
295
280
27
288
225
345
228
323
122
106
137
136
378
293
89
257
209
283
308
247
19
363
135
385
14
335
303
190
135
99
330
185
291
309
172
283
273
305
56
64
1
325
265
220
14
248
232
382
312
231
285
264
161
398
304
47
365
231
307
174
334
117
262
218
49
16
56
42
258
313
393
225
76
264
346
144
297
87
249
181
233
381
76
182
248
164
244
53
103
227
56
394
30
18
258
315
317
374
288
88
219
317
382
370
273
250
217
223
316
293
113
312
372
127
175
152
312
27
144
44
57
203
161
246
108
169
291
350
87
37
237
79
117
292
31
324
346
213
378
75
399
58
178
292
258
22
250
398
104
310
15
245
70
49
132
250
149
318
261
108
388
25
150
178
14
226
187
203
361
21
167
30
116
181
357
303
280
174
277
32
182
53
298
203
350
318
88
322
24
232
79
81
36
396
173
264
367
112
165
183
212
374
48
130
123
289
384
61
35
45
125
380
139
201
132
24
7
385
133
225
301
61
19
324
134
92
345
367
84
157
133
378
318
116
12
215
134
338
111
68
77
154
128
366
209
358
248
176
5
43
348
244
37
179
267
77
31
248
250
353
252
151
221
245
1
138
111
321
391
143
360
163
278
186
390
31
197
237
203
308
399
79
240
370
359
259
356
44
91
124
360
254
142
175
140
173
322
49
224
32
220
24
199
363
302
252
283
79
385
67
384
273
203
23
154
149
371
109
97
275
198
47
30
205
49
55
327
47
167
291
148
395
238
110
249
5
87
123
336
232
242
6
333
105
322
16
225
177
145
74
227
179
279
360
248
323
382
305
123
63
96
45
99
151
156
276
50
65
349
117
381
176
221
284
89
332
38
189
138
228
389
39
69
71
275
255
228
111
164
135
193
149
155
158
312
250
22
353
378
240
64
309
192
2
140
33
178
221
322
207
243
145
376
224
372
233
46
15
230
375
190
190
74
292
77
372
117
285
1
323
103
147
126
0
356
292
49
191
369
207
292
394
238
365
314
345
50
1
373
104
48
351
188
39
209
219
35
176
204
144
313
123
323
125
89
181
360
228
318
38
210
395
5
16
161
174
72
380
383
352
389
345
174
228
165
64
232
10
340
312
28
105
242
332
29
357
151
130
160
367
257
107
224
289
369
153
73
261
68
84
204
247
199
167
52
33
280
318
98
61
345
253
46
236
170
20
244
330
53
206
265
151
350
8
76
322
252
291
7
23
225
263
4
371
303
305
198
50
333
37
78
294
42
163
137
204
193
65
236
2
180
200
185
304
385
110
233
107
248
315
76
141
183
353
287
189
87
82
233
395
258
208
11
130
188
87
218
68
120
301
85
295
196
398
227
262
264
78
304
381
358
344
159
301
26
255
385
387
332
156
215
234
398
174
211
58
62
109
207
346
396
68
159
316
246
356
251
131
77
333
40
57
146
219
51
269
43
92
265
217
135
44
166
61
383
352
298
83
115
334
273
220
302
282
52
52
378
24
44
269
282
36
34
59
214
53
117
273
65
287
182
270
27
58
393
88
301
214
315
103
289
142
358
360
101
276
227
203
143
138
68
84
271
377
68
321
16
234
387
385
44
109
128
81
265
23
327
224
316
244
86
116
144
54
12
16
388
88
353
15
95
262
183
356
163
107
297
256
256
343
339
253
275
262
317
24
394
149
132
220
41
157
41
49
159
2
18
24
183
197
49
269
74
148
110
178
347
117
394
64
140
84
164
1
277
389
103
182
8
16
204
121
313
14
197
89
112
64
103
389
44
106
225
115
277
212
184
180
34
24
45
58
396
15
173
209
276
340
398
332
69
380
329
79
166
119
100
107
198
62
131
117
52
163
279
69
67
63
282
380
170
253
394
140
241
293
49
383
122
308
108
121
36
365
299
312
52
31
395
321
125
130
208
108
268
379
78
34
395
241
30
166
317
83
223
207
172
312
381
387
39
174
69
249
25
135
61
196
18
25
208
139
119
299
207
341
148
308
211
304
390
121
100
200
212
45
368
258
252
181
250
80
241
41
210
229
352
131
384
51
96
80
325
53
150
352
33
182
185
204
202
262
373
180
67
121
399
333
10
95
132
235
321
3
258
8
255
223
204
184
199
217
182
61
16
334
204
257
84
262
124
39
109
67
84
18
331
367
138
12
317
287
183
255
194
191
3
288
98
349
320
130
41
210
118
157
189
295
125
395
384
356
224
99
20
374
316
162
258
377
216
137
149
80
345
234
305
123
43
101
211
213
231
200
327
341
220
338
185
239
123
8
263
396
217
354
224
294
163
123
231
91
84
244
377
6
391
176
167
29
87
175
316
354
65
273
237
361
271
335
240
346
33
180
334
55
136
271
317
216
41
207
36
167
242
120
262
0
338
384
203
360
132
380
162
338
225
33
37
323
51
278
276
189
247
128
182
295
202
145
49
222
342
285
38
378
263
316
210
346
193
208
192
292
12
188
155
29
70
235
87
179
173
161
43
52
113
157
316
59
208
360
163
362
350
55
108
258
14
188
353
391
284
249
162
216
171
399
100
236
203
330
142
321
288
282
59
278
102
116
153
181
365
307
97
117
311
374
46
69
22
31
296
7
152
368
233
386
230
134
23
233
19
359
105
186
330
31
112
11
32
180
187
41
174
255
280
311
136
373
298
379
124
145
377
197
149
392
202
238
196
255
65
30
196
18
188
263
256
11
285
186
381
28
34
215
303
191
219
133
70
138
257
19
340
76
259
249
124
223
282
149
346
373
81
27
147
129
348
31
395
0
287
156
285
278
115
132
183
337
180
90
1
393
369
63
70
70
346
260
316
356
173
88
287
207
324
51
257
130
293
147
377
10
78
230
60
51
33
147
12
278
86
256
132
261
164
104
315
396
324
242
75
125
373
333
28
291
108
74
72
73
36
200
49
391
71
108
379
165
263
321
57
262
147
88
121
250
144
37
103
326
112
40
85
367
59
247
139
362
222
219
300
278
336
174
218
301
118
169
246
2
346
281
182
373
302
285
251
287
347
107
103
97
248
338
270
172
3
212
60
274
16
144
351
62
202
74
99
283
310
162
10
307
333
136
58
159
345
228
139
359
278
93
65
153
231
87
6
25
45
22
176
156
282
398
27
367
126
0
223
234
184
340
141
196
125
337
105
15
5
63
351
204
314
211
184
255
332
32
23
346
250
80
291
348
249
227
54
71
122
103
140
362
204
59
201
38
129
121
78
327
68
237
40
243
381
174
332
0
135
77
112
356
72
149
143
108
298
2
365
317
93
30
21
354
353
293
339
83
349
394
14
188
306
152
58
106
107
318
232
70
14
344
347
109
399
230
311
244
79
369
364
377
111
242
17
48
68
321
102
248
229
26
40
334
380
220
123
332
365
362
36
383
317
157
276
168
225
345
299
230
336
380
58
240
353
94
124
189
295
372
78
111
346
153
116
53
360
394
201
170
14
75
386
107
180
74
180
263
72
134
144
263
308
225
295
245
254
43
64
35
179
294
34
23
70
75
311
249
103
37
205
274
221
16
336
329
378
198
242
74
14
141
264
372
129
163
124
128
159
251
143
108
391
175
132
45
386
252
313
237
132
203
41
32
77
79
126
82
393
273
242
189
357
381
43
308
309
29
249
198
225
264
61
43
131
353
92
207
107
24
215
298
277
148
43
112
46
22
243
16
72
302
2
3
359
166
294
178
90
3
329
70
231
128
349
309
280
140
323
145
11
2
154
166
98
9
143
193
214
22
19
52
41
197
33
232
327
99
41
65
370
131
279
329
324
81
290
121
20
51
387
129
0
36
210
96
372
355
6
49
142
17
172
149
194
129
134
307
384
247
99
121
87
230
193
292
75
205
342
333
136
316
223
240
139
18
370
268
146
110
371
46
126
112
181
280
325
336
377
140
98
70
293
351
274
140
109
210
53
391
93
248
318
255
192
238
55
325
204
260
372
82
60
295
286
14
15
37
34
170
224
383
15
65
112
31
313
218
333
155
325
39
88
293
227
226
80
34
261
392
143
342
277
6
115
310
131
283
281
9
354
140
133
149
8
84
176
385
163
352
115
370
89
359
262
2
114
123
164
132
101
137
376
203
333
281
206
172
93
46
237
200
309
178
117
206
267
309
338
56
233
225
307
159
223
53
168
148
225
225
18
218
257
265
180
34
223
27
242
352
251
226
275
44
37
332
116
364
12
323
159
399
98
275
46
288
99
9
28
82
12
125
8
304
84
387
220
188
56
289
355
370
394
260
251
232
150
144
391
221
127
86
47
153
152
194
305
197
115
184
24
381
310
139
334
243
44
105
112
35
329
46
114
358
54
291
367
346
158
169
270
331
143
292
172
68
398
213
178
245
359
334
393
294
76
135
220
144
105
153
163
225
328
387
144
272
108
233
264
35
194
328
398
147
289
11
244
229
115
324
91
41
84
374
262
54
257
369
342
2
113
324
99
198
221
356
161
24
5
157
92
296
7
187
297
106
2
324
100
395
237
342
169
379
0
205
118
156
132
275
336
342
360
266
265
180
37
389
378
216
27
223
373
301
307
260
204
62
231
365
274
51
368
283
236
69
120
190
80
161
23
202
358
253
216
183
292
28
12
26
11
241
187
177
201
68
234
339
358
87
398
310
150
283
115
201
219
240
267
266
300
246
94
2
45
273
103
239
363
40
4
169
127
6
351
276
15
123
274
240
308
226
232
143
78
370
10
247
380
187
42
356
279
298
265
140
11
52
175
133
232
386
124
70
233
297
194
54
148
153
286
164
229
360
249
359
232
53
99
111
133
3
327
132
161
365
279
126
283
312
258
254
230
331
292
85
40
148
357
235
247
85
48
201
77
375
169
151
206
326
106
246
141
226
180
143
109
340
262
333
304
58
156
325
317
351
240
334
327
187
92
141
95
329
285
377
250
374
121
241
103
27
39
290
230
209
42
205
53
189
248
6
381
121
393
74
218
75
62
74
153
256
280
23
338
313
201
194
364
60
195
85
330
49
96
39
333
356
54
213
93
379
115
18
356
212
303
249
389
132
23
245
172
220
372
316
0
379
330
107
306
137
94
278
287
90
31
289
21
175
233
297
385
5
324
367
120
189
352
11
292
287
284
82
16
239
57
243
147
178
5
339
282
19
202
234
41
203
216
83
180
317
52
385
383
388
64
387
180
16
214
317
252
91
273
329
46
92
8
130
303
30
389
246
115
259
389
109
108
208
226
366
305
252
275
260
43
74
78
75
246
34
299
146
156
137
396
154
186
158
202
104
276
353
19
74
121
108
382
166
253
157
138
342
393
310
359
380
120
177
97
197
324
52
398
219
141
300
133
252
258
232
26
116
68
195
16
235
271
130
346
192
376
252
231
87
205
386
54
114
170
263
304
371
228
173
367
384
354
9
70
283
163
40
55
238
132
373
7
229
365
399
232
168
117
87
65
370
166
10
117
183
304
197
340
350
47
199
89
371
375
373
11
93
299
315
117
174
16
269
202
313
320
55
7
269
241
317
141
291
0
304
294
258
223
395
51
199
256
62
89
137
385
270
163
390
83
136
233
122
245
293
353
49
387
9
201
20
139
392
34
225
355
310
368
260
205
68
37
84
288
114
230
11
362
323
198
348
355
343
369
26
249
214
9
23
78
71
295
212
358
189
252
31
120
39
256
270
131
129
12
30
231
374
66
249
147
349
116
130
240
219
22
166
231
156
93
10
276
302
193
296
377
310
254
84
20
297
59
109
218
378
142
180
383
145
356
383
51
12
285
303
153
139
396
300
157
367
290
121
351
302
370
303
232
36
34
138
385
232
68
186
295
115
318
362
373
234
379
121
233
321
270
178
80
229
149
0
205
33
365
332
327
208
233
38
245
299
331
175
103
0
278
125
137
334
393
155
336
112
259
224
310
208
4
243
21
177
180
57
259
203
1
34
52
28
180
379
37
84
326
66
266
205
114
318
249
352
323
197
189
140
19
340
287
39
185
21
391
343
249
330
113
43
322
289
322
351
374
117
304
143
265
250
306
240
319
317
301
394
34
290
49
354
172
234
178
284
164
165
60
177
41
395
260
289
136
57
223
207
225
340
342
126
376
287
26
309
37
234
169
8
36
283
101
259
187
54
4
240
164
183
363
61
262
252
140
1
254
82
289
263
319
226
356
144
332
71
208
12
135
265
358
187
191
117
41
322
384
17
124
356
242
317
14
174
236
254
82
254
224
390
156
382
156
52
211
336
288
128
212
84
376
125
209
360
273
246
301
109
284
181
274
121
269
67
160
223
399
57
229
221
61
296
106
125
193
24
218
87
5
397
94
28
69
164
175
124
266
242
163
22
65
138
137
58
84
383
262
309
158
318
218
278
192
98
324
144
396
162
248
55
304
378
125
118
153
330
243
147
11
347
89
193
218
293
148
261
108
35
31
108
267
353
258
254
194
99
388
335
268
37
270
172
117
176
252
119
130
223
63
212
92
123
283
216
326
26
69
317
136
188
170
389
383
385
36
256
309
3
352
265
153
280
142
276
179
218
131
358
102
109
28
97
355
209
188
44
340
14
67
332
194
234
18
94
256
121
157
53
218
294
293
97
120
79
38
126
15
348
278
23
71
326
260
140
263
27
195
10
382
139
70
46
291
10
225
310
213
282
321
221
106
353
374
274
274
268
327
187
75
174
362
334
375
162
187
348
321
260
5
127
84
359
214
102
190
109
356
247
358
354
97
205
75
88
180
240
386
380
84
260
190
43
294
201
188
179
207
20
53
294
398
300
387
217
140
204
241
1
307
107
189
196
249
233
324
78
134
60
237
179
65
178
102
60
108
108
204
61
197
295
369
101
110
92
168
219
177
117
15
103
155
160
128
341
376
243
225
258
138
249
38
202
107
204
280
92
132
51
103
301
192
226
125
220
33
351
109
177
275
125
238
224
193
87
268
23
64
106
92
135
199
170
105
173
371
240
336
16
211
5
30
24
45
345
140
387
146
306
323
264
182
352
194
91
145
315
352
46
83
309
149
113
323
16
130
209
203
130
140
222
112
90
32
261
247
59
165
182
15
166
176
206
222
186
52
165
282
143
350
359
8
68
41
37
215
119
373
10
56
138
262
108
240
140
268
108
292
77
355
255
77
174
276
70
158
125
220
202
392
26
72
373
132
7
293
289
220
180
47
373
193
328
16
376
222
40
3
364
264
355
1
72
112
14
256
281
359
295
163
59
348
93
323
51
262
379
72
268
268
250
367
113
163
292
88
164
190
111
215
283
322
183
134
61
242
135
17
223
213
121
145
178
394
1
198
177
173
52
159
126
296
271
264
21
224
123
170
310
180
129
326
312
193
52
229
289
77
62
151
49
329
46
191
144
197
172
62
160
385
257
69
32
334
219
228
197
7
344
330
60
340
196
298
224
255
258
218
15
186
46
109
379
101
227
256
56
245
233
215
77
218
68
206
222
84
361
303
399
393
273
356
189
322
89
11
370
390
147
145
253
23
56
229
362
66
285
142
264
390
238
201
338
334
389
158
254
293
376
114
240
157
249
61
387
167
371
66
216
285
179
22
14
201
120
381
142
240
244
42
283
140
205
77
124
205
209
265
37
345
104
192
194
173
1
358
143
98
186
66
356
319
219
322
337
97
176
347
249
338
172
153
312
44
180
159
397
104
14
382
329
256
132
184
202
189
158
55
132
331
379
60
215
264
298
139
346
273
327
164
364
269
357
395
275
130
308
259
148
227
284
91
175
37
108
79
299
149
219
78
157
269
24
188
118
45
209
167
65
202
324
7
365
355
298
247
64
331
97
92
183
200
222
120
232
238
256
182
340
208
27
294
353
82
317
289
110
125
217
168
247
248
240
345
3
386
385
93
267
29
15
262
346
375
241
93
179
162
98
147
36
125
189
283
135
318
255
115
50
54
170
94
188
301
259
41
339
258
210
283
198
203
240
157
146
148
142
189
46
38
343
73
22
57
338
181
359
124
209
61
145
376
389
333
390
363
75
271
238
166
261
40
14
248
219
33
193
236
149
250
359
337
91
70
81
0
347
101
299
68
363
161
308
223
262
103
133
53
256
204
2
216
213
171
377
305
262
311
90
283
111
70
46
30
75
235
40
296
15
178
396
104
188
68
210
208
117
20
195
257
127
153
200
269
260
86
340
67
220
348
248
139
242
23
97
23
199
29
94
68
129
57
294
84
154
6
144
282
56
135
201
201
357
389
364
319
366
138
273
387
150
215
372
253
255
94
218
336
173
70
372
78
389
143
123
208
193
316
2
8
134
73
196
210
202
233
160
51
305
397
233
399
383
352
310
289
329
372
356
215
133
329
250
305
369
147
252
190
349
390
168
84
51
172
307
367
1
364
161
210
125
89
177
354
358
299
334
273
341
241
58
251
243
35
6
33
219
290
175
323
35
112
55
349
367
37
156
241
190
390
250
229
123
54
10
350
7
398
144
196
333
217
109
212
50
121
41
223
399
302
174
49
276
151
23
22
197
233
283
161
237
32
225
229
176
182
67
341
102
252
257
12
385
176
330
111
208
330
390
73
308
282
288
393
6
123
75
204
80
303
287
171
232
289
83
394
363
267
70
60
0
380
306
5
63
211
206
325
13
181
282
378
92
91
112
269
81
176
8
268
127
41
176
64
346
303
378
202
224
86
317
11
153
204
8
44
24
135
198
383
281
119
41
130
385
164
101
70
280
331
144
50
20
165
398
102
256
104
371
190
255
88
355
336
214
378
140
248
164
156
195
94
90
284
156
243
306
269
0
117
27
140
233
238
194
353
133
388
365
261
356
70
156
156
66
387
41
21
192
253
340
334
139
367
209
42
90
384
254
278
288
349
353
181
371
258
258
306
61
5
123
302
179
66
157
182
10
33
56
361
217
51
212
210
316
100
393
312
375
79
311
168
99
40
135
37
23
8
54
338
187
92
109
231
1
288
313
84
251
83
260
41
269
93
153
27
302
35
191
213
331
351
202
249
197
363
2
363
292
2
137
370
317
327
387
325
370
37
389
240
69
330
181
80
14
133
363
302
150
353
5
248
292
56
8
315
20
375
328
390
2
170
40
153
203
399
26
349
284
151
57
353
68
220
219
350
156
200
172
212
344
350
87
6
153
337
25
394
267
211
43
312
225
139
395
166
348
254
199
214
64
207
161
248
167
360
182
41
318
342
121
27
130
30
49
208
197
90
51
88
280
23
162
298
54
68
72
274
9
326
331
55
215
303
76
329
386
103
14
170
190
294
363
177
89
272
183
206
359
130
352
240
371
124
251
1
44
114
3
47
167
206
33
103
31
102
199
359
147
4
87
137
315
208
224
68
133
224
214
124
286
159
249
19
268
336
232
298
240
340
11
300
220
234
89
10
209
162
309
46
125
157
66
75
233
181
53
79
332
148
374
132
299
355
122
302
99
399
257
399
174
333
79
164
11
126
81
39
215
288
19
45
82
208
321
398
176
145
217
74
169
14
23
221
269
134
44
0
313
233
236
73
338
36
5
363
203
18
176
104
312
84
4
326
8
127
367
64
244
53
199
394
256
189
95
284
203
137
143
300
171
92
198
331
371
180
264
360
247
177
236
120
366
50
353
245
379
201
101
65
300
229
124
54
323
280
105
349
141
256
140
354
71
253
102
55
298
89
63
226
199
397
345
305
58
245
27
225
2
354
83
325
41
113
11
77
75
390
157
57
367
42
2
217
51
82
319
254
74
180
257
202
396
332
242
362
34
373
243
78
300
66
303
307
132
147
262
388
213
307
348
106
214
191
175
347
318
398
118
183
307
33
108
199
11
249
282
39
270
260
189
57
240
387
65
305
202
215
22
29
199
37
203
12
132
279
218
79
137
133
39
197
331
239
31
103
308
114
283
339
218
50
165
269
349
149
300
221
366
77
42
385
131
151
294
352
60
77
182
95
353
4
325
376
297
20
395
136
134
139
103
160
335
261
30
174
84
391
93
338
81
3
155
211
291
351
117
137
70
87
268
214
81
10
310
260
245
292
27
162
305
316
358
182
63
327
134
246
79
17
256
115
345
316
146
213
237
311
17
302
381
84
230
380
50
220
302
190
242
288
32
5
189
36
137
276
118
239
143
164
326
143
92
229
211
136
25
301
3
61
242
55
352
390
5
183
267
52
204
19
181
203
26
227
212
77
81
378
373
246
186
33
178
104
84
322
28
276
153
336
369
327
286
346
291
383
235
141
140
92
19
240
297
389
127
53
109
130
242
112
202
342
165
66
387
140
286
49
389
251
372
390
185
81
143
389
398
101
201
146
322
186
167
64
311
363
60
45
344
325
283
328
3
33
11
230
170
263
103
113
123
237
72
309
179
54
396
14
141
58
270
82
349
39
337
121
339
176
180
306
337
334
160
222
293
37
175
126
144
133
295
392
348
43
249
118
23
33
271
116
284
40
340
181
205
206
270
109
221
129
248
120
93
2
116
139
295
196
223
395
353
137
71
283
234
230
114
130
216
389
166
201
148
78
91
218
268
375
19
44
5
272
133
61
288
205
204
274
32
106
109
41
124
244
313
341
181
386
219
380
311
92
306
152
286
47
347
118
154
282
346
37
35
188
267
50
232
372
124
83
322
392
114
36
27
242
130
246
221
174
295
375
126
369
6
176
238
171
397
356
319
107
318
212
368
389
395
304
319
190
58
221
153
55
257
230
375
77
389
396
270
252
163
108
202
243
77
356
331
9
67
152
338
124
318
398
389
380
163
270
296
23
252
132
108
311
244
66
250
248
55
23
215
106
294
348
44
75
183
316
53
104
261
104
235
105
143
285
167
327
39
224
153
135
197
212
60
337
309
334
352
108
0
94
229
239
306
126
175
368
81
180
336
356
292
248
142
63
50
244
51
344
125
2
52
308
382
162
381
70
269
399
133
127
6
161
376
12
215
200
64
215
152
193
60
29
42
36
108
364
306
141
32
197
107
25
163
350
193
131
116
14
324
208
349
311
76
360
93
373
168
135
86
116
129
344
324
2
111
316
193
270
388
104
67
42
133
40
282
152
268
68
357
219
83
53
124
101
61
234
273
136
396
285
59
327
5
105
130
374
254
286
32
165
369
99
302
225
142
34
181
210
263
274
6
110
235
156
207
79
263
371
60
68
86
383
330
167
236
161
278
34
17
35
390
223
283
39
109
42
141
65
289
384
78
323
344
104
59
109
133
37
287
37
151
133
251
128
288
14
303
210
337
230
362
153
251
368
26
246
102
138
375
116
80
317
368
217
95
65
298
97
227
130
16
356
79
330
118
7
27
138
77
148
25
37
342
331
248
90
339
201
232
149
159
171
167
19
196
37
153
277
361
171
82
147
109
256
259
184
143
15
295
387
24
198
186
322
285
65
80
389
336
92
284
247
61
180
63
146
77
110
164
19
163
159
96
110
95
283
148
291
84
225
172
273
81
268
352
301
323
25
325
224
11
176
186
209
151
300
346
209
315
285
171
108
195
383
19
369
393
156
23
369
28
229
0
307
99
62
120
387
149
62
29
256
149
228
302
24
105
2
367
124
329
112
95
352
201
291
351
369
11
116
10
117
190
356
172
324
241
316
298
89
147
218
16
200
228
99
293
212
147
60
169
382
130
206
29
399
96
92
25
242
174
390
135
317
389
361
150
276
117
7
385
118
219
118
115
223
144
226
174
299
1
282
146
158
274
200
68
378
214
62
358
15
264
46
209
226
192
305
302
129
231
56
302
380
49
356
251
157
322
305
309
42
173
189
84
270
272
57
127
79
270
20
27
240
321
7
216
304
383
189
380
172
391
254
127
30
238
16
80
87
130
87
332
385
375
234
252
17
252
193
225
52
50
377
354
233
142
262
177
107
193
25
35
181
196
252
378
343
204
156
387
326
344
225
187
206
81
395
300
303
239
378
363
40
25
248
35
171
341
303
312
352
260
187
58
64
387
300
114
220
324
303
178
27
87
78
127
42
98
5
38
69
275
335
96
308
52
381
176
199
120
338
154
159
254
256
128
31
351
395
138
39
267
382
298
358
162
273
141
83
193
307
150
264
17
29
75
88
74
277
169
84
108
180
159
167
235
247
131
118
4
246
183
69
254
204
310
155
302
21
170
69
386
67
386
41
78
41
370
5
263
43
212
290
27
101
13
135
386
84
101
285
219
2
213
16
323
77
346
205
275
370
29
65
255
246
128
394
349
130
301
284
93
244
4
353
21
110
133
70
306
393
358
394
289
173
113
242
250
320
165
238
351
55
50
308
40
98
340
30
193
114
185
147
155
15
332
295
208
46
359
39
331
190
33
331
244
379
33
64
68
385
80
150
307
72
346
376
213
79
75
164
252
324
349
38
15
313
376
264
254
247
349
142
10
310
13
271
298
256
117
54
27
147
371
283
146
153
160
316
210
133
16
111
76
205
299
236
331
164
211
66
227
154
159
253
323
375
248
241
245
373
209
69
143
285
12
137
59
119
187
375
337
34
138
395
288
133
101
172
371
94
13
100
154
273
219
239
119
149
268
337
49
30
56
152
34
162
189
342
337
354
65
287
397
370
226
44
56
269
164
317
4
160
187
176
213
247
92
237
114
286
121
330
259
5
284
249
202
74
278
212
386
90
325
67
37
13
17
189
63
371
149
367
286
261
385
325
132
147
303
243
100
204
106
37
294
376
24
88
359
220
30
364
155
142
128
112
322
166
80
345
252
140
252
281
354
20
295
142
61
277
27
243
78
23
394
256
153
391
278
391
156
163
27
273
277
388
249
213
150
48
73
149
193
229
280
111
115
82
288
269
309
9
135
8
32
140
220
311
226
382
331
79
39
379
140
392
351
233
353
342
200
243
125
172
368
27
390
8
378
241
258
285
214
241
138
28
399
47
74
353
236
105
130
289
104
11
165
228
58
245
174
287
51
45
5
296
31
206
227
202
109
32
97
258
184
329
101
28
65
43
387
364
48
300
309
360
111
14
143
326
332
57
222
396
176
70
1
178
158
109
104
263
143
291
348
176
316
29
8
209
269
334
188
49
161
91
352
360
219
147
42
154
379
240
222
256
101
208
263
104
53
189
115
119
95
353
91
151
114
238
298
93
133
157
295
118
6
238
195
43
275
345
170
340
241
27
341
56
96
294
350
293
46
347
396
44
315
284
79
64
345
184
15
171
399
255
31
213
0
373
369
121
153
131
198
98
273
78
15
10
115
369
127
377
301
97
208
114
304
29
287
192
177
236
98
104
83
15
350
348
351
390
66
290
376
371
246
303
241
302
162
367
49
219
43
131
214
187
120
190
385
168
70
2
215
126
385
326
331
196
263
0
90
154
240
230
308
105
377
374
9
157
358
15
343
124
84
292
394
109
307
76
246
200
255
92
302
181
333
94
204
249
58
283
93
49
53
325
120
69
10
96
304
99
204
389
392
307
369
339
107
164
75
280
91
144
129
252
265
23
91
189
356
327
303
97
88
254
288
125
120
180
0
254
274
221
176
303
203
351
304
40
216
269
365
193
88
282
279
65
170
77
60
204
29
289
254
169
278
63
151
47
199
283
246
290
116
10
73
331
5
180
161
384
194
87
58
171
222
232
292
330
398
340
35
10
24
290
172
40
362
247
232
92
286
180
301
53
349
154
23
303
133
46
158
255
389
32
267
256
162
385
164
189
327
142
123
227
365
342
119
175
219
223
29
198
60
8
1
199
43
30
0
112
332
351
243
239
355
173
22
171
387
180
355
41
389
317
90
242
348
174
156
388
140
312
365
371
2
63
206
288
114
69
346
356
344
34
284
116
10
307
267
201
238
87
16
287
163
117
38
130
398
161
380
146
23
208
327
138
97
52
228
336
394
212
212
361
214
169
326
97
101
368
125
345
80
163
130
106
231
19
269
56
70
119
393
280
211
288
298
393
265
82
25
149
304
182
222
356
131
205
5
163
38
123
187
277
284
44
13
229
347
390
13
37
38
41
393
223
394
176
167
122
178
79
147
385
280
247
68
242
358
72
56
37
386
129
50
193
264
221
228
281
93
20
251
252
112
283
94
365
216
49
141
303
156
46
323
235
304
166
57
67
98
91
157
174
147
125
269
186
75
385
348
8
178
364
91
246
368
121
398
35
193
29
83
327
143
123
93
209
63
99
26
79
153
380
147
82
153
308
301
159
50
30
53
255
202
148
197
42
190
172
240
54
135
53
193
372
124
37
0
9
25
1
251
286
227
35
143
211
304
6
278
315
348
63
195
312
100
6
227
164
146
247
253
153
389
96
140
356
312
337
74
273
120
342
129
169
368
136
220
125
50
264
365
166
318
204
58
97
265
92
219
289
379
327
232
393
209
129
11
93
331
132
51
146
18
10
359
182
35
196
106
30
337
376
170
259
398
247
315
4
92
29
336
142
393
140
60
243
163
73
316
231
174
256
181
198
367
139
9
252
28
225
353
180
16
356
283
271
36
299
91
88
321
244
162
280
67
300
213
353
184
149
36
139
262
273
196
304
293
252
287
334
42
29
396
110
226
243
218
388
327
54
271
137
279
287
57
64
15
184
68
86
247
373
171
59
242
25
167
341
223
346
2
209
189
261
100
256
204
40
170
69
287
231
49
117
145
248
378
112
207
86
170
321
289
355
98
42
210
303
278
213
233
365
223
82
291
226
147
143
143
7
304
145
70
291
200
298
178
125
327
394
240
139
284
134
308
255
352
40
6
292
381
255
183
167
196
27
220
326
53
226
324
140
63
172
144
34
76
239
14
107
376
95
383
37
179
100
351
2
341
302
28
357
323
124
109
128
80
174
367
68
335
331
130
101
89
90
305
182
118
302
67
125
352
65
342
396
219
212
139
2
119
305
153
59
37
84
191
168
129
379
113
126
106
289
7
307
93
312
221
85
349
245
372
87
374
262
359
329
120
378
144
175
364
174
319
139
369
117
88
176
121
310
127
5
133
227
304
127
41
182
353
61
83
327
272
210
239
220
57
224
259
309
166
197
183
307
56
240
10
355
61
339
194
40
182
296
49
113
27
174
349
253
353
124
150
346
356
179
157
135
381
165
57
238
278
161
359
33
12
289
196
234
324
75
329
32
42
259
79
44
27
257
243
311
268
153
63
27
149
258
310
160
92
396
9
386
217
2
16
118
180
398
369
224
385
146
343
75
93
94
192
394
261
375
214
306
238
261
91
291
364
34
140
214
11
101
364
177
50
78
199
185
291
372
322
312
363
319
314
308
367
10
55
150
360
74
316
331
279
74
201
192
150
260
252
137
102
373
44
129
282
122
241
196
60
159
41
360
200
382
299
224
98
373
326
331
339
12
29
282
391
379
386
82
126
74
10
399
147
387
399
240
217
218
289
356
280
195
84
301
15
21
60
56
190
104
199
310
59
67
61
188
93
221
156
50
77
322
394
131
190
70
250
306
66
225
378
282
300
105
37
207
382
269
64
126
215
306
161
26
116
16
258
229
365
99
87
299
99
210
179
6
153
210
116
35
190
34
309
219
48
169
215
163
8
209
378
387
12
286
259
16
116
289
205
207
27
45
14
50
37
233
295
207
285
9
136
19
220
269
315
209
49
270
372
59
136
277
41
146
232
176
248
205
240
68
361
350
184
209
134
40
293
72
74
227
40
312
223
324
392
267
251
325
167
182
343
354
194
223
379
301
159
248
8
152
342
291
363
131
318
155
272
283
303
76
66
209
304
352
107
322
382
311
41
77
227
357
5
113
175
70
334
384
219
161
202
315
201
186
79
109
132
309
132
332
110
295
64
371
27
294
145
5
98
149
164
181
150
75
178
223
318
19
50
7
73
96
6
163
350
349
27
232
52
172
46
123
60
329
311
132
11
8
289
302
61
245
174
299
194
170
99
398
31
214
123
229
333
246
386
99
118
387
239
242
315
135
113
212
398
152
9
204
35
21
111
393
11
117
248
353
209
382
372
21
195
259
221
139
40
38
239
2
277
263
336
226
246
72
363
23
396
311
47
220
265
88
68
166
113
70
105
158
212
196
214
7
75
367
34
243
378
307
321
367
69
301
61
72
318
103
51
179
339
347
317
250
235
143
382
172
81
133
347
14
323
150
327
186
255
188
294
87
121
98
3
283
175
204
101
350
279
16
46
304
342
374
217
205
1
49
263
99
68
167
131
92
390
246
389
161
269
346
160
118
299
357
66
54
91
198
390
28
311
225
172
271
153
28
268
394
362
354
197
226
380
193
282
99
275
360
243
145
130
124
77
80
188
187
118
39
271
364
39
27
167
248
18
272
333
18
196
253
136
18
363
387
289
359
351
334
370
394
89
171
354
126
284
260
255
263
51
270
60
213
329
193
232
118
116
178
232
13
343
391
103
303
356
337
348
177
396
173
40
94
313
199
370
116
340
160
320
177
398
78
306
20
283
353
385
18
80
68
238
353
188
123
319
317
236
368
165
202
227
277
376
38
210
289
153
130
306
54
271
8
162
77
137
387
192
307
169
177
86
55
180
312
390
28
365
167
226
68
114
109
327
371
236
116
34
236
330
169
394
56
293
228
281
79
360
68
147
63
12
233
82
381
329
92
29
346
249
212
32
196
5
241
106
199
173
370
168
356
150
292
103
78
176
237
206
29
130
40
271
159
184
394
390
39
2
365
122
354
0
307
324
33
237
239
6
103
103
224
181
66
1
203
360
29
27
49
221
124
340
283
98
260
181
15
2
23
231
389
137
135
382
129
27
4
121
41
30
137
170
207
245
375
140
231
285
52
59
203
97
242
287
371
209
65
197
31
65
23
42
2
300
379
125
91
371
251
57
324
1
290
372
111
380
109
74
258
355
346
367
188
264
207
147
245
42
21
365
285
92
211
149
63
243
190
200
149
209
208
291
160
256
77
331
29
25
255
306
395
370
316
373
231
133
259
281
373
69
385
215
384
112
319
66
274
250
383
204
390
123
336
207
160
58
181
115
141
202
176
268
157
301
336
88
80
302
152
126
64
70
202
64
302
70
127
282
219
173
267
330
187
299
337
53
73
145
310
225
55
193
100
366
219
270
366
51
140
385
295
379
68
183
180
6
52
46
219
99
116
192
179
288
36
322
132
302
102
388
86
377
29
374
198
250
276
260
6
70
249
393
388
96
253
41
78
169
179
308
111
178
103
329
151
110
235
106
107
159
68
222
333
367
386
257
11
212
232
15
230
309
72
42
77
269
183
172
386
128
206
261
378
180
277
225
210
169
81
391
392
136
171
211
236
168
229
115
244
33
354
186
208
267
51
150
192
175
92
247
356
283
357
249
219
91
200
239
38
124
221
150
193
331
369
187
190
303
210
352
364
315
304
276
271
71
159
166
120
351
149
180
36
113
253
64
238
6
298
280
197
15
318
248
230
215
126
271
50
260
257
393
80
124
217
11
308
378
240
242
346
116
0
250
339
386
256
235
238
104
255
138
102
342
104
130
137
363
182
394
77
222
245
339
132
11
303
215
209
281
267
274
81
275
77
46
273
104
4
338
70
187
323
132
102
366
19
133
394
23
172
112
1
176
229
192
67
130
169
220
356
126
336
275
42
204
66
267
237
282
49
5
40
255
334
226
156
208
121
255
172
304
51
8
16
221
248
10
197
374
45
325
282
292
335
373
352
220
236
154
140
299
46
250
134
380
358
146
204
312
358
244
88
132
308
289
49
357
283
267
66
112
116
10
197
163
55
154
149
392
4
28
28
334
120
32
280
65
142
145
70
158
159
146
362
253
202
56
369
57
221
29
68
379
243
115
309
92
301
355
84
17
213
214
105
107
120
171
59
382
69
4
50
153
300
32
127
218
214
188
236
242
6
296
217
17
346
322
218
358
354
210
158
113
316
242
81
384
126
142
337
381
390
126
330
341
292
81
165
40
393
362
307
116
283
311
160
348
376
341
334
197
282
36
390
280
262
4
127
28
142
132
254
322
169
304
82
105
202
204
306
342
177
198
169
304
203
279
349
33
166
233
131
379
86
110
285
241
306
195
59
14
373
181
295
12
170
75
327
209
113
188
382
308
348
101
41
192
316
65
79
258
74
133
44
212
8
227
368
65
170
378
50
58
84
384
188
11
356
47
49
228
207
17
342
292
253
373
62
60
229
333
140
107
281
66
382
166
147
165
255
8
70
196
242
292
370
340
290
66
185
131
240
167
325
88
396
381
105
129
190
345
188
94
204
69
183
69
303
72
270
47
5
162
359
212
315
317
86
38
61
159
28
389
65
280
142
393
6
133
151
397
162
186
135
105
301
332
21
281
250
24
48
268
297
92
135
284
137
303
128
243
212
125
195
287
270
170
283
240
390
209
15
9
164
32
353
350
216
22
278
84
132
232
189
187
393
101
292
399
116
125
281
68
200
56
159
192
382
220
393
222
140
302
249
284
17
373
382
383
70
322
286
391
398
46
11
393
161
85
239
27
363
303
160
228
140
266
304
287
365
396
376
220
317
12
382
373
237
8
233
89
108
216
225
231
186
291
394
138
255
298
164
109
134
135
276
11
217
173
68
334
251
145
215
272
85
193
61
172
289
124
113
25
119
384
377
75
282
119
281
285
311
65
269
177
269
250
203
203
245
136
99
301
121
249
49
14
34
96
262
231
121
144
220
317
61
283
380
54
395
13
280
135
42
69
313
203
333
60
207
183
261
52
368
264
96
304
70
24
177
64
139
330
115
29
171
283
249
223
86
77
256
264
191
375
172
345
69
5
21
94
92
116
230
11
118
14
150
36
398
42
10
61
258
254
46
52
240
341
358
367
65
42
70
155
225
121
378
284
308
160
317
114
352
71
303
204
0
264
109
204
43
77
44
1
270
396
73
199
79
169
84
205
312
256
371
103
130
193
312
328
326
209
310
71
321
142
281
179
128
272
165
24
75
398
350
346
330
143
362
272
172
143
157
182
59
388
242
387
394
161
257
142
144
379
14
344
221
376
263
99
145
281
380
148
357
209
129
375
297
247
338
391
141
263
151
41
387
97
309
130
164
31
356
24
399
378
107
153
348
95
172
354
225
43
60
68
328
261
268
343
385
37
379
97
306
210
379
391
204
255
202
286
335
315
306
131
54
54
275
315
305
6
119
101
42
40
244
58
334
228
234
297
315
183
79
57
23
318
134
201
387
171
16
106
35
152
38
235
209
128
225
34
117
290
307
256
192
287
4
97
183
290
186
379
114
290
244
326
240
76
177
253
262
4
221
389
388
132
61
179
31
242
248
100
192
22
41
214
212
37
170
379
150
296
123
329
73
258
238
296
352
295
370
69
127
216
41
286
347
103
274
399
249
194
229
17
101
103
173
243
325
366
235
52
139
43
5
180
48
382
354
38
197
246
232
91
45
339
269
83
312
173
60
19
278
51
270
169
309
270
268
229
273
394
238
29
367
76
38
358
276
149
119
301
162
129
83
27
352
208
26
383
103
101
59
162
166
388
183
241
318
250
264
16
339
137
229
328
387
262
168
387
77
188
109
301
307
394
60
41
147
223
279
35
94
117
219
315
175
239
147
234
18
223
389
306
164
219
187
185
39
180
144
305
60
397
373
67
357
234
21
134
333
7
77
89
1
330
292
72
346
31
147
369
378
53
227
229
13
391
201
106
312
153
49
149
247
0
285
203
86
277
263
316
219
152
2
324
250
131
321
99
340
394
247
383
19
317
277
294
191
248
198
393
133
26
181
226
396
119
338
192
274
218
287
229
31
115
201
289
181
336
334
216
325
123
361
280
70
192
262
147
257
364
59
32
96
1
121
196
354
289
382
174
248
372
80
308
279
60
142
270
134
27
250
0
334
331
394
7
65
260
78
106
3
71
316
60
38
190
257
286
292
277
128
171
147
310
391
175
255
245
162
96
75
136
327
150
65
399
175
11
56
360
290
124
123
264
6
353
205
226
244
332
91
359
302
393
276
354
277
54
126
129
213
369
133
350
281
47
228
325
344
233
85
97
88
307
52
187
103
398
126
178
267
46
40
240
175
382
29
125
389
133
166
271
103
265
216
271
251
20
14
40
138
53
241
20
300
345
312
353
188
300
21
38
277
193
83
189
185
258
238
292
306
365
36
72
140
56
170
145
161
387
314
94
19
46
187
185
292
267
392
166
182
289
134
93
2
34
313
66
31
245
58
334
217
116
226
331
331
115
68
302
15
108
336
268
370
212
279
276
150
203
345
32
383
90
249
262
156
275
83
118
6
13
230
159
37
84
19
134
188
145
4
360
325
90
303
371
237
250
174
19
341
193
15
112
76
9
95
157
221
396
155
4
27
307
70
71
202
343
43
129
242
248
52
63
276
334
60
254
285
174
147
341
350
68
68
23
161
253
39
83
153
135
40
188
43
31
217
119
162
82
276
176
41
378
114
51
192
248
356
128
56
386
134
350
33
285
338
302
118
259
153
164
89
175
67
258
391
87
10
302
170
210
378
281
192
332
256
46
167
85
35
92
393
280
195
303
280
15
270
325
149
222
342
259
308
370
296
239
148
235
136
107
162
373
51
308
47
207
313
346
247
394
264
133
378
378
24
277
199
106
250
378
138
339
346
381
387
363
378
190
378
74
359
297
344
305
253
159
171
208
51
130
109
233
186
208
326
359
396
300
269
27
42
92
388
253
358
147
179
343
55
126
328
114
6
25
312
180
378
161
124
181
161
77
210
17
322
304
255
306
61
132
324
267
7
293
212
40
324
157
28
160
95
274
34
338
273
283
217
13
330
271
179
258
22
347
360
170
217
58
7
371
56
212
49
253
90
240
75
389
275
351
366
70
353
224
348
202
98
166
180
224
345
208
44
77
218
291
345
0
50
82
22
369
245
155
23
79
60
110
267
29
19
208
229
282
149
139
68
203
134
64
166
214
337
360
123
399
322
352
256
351
167
270
193
37
311
257
91
16
350
247
356
110
172
346
389
375
298
159
209
131
33
130
363
52
143
182
72
90
330
81
189
91
304
269
346
172
145
335
396
28
360
103
224
237
272
321
35
322
285
381
123
53
24
266
209
154
150
151
290
199
170
280
89
109
299
103
255
370
306
261
30
84
104
350
139
187
385
225
285
41
31
116
337
125
205
30
174
128
169
183
276
290
6
276
234
258
126
72
1
111
125
315
41
17
285
366
145
346
94
96
304
162
32
125
294
281
56
244
391
307
340
390
111
192
309
171
295
168
248
189
306
370
11
363
372
173
183
393
170
258
48
125
283
167
8
186
387
263
211
236
176
391
245
141
281
34
321
94
363
146
370
109
285
134
373
193
51
193
242
99
165
243
1
203
294
158
353
139
218
345
3
200
56
66
230
376
370
278
88
321
103
79
399
77
192
248
241
298
255
201
75
282
319
193
49
271
329
34
213
348
124
247
13
259
313
73
360
174
340
360
60
379
78
30
30
133
18
346
306
68
236
355
160
356
100
169
2
198
268
14
186
86
33
303
55
294
283
247
70
148
166
278
163
251
323
335
312
79
93
45
167
6
33
236
103
174
221
163
0
239
155
109
353
346
257
381
110
399
157
18
331
250
245
233
371
202
7
343
148
85
182
304
266
238
264
202
147
277
52
127
163
166
286
36
14
115
101
311
243
7
167
195
86
83
162
304
248
118
103
298
84
148
132
159
270
353
345
257
52
179
55
98
67
302
300
351
108
103
369
227
264
6
336
222
17
351
36
356
204
177
360
398
35
131
351
368
69
269
264
78
106
39
162
370
371
126
224
272
104
217
212
263
137
195
75
116
316
108
137
302
243
54
41
294
66
340
369
355
369
229
232
153
392
73
324
280
143
130
21
281
354
158
284
374
334
388
92
361
304
145
162
359
85
231
205
156
68
63
87
145
129
146
341
223
208
380
188
360
46
160
228
354
134
166
389
214
299
58
287
198
127
165
334
24
145
8
111
399
7
163
9
97
127
184
199
283
353
286
366
20
104
107
192
230
183
335
310
242
267
1
23
5
152
169
326
127
354
120
290
325
287
186
49
23
140
352
94
240
294
286
47
143
132
352
250
369
243
195
245
189
202
134
347
302
352
16
369
190
47
335
243
360
12
2
370
310
134
43
163
244
333
68
117
211
392
45
277
104
393
84
233
4
232
209
359
249
110
237
365
2
40
71
383
291
343
85
375
323
281
257
337
368
25
274
274
244
264
169
258
38
194
101
86
239
215
18
254
66
136
346
378
139
173
123
179
296
112
251
300
55
144
37
389
134
140
144
309
350
317
19
133
297
37
48
194
264
246
247
344
303
272
119
7
392
348
67
42
186
97
88
72
319
354
209
260
94
129
64
389
242
286
129
264
68
133
226
202
23
55
259
367
10
306
66
18
325
307
84
108
164
383
112
199
280
11
343
157
267
335
254
298
246
369
106
271
0
325
51
132
290
239
103
252
288
264
335
315
84
124
170
15
30
42
393
196
187
372
377
70
109
86
147
203
90
321
113
48
319
61
147
299
135
160
226
334
280
301
336
49
245
147
133
119
119
73
118
253
5
272
235
299
129
133
118
352
209
75
105
260
96
220
382
318
53
135
341
111
306
159
283
235
282
195
81
364
89
14
103
332
362
228
166
370
40
141
1
164
265
47
252
202
64
151
152
208
175
1
258
62
88
87
179
244
339
213
29
330
324
313
211
255
399
226
329
178
380
69
157
143
45
372
29
304
389
146
37
176
105
329
338
201
236
39
11
187
371
389
50
1
328
228
173
91
223
375
301
109
17
367
284
362
104
11
291
80
253
56
169
218
282
261
319
72
354
318
209
104
6
65
351
134
286
250
248
283
27
161
97
322
172
287
178
255
140
55
313
322
143
88
109
304
11
326
151
0
65
393
134
285
11
320
266
218
24
17
126
140
289
334
178
0
38
151
261
375
222
248
103
380
270
68
155
361
127
86
396
180
202
369
295
161
77
16
108
153
346
74
246
2
107
173
78
334
167
380
376
40
325
22
261
77
272
342
0
167
339
143
156
42
233
12
134
180
226
248
176
354
244
82
104
381
31
132
333
25
215
133
71
7
274
17
362
317
303
228
63
398
243
335
140
281
152
248
334
322
357
308
242
218
176
80
160
217
132
299
201
65
63
99
87
262
281
143
104
80
49
186
221
99
201
2
387
110
11
360
226
326
195
24
99
291
253
159
28
130
296
287
317
275
332
217
109
137
205
241
136
175
270
270
156
287
92
378
56
271
273
133
367
213
203
251
133
170
117
369
0
357
322
266
0
394
346
205
287
148
157
86
83
270
365
358
292
324
288
379
149
382
165
58
90
254
74
326
316
195
377
368
266
53
345
264
126
253
294
189
238
112
287
126
59
295
38
200
176
120
338
354
56
180
8
204
370
83
251
25
375
180
65
133
354
360
256
162
204
290
156
68
247
46
56
225
114
186
29
49
281
271
140
389
259
292
20
75
10
183
397
65
261
226
235
257
322
371
126
399
192
23
275
199
97
78
85
244
308
96
241
38
219
216
60
23
30
278
193
296
145
1
205
166
302
152
24
317
227
389
287
181
122
58
26
387
120
40
95
41
347
275
395
337
286
248
94
232
18
326
74
243
220
97
164
212
80
42
65
353
61
84
351
128
85
366
399
230
187
303
327
29
105
302
143
248
11
303
72
37
261
391
59
370
368
116
123
273
245
181
47
146
213
147
9
383
225
295
233
122
383
390
226
207
14
327
55
23
109
148
356
14
208
75
283
316
149
257
369
301
269
267
222
375
233
81
38
296
339
84
279
141
381
316
31
55
262
144
313
334
295
378
99
205
241
149
84
215
120
127
345
290
108
227
243
70
336
39
128
20
282
316
5
391
147
313
356
166
192
246
317
348
166
370
304
210
53
98
146
353
307
174
275
311
34
255
353
272
198
99
215
106
293
104
351
143
399
140
137
51
274
233
206
82
323
40
390
305
281
145
354
291
64
144
360
243
29
391
20
6
371
160
369
57
336
341
328
352
187
296
14
153
140
119
257
380
90
370
219
54
4
94
42
220
120
40
89
388
223
273
391
161
32
263
176
305
155
124
62
233
341
310
7
80
226
318
281
12
39
113
249
340
2
3
114
252
143
53
290
382
334
73
79
41
156
12
208
5
239
270
247
340
305
239
0
361
149
291
187
336
31
213
364
239
307
347
225
93
302
387
250
130
87
196
375
167
352
157
86
370
237
310
358
123
59
6
87
283
134
287
346
171
103
331
146
10
69
360
297
173
286
181
226
396
214
254
72
150
297
20
387
298
369
78
13
358
35
362
234
222
70
299
395
278
387
380
158
329
283
390
210
277
86
225
169
322
18
2
44
37
22
134
103
319
225
75
258
170
50
28
276
115
282
257
233
136
264
321
230
34
129
106
215
82
59
301
382
331
257
39
105
121
113
243
236
77
278
336
24
298
144
60
273
222
145
68
19
388
93
304
385
352
298
145
353
241
241
2
265
220
27
189
78
392
325
4
228
182
197
250
251
87
399
94
214
177
164
255
256
290
177
7
380
354
74
197
15
36
25
308
34
238
48
81
61
81
144
355
132
37
358
136
291
145
347
154
153
99
88
179
382
339
367
286
274
268
7
124
282
271
14
38
291
33
14
161
308
42
230
290
170
132
163
161
36
180
44
235
311
138
83
257
210
169
356
20
88
139
231
329
228
66
388
140
108
325
307
214
53
178
310
120
112
192
384
251
298
315
16
34
387
137
125
103
217
71
69
185
251
291
261
141
171
220
231
329
89
112
253
268
94
325
269
277
381
39
225
213
212
186
146
143
269
36
348
169
288
236
273
179
246
144
261
187
239
303
195
389
6
352
127
285
276
167
97
347
5
306
213
52
346
203
233
321
47
87
100
396
185
134
273
18
361
351
9
288
0
241
285
36
46
134
27
66
86
98
12
318
385
225
87
43
70
363
38
238
165
183
193
108
327
279
224
163
379
89
27
29
270
262
367
8
337
316
162
226
86
105
280
123
57
14
155
77
322
254
327
6
48
395
331
224
396
234
161
194
26
389
396
356
140
243
317
124
213
118
359
48
303
305
123
80
383
365
125
357
300
319
261
165
182
54
84
31
201
214
295
38
159
209
261
208
68
249
346
74
72
158
393
76
125
160
275
30
108
143
326
366
354
269
345
379
61
110
81
323
56
45
354
313
132
259
84
44
57
17
95
305
307
91
329
340
76
340
252
29
134
329
358
196
26
389
230
93
310
360
2
195
259
119
369
211
387
363
356
43
327
356
223
85
33
341
366
265
69
114
289
201
32
328
175
278
150
298
195
180
50
104
13
12
311
122
246
44
178
283
211
255
349
121
367
58
108
235
151
134
87
12
59
22
275
192
315
338
179
242
105
258
317
172
304
272
130
248
243
302
262
69
16
14
124
364
264
195
225
178
314
205
40
305
179
147
123
36
212
396
115
161
38
384
389
256
192
156
31
376
264
343
97
260
106
227
27
209
387
38
131
334
179
272
170
213
47
394
19
255
3
179
311
98
285
35
63
48
201
212
389
31
336
385
364
140
244
367
350
276
74
102
19
275
228
12
99
254
278
83
306
365
290
212
60
302
63
397
235
193
78
91
2
134
157
340
153
143
157
186
60
73
17
78
167
71
360
146
173
55
180
181
360
115
339
58
331
267
88
379
334
301
36
162
152
383
385
308
353
132
71
357
242
165
27
159
143
267
312
116
277
349
127
176
276
307
22
319
42
74
230
4
264
69
42
108
309
284
209
41
257
364
233
243
62
244
206
45
346
209
38
62
294
163
5
318
55
227
92
23
255
222
190
258
209
382
14
371
327
202
153
154
277
108
49
0
242
250
210
153
135
311
250
277
235
312
298
206
366
213
299
179
381
183
352
367
131
148
142
338
38
50
232
62
148
69
116
72
129
262
244
126
233
197
41
54
41
174
246
14
84
341
183
144
314
231
104
289
193
0
145
378
218
327
217
235
162
234
256
171
291
172
25
219
58
5
257
159
397
76
394
13
192
288
369
133
63
247
240
113
45
72
298
29
152
226
323
308
388
83
249
84
373
70
107
221
219
9
289
156
227
372
385
373
365
32
149
130
172
37
106
91
31
120
261
50
63
353
215
217
320
282
204
6
253
15
224
232
152
370
202
26
22
339
69
298
318
85
311
27
68
281
24
253
217
183
194
373
186
127
384
197
64
390
156
245
27
87
207
221
172
91
208
379
364
306
16
167
22
123
144
198
172
24
22
98
96
18
216
22
30
148
386
12
120
38
247
91
191
197
117
361
197
278
373
182
187
277
34
373
312
396
319
149
156
44
103
371
193
382
342
318
127
203
226
390
248
121
208
65
11
16
18
92
69
264
268
34
292
94
235
151
348
172
301
241
127
107
221
264
308
44
124
71
45
256
147
297
274
333
35
200
246
255
99
363
86
241
387
59
274
259
30
108
105
315
290
31
86
192
65
307
267
164
321
398
317
369
16
251
330
341
67
103
330
33
255
193
273
365
377
155
322
67
285
179
42
303
209
64
389
244
11
11
68
373
302
185
225
305
98
19
106
376
398
257
371
90
302
18
11
96
90
285
41
77
266
199
67
387
33
25
2
120
188
149
283
257
80
367
94
313
13
39
116
75
6
275
28
223
202
192
131
108
9
126
166
209
232
271
220
215
306
126
305
158
94
213
17
265
262
17
173
260
159
399
399
277
135
203
19
166
44
245
288
238
2
328
225
389
96
75
252
148
241
90
259
171
146
322
87
50
339
108
41
371
234
91
54
225
194
56
295
338
107
369
381
127
87
1
26
278
226
331
270
258
193
163
389
306
221
124
284
11
109
372
32
314
189
199
388
341
76
177
70
202
201
363
243
235
33
168
74
43
140
364
251
13
349
84
233
130
140
239
46
16
229
217
246
204
248
342
163
317
308
40
269
128
267
84
171
249
5
205
86
204
79
244
224
19
120
163
218
141
112
302
191
164
390
262
69
329
390
102
10
197
358
138
285
314
365
298
362
94
339
79
261
199
275
204
301
278
70
42
62
190
261
140
214
270
87
67
277
222
75
70
31
209
14
164
248
371
335
327
196
217
200
179
235
395
159
82
235
155
52
12
58
172
348
345
177
50
180
151
32
364
380
182
77
340
16
306
24
222
107
393
7
269
262
2
95
51
283
187
213
290
384
154
43
17
94
394
152
174
230
42
245
388
299
321
278
15
344
235
274
200
234
50
289
159
201
290
125
94
80
220
124
82
321
236
141
123
240
343
350
261
398
5
338
195
39
148
294
31
21
376
341
85
390
333
125
388
101
116
378
280
289
129
294
277
97
350
275
218
253
174
26
45
109
147
311
32
165
193
197
42
201
170
11
93
227
142
331
149
129
101
325
117
392
91
172
346
310
58
149
20
93
336
135
50
310
262
151
118
389
370
27
305
142
386
76
256
157
261
133
204
144
147
153
322
58
226
54
231
48
61
151
273
285
128
301
306
127
71
49
96
3
207
79
235
261
186
252
27
324
52
205
339
18
19
90
144
154
226
97
6
110
156
358
204
104
117
259
42
357
172
277
43
23
103
230
75
17
358
177
374
151
11
259
352
358
64
158
360
171
60
151
69
101
14
398
123
53
166
301
150
118
209
340
99
257
129
361
302
88
213
268
0
139
150
30
290
149
25
180
1
141
21
160
234
11
124
33
167
263
214
127
243
22
89
220
228
345
150
251
196
149
6
203
79
59
154
160
209
337
293
278
218
174
31
154
228
130
216
192
8
181
233
111
342
283
36
40
42
273
152
177
295
175
330
28
3
161
227
165
370
240
118
182
282
350
347
3
238
93
359
225
32
18
75
107
313
273
317
83
77
360
371
34
93
348
326
84
378
12
210
177
231
281
395
379
34
180
317
295
9
77
396
348
1
286
118
169
378
365
139
124
346
274
272
382
229
316
23
199
65
87
192
120
289
343
396
65
82
194
189
336
91
177
70
224
173
106
140
107
279
302
