312
135
224
125
21
43
106
175
146
0
394
313
19
58
231
220
29
116
6
69
215
355
188
279
247
62
116
261
375
218
243
143
255
252
119
36
277
382
30
129
245
110
160
297
228
13
228
6
31
103
285
387
56
209
264
51
290
334
89
228
390
76
132
51
302
46
186
10
198
257
206
252
301
368
230
11
339
195
152
107
319
2
259
184
136
215
188
127
122
28
350
7
101
338
18
303
12
268
326
337
215
60
396
236
314
248
185
17
286
181
171
307
371
242
317
28
266
305
12
283
36
356
13
333
326
362
100
7
102
320
61
307
9
203
137
321
296
120
61
391
187
253
49
231
71
2
76
201
265
362
335
397
165
227
314
315
398
98
69
59
146
275
54
26
139
259
85
275
238
153
354
49
114
147
62
215
367
237
61
152
42
102
269
359
347
359
203
68
227
127
136
255
97
378
186
395
233
382
219
22
135
201
362
229
289
41
246
251
41
130
202
94
103
356
26
367
47
213
100
272
95
283
70
267
85
350
353
11
222
352
261
240
95
194
22
59
26
185
83
142
223
305
374
40
49
237
396
311
380
41
66
78
362
350
24
80
77
46
152
161
319
247
27
388
358
337
142
137
251
308
240
44
38
157
268
379
11
128
381
83
49
72
9
129
369
169
342
4
122
18
353
349
181
60
376
29
50
200
212
146
24
352
317
25
223
247
192
396
207
198
177
92
241
107
286
68
273
41
42
319
125
109
19
332
335
20
111
336
275
264
261
164
45
52
189
358
101
168
55
60
393
55
208
288
247
65
96
137
35
196
255
281
268
243
308
271
254
97
386
207
331
346
279
223
130
43
243
93
111
287
207
12
316
31
353
351
251
177
249
377
186
359
103
158
368
166
47
141
270
311
220
197
209
158
166
206
85
251
53
277
350
258
109
391
116
163
364
284
280
79
82
375
181
203
329
67
38
356
15
139
239
154
359
331
122
327
259
149
264
288
14
318
83
258
48
31
164
309
176
396
164
374
198
199
27
375
50
62
80
15
378
12
226
252
271
298
311
22
75
194
81
115
82
68
283
283
111
341
59
33
298
357
246
257
103
118
55
134
60
12
287
118
131
376
241
260
7
126
187
141
113
373
58
223
164
45
275
255
127
135
245
275
149
184
71
302
378
353
337
45
233
104
171
330
363
146
95
253
45
30
104
151
284
86
57
36
5
193
380
37
156
67
169
15
15
395
221
32
268
380
386
85
86
206
135
373
395
383
95
334
218
283
180
230
288
333
166
376
252
127
290
89
295
122
94
48
334
232
12
77
326
223
123
353
288
215
74
15
35
395
163
243
342
223
56
81
341
114
254
233
221
193
362
114
329
38
300
122
234
214
272
23
314
37
91
329
219
308
254
351
257
330
382
147
130
293
49
108
395
302
266
133
205
304
228
395
341
376
48
132
311
294
184
48
167
293
67
369
216
394
152
256
52
170
148
368
49
193
278
13
90
38
240
59
53
231
134
90
391
299
72
78
10
115
293
74
156
153
53
309
299
105
13
273
217
318
371
124
19
388
141
379
242
183
356
292
121
155
342
261
313
283
371
201
248
396
257
272
259
253
352
242
199
118
60
132
155
84
366
296
109
291
95
295
98
17
76
328
359
17
245
48
350
199
139
50
243
5
14
190
262
140
73
259
6
360
287
313
69
34
220
139
35
359
301
272
222
174
113
83
134
219
160
171
232
315
112
266
314
195
374
79
339
365
365
334
257
199
76
265
123
321
305
141
351
372
252
286
285
334
369
145
156
189
385
284
210
146
29
302
112
284
300
115
47
344
4
51
32
271
118
76
313
7
340
135
205
18
28
381
114
187
102
106
20
379
138
352
329
120
100
269
189
115
172
33
88
31
167
235
61
100
285
48
376
280
146
84
328
191
198
329
30
146
151
25
377
237
387
379
390
12
122
374
333
306
388
162
33
395
209
46
184
107
162
211
347
118
208
47
41
58
38
382
271
168
307
392
58
205
255
160
282
289
247
209
392
324
287
261
202
71
176
274
126
208
165
385
145
103
211
51
225
137
376
188
34
154
221
159
263
98
324
175
39
336
245
14
43
90
304
331
134
27
361
347
68
392
399
202
221
37
385
302
157
169
399
297
339
379
217
188
151
101
205
352
81
130
289
150
127
8
9
265
212
223
333
209
156
190
9
156
387
117
161
221
245
160
308
355
374
396
83
269
276
170
93
383
367
137
311
136
318
283
304
378
173
376
247
331
238
273
275
245
226
282
280
232
290
57
365
94
397
204
284
323
333
154
278
178
213
153
337
304
314
367
28
244
117
255
33
211
233
355
222
125
121
57
230
178
127
229
374
391
195
287
66
189
87
305
57
306
199
311
135
133
303
227
230
204
213
11
195
33
349
359
278
333
156
289
230
353
222
61
346
84
52
337
61
68
374
368
192
213
328
342
86
75
272
344
156
7
283
17
297
14
254
376
112
77
211
201
386
297
9
319
153
356
90
309
323
225
132
138
212
368
140
38
256
164
154
62
373
192
74
142
107
178
159
135
89
278
384
199
288
162
91
160
374
110
229
240
315
349
106
314
384
369
40
22
206
340
298
387
174
281
282
24
362
97
368
256
174
331
106
75
25
71
30
226
203
287
45
347
125
397
279
146
301
125
271
190
316
93
208
156
66
236
1
316
352
135
309
192
201
133
279
11
382
65
305
261
133
233
366
227
114
237
64
204
158
306
364
362
13
239
368
325
43
297
51
72
219
125
307
135
213
382
111
52
317
124
138
25
102
155
335
67
198
316
386
193
57
262
283
102
341
232
60
319
279
121
252
384
249
242
131
31
53
76
367
27
317
294
50
182
69
370
240
38
98
191
288
24
166
194
350
331
359
306
2
216
135
26
108
78
72
350
352
164
248
180
340
160
366
64
102
350
264
169
155
54
386
141
254
60
347
137
127
238
243
256
293
320
145
180
113
71
345
215
90
133
373
387
83
372
197
63
183
105
195
344
37
105
325
95
115
10
232
267
307
247
358
45
246
136
163
116
389
263
120
134
123
392
287
309
151
362
249
158
330
58
361
316
85
216
204
213
113
86
305
53
111
326
8
344
328
66
331
244
169
71
248
316
94
314
186
361
319
176
389
393
199
373
340
326
198
274
140
393
381
226
37
291
370
332
170
5
72
345
158
395
245
366
329
368
19
258
342
338
134
234
354
248
206
327
180
311
74
337
324
249
339
355
203
359
323
152
299
378
258
371
25
47
264
6
247
331
197
22
284
207
336
241
14
101
177
7
383
254
379
12
138
51
349
129
167
211
368
330
319
5
69
18
233
58
194
204
11
8
363
140
129
41
110
33
282
232
130
187
363
341
167
330
97
51
219
156
3
138
163
281
259
99
393
19
97
54
280
151
196
89
195
291
243
281
50
43
86
232
389
312
367
75
38
146
140
51
156
66
45
33
146
14
97
92
328
106
185
394
374
109
224
307
170
285
202
330
194
157
132
152
301
339
230
124
397
229
122
352
56
216
314
348
304
282
292
201
278
218
265
282
332
153
90
134
354
247
193
252
349
201
84
75
12
296
321
345
165
288
124
18
156
343
73
276
220
296
301
20
369
267
69
56
130
7
183
20
165
249
225
127
38
21
198
4
26
96
99
249
224
60
66
106
391
189
316
87
143
357
80
61
230
32
362
347
380
39
206
271
17
379
147
317
336
218
3
229
20
42
227
23
246
94
317
299
250
2
6
364
202
328
97
277
81
152
221
168
268
51
12
362
307
178
350
10
7
380
171
27
144
357
243
327
259
150
285
339
298
64
341
392
398
96
58
37
68
68
229
385
177
374
237
133
230
315
150
79
395
32
113
140
213
138
88
279
121
160
10
304
100
23
192
142
234
127
30
154
40
202
74
322
165
385
94
177
89
222
7
17
98
83
70
127
177
69
93
346
73
9
348
42
69
339
386
56
1
347
39
13
102
371
141
242
59
184
295
128
257
348
303
299
201
95
98
300
188
257
203
176
145
299
192
105
208
295
268
351
219
202
247
393
3
158
325
85
68
142
366
25
294
321
334
199
225
7
291
217
68
366
370
286
333
107
273
103
75
373
95
347
149
365
267
18
127
38
379
111
348
184
396
251
339
183
318
200
293
335
320
365
2
363
197
56
299
32
393
23
393
199
359
194
131
275
167
146
325
217
141
386
176
191
106
38
59
283
316
385
351
153
144
273
323
286
277
26
363
309
162
74
254
115
149
55
383
185
169
242
276
132
160
108
1
40
200
66
229
396
328
315
206
61
307
391
118
147
180
46
399
289
266
396
302
344
238
212
174
379
342
163
110
148
230
215
101
261
107
4
50
104
246
59
247
218
344
31
129
118
345
25
159
145
378
212
26
4
164
53
97
317
13
379
0
305
234
312
68
34
351
283
342
8
3
89
1
297
296
155
313
324
261
155
354
116
372
220
328
36
321
193
120
395
43
116
373
152
33
146
344
101
55
301
379
37
391
153
234
65
359
269
393
159
74
53
364
277
100
106
115
231
353
131
275
41
9
210
197
263
85
227
362
33
0
227
58
178
49
147
219
234
296
51
379
266
69
107
13
217
267
136
397
92
229
172
259
185
293
11
142
229
41
97
40
110
57
48
250
164
126
361
11
48
369
116
336
128
328
175
101
105
163
36
46
304
110
303
24
322
304
375
358
280
251
382
34
74
336
65
352
327
327
41
4
188
175
187
15
138
309
310
226
1
274
194
356
168
279
114
21
304
130
55
49
167
172
158
12
305
166
202
319
121
229
394
86
171
71
326
251
223
222
164
326
174
245
366
298
142
159
33
250
209
240
174
5
167
243
29
15
165
142
360
77
306
83
187
170
366
353
67
11
25
379
194
319
141
19
207
97
125
332
30
16
28
255
40
208
190
180
371
244
356
331
33
110
158
200
157
176
381
208
153
230
209
261
28
111
31
334
232
118
361
247
340
2
393
97
316
383
295
58
343
84
114
168
186
174
222
294
389
370
179
91
197
331
333
337
170
250
279
33
153
75
133
233
294
364
324
214
85
342
217
11
285
262
74
174
250
46
288
69
158
93
374
375
238
11
87
206
362
16
369
34
260
375
321
36
392
336
239
192
35
318
284
275
360
189
36
79
202
82
280
94
224
334
346
317
305
274
45
371
122
312
342
39
120
310
396
196
340
223
278
329
307
280
225
361
219
215
14
7
166
396
204
119
114
230
239
238
125
357
196
65
191
206
64
10
40
347
107
298
202
176
339
161
162
229
326
243
33
179
339
155
219
285
41
75
149
254
203
196
369
160
41
397
328
311
388
31
209
3
21
360
363
245
196
287
381
66
352
250
341
382
354
316
222
96
239
268
266
53
152
226
28
105
35
316
365
182
370
100
122
61
324
228
275
276
234
218
193
312
253
205
288
375
306
250
184
331
93
244
394
325
168
152
166
196
251
120
361
125
49
363
159
113
4
80
214
1
189
399
92
129
228
79
250
239
294
362
256
294
144
78
15
172
346
0
312
121
262
95
228
322
369
176
22
300
2
387
391
223
262
0
59
260
116
166
68
88
375
5
208
200
352
365
154
387
57
136
26
118
385
383
272
8
216
321
17
322
33
161
306
372
175
285
162
227
26
250
86
162
44
305
0
193
383
302
17
85
105
289
74
199
297
46
182
145
169
58
175
264
333
61
312
367
123
74
88
207
148
118
142
105
277
39
2
368
38
74
369
244
271
23
134
217
54
209
145
327
10
156
360
377
295
208
298
130
266
162
278
44
60
82
87
295
209
145
304
334
152
391
252
278
364
43
294
312
317
279
65
63
120
52
244
356
185
388
193
378
319
140
139
32
20
160
150
327
381
203
365
261
37
87
146
7
92
259
334
160
382
345
61
335
214
92
242
341
357
306
252
173
161
338
124
182
19
158
292
354
285
344
290
166
67
254
275
57
134
211
225
280
364
11
237
139
145
297
104
177
184
77
142
277
41
264
140
107
394
264
72
287
42
183
373
145
137
227
93
345
100
117
144
292
143
307
147
134
79
314
244
137
123
388
20
354
399
45
241
72
71
274
199
187
153
348
286
311
386
155
216
194
383
26
167
134
359
369
113
81
178
247
84
275
10
298
282
398
170
34
380
182
366
72
362
147
256
149
91
63
393
365
365
168
168
52
244
27
359
371
181
109
262
328
309
77
220
310
133
342
108
78
77
40
32
73
371
70
26
341
258
1
353
252
253
121
284
202
33
187
263
161
282
252
301
203
388
309
172
384
38
333
48
63
146
367
149
390
161
298
305
306
382
138
311
384
257
271
348
383
291
286
137
109
316
25
144
25
375
370
50
302
397
307
168
122
354
215
131
293
144
9
218
350
338
233
118
377
95
19
257
391
385
34
294
385
124
220
144
195
289
65
314
249
92
233
59
230
75
210
234
202
288
13
11
361
127
0
253
45
282
272
294
39
358
69
266
210
226
4
54
326
181
12
282
190
116
87
155
54
360
134
311
15
172
187
211
364
57
37
161
299
62
124
220
290
227
327
160
2
24
262
61
190
49
281
1
321
141
386
112
145
74
319
384
215
53
0
188
338
82
180
183
34
357
38
377
229
168
17
56
227
71
30
111
62
133
345
291
86
95
319
399
390
103
333
11
9
64
284
204
363
103
203
57
323
43
363
165
353
146
6
86
150
394
8
376
30
246
134
245
159
165
381
300
342
201
150
53
248
369
375
387
369
214
193
288
253
384
133
80
162
1
185
299
278
129
27
25
280
202
311
4
16
97
130
255
299
64
71
11
88
327
228
133
58
219
238
343
298
317
80
259
10
0
366
65
213
207
244
299
150
178
158
160
54
1
68
149
183
289
7
76
6
90
376
242
302
303
81
21
258
237
171
82
383
241
381
348
346
16
112
16
20
110
287
49
334
131
335
359
274
134
134
185
369
218
241
274
183
334
146
256
194
359
188
326
368
335
150
215
77
272
192
117
301
153
183
54
44
69
289
141
43
269
387
374
367
59
390
237
63
211
173
14
382
262
133
181
364
294
153
110
4
95
350
389
204
184
287
277
170
100
320
164
271
282
224
260
255
266
183
225
385
23
64
191
56
315
243
129
24
252
367
276
83
323
184
3
40
28
260
241
178
249
283
251
373
286
186
179
178
384
68
337
159
216
302
205
208
355
128
105
351
281
264
98
99
89
97
40
326
253
114
271
123
333
397
74
84
345
391
344
104
396
70
91
96
133
140
148
257
336
215
84
384
160
239
49
295
346
173
9
128
76
266
320
380
52
152
105
138
354
322
52
34
82
166
140
17
360
130
209
227
311
86
85
98
234
238
352
326
277
219
170
185
193
100
226
272
296
7
185
106
292
221
364
227
93
371
131
279
288
200
157
28
138
42
152
366
293
45
392
338
179
198
317
396
81
219
54
19
313
130
256
44
188
137
106
159
86
13
192
300
33
104
178
162
0
107
388
306
113
144
251
229
44
360
326
42
124
337
387
125
290
8
185
139
372
285
64
337
9
124
78
313
310
13
380
279
87
368
299
19
145
218
155
298
321
198
309
62
5
84
192
52
301
34
295
173
295
246
274
75
133
346
320
148
235
282
240
398
101
140
317
360
222
288
231
164
65
347
31
230
133
79
373
379
238
273
161
208
155
21
176
314
312
377
244
122
85
77
72
114
1
26
51
340
311
397
74
351
54
156
8
338
147
293
262
151
342
300
294
97
91
237
366
164
231
20
296
390
171
6
42
315
84
224
349
92
24
42
213
224
372
126
379
361
24
222
94
197
256
10
223
269
231
21
165
21
215
196
148
280
256
210
81
24
175
182
65
97
268
54
340
352
196
126
133
73
385
218
263
153
60
101
129
397
23
145
154
247
1
258
83
334
47
21
186
90
368
126
305
281
146
205
99
51
127
81
79
156
298
36
280
259
155
187
326
343
295
113
7
341
376
267
323
64
56
239
168
93
48
313
385
101
241
264
155
355
263
281
33
399
42
333
301
15
304
356
310
44
347
18
243
138
78
232
120
291
325
187
390
158
8
340
23
344
63
367
256
296
314
102
144
98
217
342
390
274
209
279
312
159
377
320
233
396
30
13
46
94
285
39
188
133
317
321
181
308
378
87
127
119
190
119
346
124
243
309
197
3
235
339
237
291
35
15
180
259
331
20
84
175
32
359
156
105
53
348
44
149
235
236
290
311
375
33
353
120
292
332
47
321
216
206
186
166
64
51
149
394
136
11
376
315
156
50
258
275
1
290
372
157
177
361
203
363
262
69
190
184
96
396
47
79
59
45
110
242
184
375
243
339
162
339
247
102
324
82
356
131
169
257
56
327
94
279
139
329
177
59
253
16
180
194
397
338
10
218
201
189
36
251
114
387
261
222
157
231
26
175
386
207
1
374
248
256
313
164
289
307
8
310
308
23
187
316
398
323
52
356
170
94
318
336
145
169
151
66
200
390
130
341
191
307
187
332
327
197
255
255
292
356
325
320
376
332
62
354
114
254
271
166
130
191
0
34
50
237
255
393
244
235
47
269
81
158
138
275
160
230
163
44
60
100
67
14
316
56
162
97
101
74
370
266
119
51
310
69
353
144
326
315
147
279
214
380
378
211
86
352
225
388
57
391
345
24
223
109
226
83
161
294
62
306
178
285
364
314
203
215
97
333
189
326
189
359
160
329
104
296
47
297
173
383
296
199
358
272
73
237
339
230
333
170
169
311
119
33
268
9
67
324
314
186
222
298
295
362
220
148
305
311
310
230
246
35
53
196
244
252
281
226
82
4
189
376
393
31
233
253
202
35
301
18
172
333
347
79
148
61
47
380
392
111
373
71
4
248
124
273
215
275
396
76
81
98
173
268
170
125
273
8
233
129
58
242
393
348
101
87
119
85
75
117
162
393
306
144
104
344
127
192
16
399
213
227
236
330
348
233
219
111
65
24
387
36
395
103
261
386
57
317
145
351
245
153
378
337
167
390
147
260
250
235
352
10
168
36
316
87
88
45
258
362
362
361
331
304
367
206
26
191
285
47
113
99
193
181
75
75
200
279
114
180
24
121
116
185
140
392
241
140
182
96
106
70
358
318
7
39
268
28
280
373
361
267
385
177
101
53
105
7
121
352
197
360
399
128
129
371
219
241
205
6
222
74
63
371
22
331
76
52
214
197
34
70
370
220
141
249
95
200
201
45
160
195
201
261
396
320
191
287
136
96
163
109
127
3
210
274
230
151
246
2
323
28
334
395
310
84
376
96
153
137
25
285
261
302
83
311
211
47
115
119
73
232
351
397
309
212
29
383
245
69
15
258
188
132
137
298
103
267
380
248
230
13
88
331
32
150
5
174
31
296
239
112
299
43
149
356
11
99
106
208
107
235
91
85
220
79
184
161
74
270
28
73
251
394
189
335
300
42
294
388
294
16
336
6
280
272
126
60
117
130
364
30
346
201
218
270
27
392
188
357
370
36
22
314
368
180
42
366
326
68
108
253
126
132
151
391
155
127
31
355
196
183
390
316
116
240
154
394
282
368
396
355
104
114
188
113
318
131
109
37
7
29
151
313
172
109
15
6
76
84
364
340
217
345
145
222
55
185
153
345
226
242
142
226
176
204
346
303
47
344
371
247
20
81
80
62
5
284
184
367
390
91
321
58
164
265
22
183
66
73
50
318
257
343
26
100
107
327
99
136
381
111
37
344
3
177
228
326
173
245
89
2
247
151
215
83
156
123
52
398
181
387
387
218
233
339
276
190
189
262
183
325
56
75
1
346
247
61
339
277
346
55
352
367
192
106
37
79
203
378
250
264
83
357
222
382
6
49
55
69
41
125
68
366
18
48
334
42
376
261
380
91
253
229
282
115
127
131
172
210
164
249
290
47
244
386
349
261
394
256
133
251
127
269
171
167
332
111
277
65
349
250
266
234
98
365
293
352
36
334
171
20
388
322
134
153
360
292
129
37
299
83
220
169
281
65
146
3
111
399
101
151
363
33
356
81
211
55
180
281
326
47
321
202
47
64
198
164
168
384
84
361
146
187
315
98
171
157
272
76
366
158
360
158
262
398
242
188
73
210
38
378
156
350
300
286
147
395
20
199
98
174
274
136
27
366
6
334
23
3
388
396
203
235
95
311
239
3
63
340
116
132
175
140
17
191
296
135
282
326
111
29
91
50
333
271
333
260
288
109
197
259
39
348
259
195
366
39
48
276
357
131
353
298
339
308
222
156
193
121
92
129
207
17
110
290
262
67
300
353
53
29
117
233
184
112
188
262
120
39
43
105
326
352
185
1
78
286
30
364
71
154
239
397
109
158
248
264
398
19
346
203
64
98
150
286
100
203
313
239
221
224
347
273
386
66
61
180
322
367
218
274
180
398
388
42
103
282
1
391
76
298
113
63
153
214
84
113
250
376
151
335
37
193
106
264
81
143
96
175
250
347
171
13
314
237
19
397
92
163
321
212
219
66
351
89
20
90
213
364
61
307
163
104
156
66
61
319
340
174
85
196
99
240
313
24
303
49
45
394
14
293
17
343
234
144
44
293
297
171
76
148
154
11
159
64
305
299
38
258
235
146
166
228
220
188
10
255
31
252
328
302
288
4
11
244
95
214
305
141
163
38
183
67
375
332
386
175
308
211
263
49
2
111
183
122
393
399
26
257
128
94
30
45
343
236
175
34
57
50
309
171
60
81
162
309
27
244
34
14
289
4
216
273
192
284
161
160
366
284
67
266
95
109
338
3
323
54
282
172
192
324
130
103
40
211
306
312
14
163
124
253
290
165
336
65
83
273
271
177
368
110
383
256
304
318
312
268
293
132
40
37
271
335
240
210
164
322
294
238
264
190
156
222
286
296
27
374
120
193
187
289
119
36
173
165
226
330
237
63
230
246
39
138
353
303
97
262
29
270
389
123
6
7
107
201
6
169
104
270
262
157
73
351
159
223
323
107
353
365
285
72
386
30
31
263
288
197
331
250
14
42
271
286
3
280
126
291
216
194
301
325
262
94
51
217
211
55
83
295
313
332
38
363
277
64
121
59
27
351
265
186
144
301
315
108
365
98
194
346
185
62
276
341
102
211
8
195
214
94
69
367
155
275
339
132
123
364
286
370
305
313
146
143
159
126
303
311
352
45
130
309
187
337
168
293
81
373
226
369
77
246
132
320
231
47
217
281
192
107
151
345
231
35
84
172
201
88
307
284
50
68
290
225
190
250
46
270
201
388
244
317
73
115
149
54
281
245
210
270
40
172
179
7
128
300
254
176
338
264
363
380
308
259
292
305
280
190
22
274
209
18
16
66
333
261
235
17
240
146
78
119
377
68
6
298
238
379
135
370
347
192
264
269
121
325
288
3
204
206
319
35
295
3
126
61
34
256
124
364
148
331
229
228
168
13
216
110
77
44
165
151
381
62
214
394
138
332
32
355
318
58
12
313
295
328
152
395
337
100
62
355
313
246
198
251
27
221
199
188
295
234
282
43
267
140
75
262
128
117
209
126
244
245
141
169
225
347
79
356
84
138
230
159
231
61
151
269
314
214
140
256
122
253
313
172
226
153
142
329
19
334
285
263
158
173
88
274
384
71
201
78
61
254
353
369
120
144
89
130
74
74
238
203
250
112
23
69
385
147
8
180
59
360
148
40
223
126
306
343
94
170
294
355
295
375
389
78
356
109
106
114
341
245
253
187
92
10
47
234
162
310
292
27
380
338
54
335
184
277
150
32
31
338
88
10
182
350
97
9
380
162
81
234
399
294
279
225
316
388
218
140
331
22
201
308
239
292
309
47
112
346
307
225
325
353
76
388
88
63
44
116
221
264
299
13
286
193
383
235
1
149
123
273
30
343
320
239
398
396
145
342
314
75
106
164
276
55
76
8
121
371
231
226
313
288
226
162
126
167
65
100
68
186
94
166
102
31
279
266
137
83
215
341
391
205
144
6
316
20
35
143
151
169
371
129
345
380
299
36
399
27
306
288
123
272
176
184
288
4
43
315
395
82
180
242
209
178
131
57
112
351
147
224
159
49
120
17
309
350
34
371
240
396
68
171
266
143
99
47
339
292
313
158
335
119
265
139
389
347
225
152
117
44
52
150
25
148
34
154
385
244
236
174
110
66
303
296
248
224
173
259
390
293
389
0
3
198
277
80
74
241
163
240
156
122
102
246
363
254
348
264
121
207
249
155
330
226
45
347
349
262
46
322
83
41
283
205
228
121
224
28
56
336
143
350
47
321
158
55
139
399
0
154
133
129
7
399
179
230
109
41
57
209
187
7
242
379
31
208
283
41
70
1
73
221
6
321
59
372
191
351
200
141
49
100
278
153
108
116
391
140
273
228
292
242
369
139
349
363
76
68
344
377
324
151
178
144
311
26
231
209
104
362
189
295
367
156
179
199
175
258
189
192
104
398
374
127
44
122
31
192
79
364
195
338
155
188
230
2
85
187
351
216
91
58
282
295
162
174
163
231
303
114
273
235
114
268
238
45
109
298
52
99
39
271
244
49
272
204
186
197
372
46
312
359
239
242
372
96
165
301
218
276
370
354
126
44
90
218
103
91
170
271
254
250
145
244
135
274
56
30
355
377
202
317
33
294
33
251
199
190
284
33
15
307
65
22
102
161
98
111
290
396
330
186
126
262
286
78
337
167
226
37
14
204
174
374
189
25
356
54
393
282
28
71
104
207
175
36
301
150
183
369
387
369
320
59
205
258
352
89
103
140
291
60
254
121
315
221
249
48
261
308
257
365
366
109
150
215
2
105
130
382
390
370
180
92
343
78
201
266
71
386
55
384
228
107
72
274
99
384
51
360
179
136
238
5
54
316
110
189
395
10
348
115
269
147
397
14
398
290
148
193
255
238
157
384
359
245
141
213
75
121
115
27
249
273
138
23
352
136
64
389
15
26
207
54
147
29
13
130
383
98
355
238
169
153
312
59
218
300
235
86
234
161
104
187
4
153
292
73
249
72
29
185
291
269
268
333
6
349
267
33
25
89
22
118
362
157
303
26
103
195
313
91
103
354
392
324
94
1
387
178
382
263
375
277
50
130
244
57
196
217
371
104
246
52
244
379
300
216
43
273
127
56
289
165
175
251
118
134
120
365
117
270
55
137
333
113
258
300
17
220
342
202
195
111
99
202
325
300
219
73
335
100
289
62
236
59
351
362
230
68
315
376
88
169
329
82
88
5
136
12
98
277
280
254
181
251
75
373
91
132
352
125
167
158
49
51
118
222
370
274
116
370
369
379
236
358
316
152
213
231
369
51
126
255
229
52
185
142
224
12
188
353
64
318
250
267
219
286
188
155
80
340
130
186
268
202
163
166
179
356
107
380
245
91
290
212
19
118
231
131
221
271
27
135
188
26
175
287
56
291
123
222
308
4
134
194
389
124
66
254
87
170
253
125
239
7
134
99
274
303
70
63
368
211
288
332
244
162
358
234
101
331
143
148
349
382
362
198
229
383
269
35
160
354
221
252
278
223
54
304
311
139
254
327
225
51
273
0
135
377
100
306
326
64
356
356
312
316
395
5
272
75
387
234
334
278
73
193
80
292
31
183
324
288
392
370
25
397
219
72
376
153
122
322
164
268
154
215
96
336
371
306
264
123
127
127
72
262
304
378
63
97
247
341
133
193
37
64
174
154
58
55
122
207
381
183
82
154
60
388
163
70
142
125
358
380
142
254
377
123
332
67
358
211
312
328
355
36
10
211
142
79
36
274
232
155
87
172
124
188
94
253
379
217
348
106
342
23
316
84
296
345
285
391
38
53
223
302
131
63
376
136
213
99
326
167
131
153
271
99
236
180
47
142
233
87
338
1
386
336
348
55
335
308
204
182
183
239
323
189
393
115
240
387
306
312
178
133
41
94
72
230
391
105
372
22
236
91
335
345
358
130
129
108
346
341
373
31
238
177
46
138
213
136
372
140
206
257
199
303
8
338
77
331
352
357
98
45
113
234
328
290
289
385
153
314
367
228
218
374
341
130
122
381
81
145
131
335
299
283
86
195
378
176
261
223
210
43
79
389
319
46
16
41
228
162
217
286
158
160
58
347
265
317
90
192
26
55
205
139
348
152
309
50
55
94
253
159
277
373
168
269
81
268
21
44
29
374
150
14
28
386
88
43
29
20
389
302
119
136
279
291
33
181
380
106
88
245
213
187
339
376
109
350
178
272
242
32
47
3
78
189
358
120
13
15
85
198
210
12
385
161
398
139
25
0
159
283
213
17
70
61
205
116
274
86
154
10
86
328
97
341
347
275
231
271
363
117
379
22
57
132
17
395
342
139
140
186
269
29
229
340
39
327
139
4
204
279
29
278
83
348
256
383
24
387
221
352
202
65
375
182
397
32
247
42
241
348
102
258
242
186
209
171
208
58
195
377
240
34
305
156
372
102
110
398
179
5
241
59
74
154
176
81
207
185
291
308
46
343
312
308
90
173
57
169
359
298
187
121
293
375
37
367
0
228
228
12
383
243
129
175
170
206
84
95
398
154
86
135
39
108
73
353
359
301
44
178
168
34
106
198
18
71
292
92
239
383
158
383
96
114
321
317
159
28
328
45
267
390
10
362
66
200
124
119
299
112
118
339
269
207
257
327
269
162
195
275
45
109
25
188
13
257
189
264
360
60
262
370
384
84
76
381
173
298
351
143
64
209
325
24
293
310
148
76
362
181
113
251
28
351
59
35
239
5
296
393
324
285
176
390
187
49
337
124
364
128
95
43
334
22
324
150
281
246
246
197
387
75
246
271
224
28
391
324
288
283
21
33
386
187
338
271
51
39
220
144
64
281
77
120
29
351
31
216
56
182
312
316
131
23
59
206
190
72
258
284
100
248
295
34
282
187
207
181
309
187
99
281
59
235
126
287
125
248
321
309
238
119
135
336
240
34
187
209
280
183
180
337
322
154
79
343
31
45
108
226
237
8
379
396
67
232
391
156
96
33
70
284
126
239
323
112
398
6
291
333
45
272
270
257
277
291
183
365
162
168
388
252
301
187
365
76
21
372
338
218
372
35
363
175
200
287
336
319
45
35
171
38
275
13
163
275
96
60
99
63
271
22
136
102
94
187
56
18
0
211
240
261
171
23
3
177
104
16
329
126
210
100
9
29
266
261
6
315
239
177
234
135
130
198
48
244
322
269
66
391
267
154
294
60
161
310
137
163
357
365
265
117
267
123
205
211
189
100
208
207
318
278
339
85
107
322
110
168
309
79
317
361
40
185
196
178
96
182
121
181
307
100
117
387
387
58
233
28
327
42
218
135
198
369
64
35
253
320
324
116
232
12
165
349
242
251
342
137
145
358
369
64
28
93
99
343
353
45
365
167
46
148
310
157
324
222
52
185
291
370
203
128
29
198
62
138
248
247
330
273
97
158
57
70
104
31
280
362
85
136
236
20
142
376
241
259
235
392
144
36
287
367
27
282
109
172
72
182
162
118
67
251
166
233
30
107
152
40
299
11
38
108
9
119
332
118
358
88
72
344
311
130
167
242
263
260
113
119
264
6
244
358
98
51
368
370
21
378
81
115
15
18
90
240
375
114
58
254
292
146
275
392
32
315
304
93
225
91
216
18
66
3
390
246
56
278
257
27
45
382
176
91
346
379
59
43
206
82
329
222
290
10
380
259
321
58
15
321
232
336
134
175
225
16
319
187
45
138
345
14
54
122
134
100
186
108
249
299
89
363
55
296
236
372
205
270
393
159
320
239
252
51
148
134
83
309
79
109
215
152
64
366
241
199
8
292
291
65
121
329
207
276
397
172
121
157
393
291
325
203
391
266
285
152
65
270
98
266
213
351
150
293
137
125
151
48
190
282
107
161
165
306
53
67
324
23
5
71
222
183
373
295
50
269
136
191
259
221
380
59
193
209
200
181
203
44
179
42
223
176
184
319
356
78
41
32
109
257
393
385
237
376
387
5
230
85
270
23
58
274
90
64
270
346
98
26
54
93
260
315
90
316
187
213
25
19
278
13
395
17
381
398
16
37
107
246
361
250
328
8
221
304
337
152
345
94
104
118
37
327
120
354
48
221
345
301
175
373
131
155
356
158
137
225
366
211
21
136
187
268
60
266
30
0
248
218
193
236
145
110
294
98
321
69
119
37
231
123
394
265
349
154
280
297
144
114
51
110
289
99
104
380
169
360
62
57
95
113
108
175
1
73
99
300
70
196
34
309
132
245
102
377
52
57
287
217
15
250
354
316
256
250
228
302
382
360
172
224
296
397
62
347
90
242
14
37
126
217
330
357
165
394
156
168
198
23
368
297
156
120
317
226
34
58
306
32
217
294
49
159
70
395
37
57
235
398
383
361
384
339
398
316
218
312
311
293
347
370
232
233
304
92
100
82
74
354
60
374
162
350
130
134
104
388
373
178
192
131
184
383
260
279
0
109
261
120
260
5
296
339
184
345
245
361
79
142
40
118
396
86
299
17
377
93
243
92
207
233
61
387
71
149
219
199
24
6
51
78
252
186
9
138
63
349
136
50
93
234
384
316
303
29
202
69
197
295
296
22
220
108
252
128
123
227
286
317
160
12
314
276
183
173
0
216
8
211
96
396
340
334
362
125
350
117
226
155
386
68
131
103
160
316
163
315
172
181
375
52
223
336
358
238
254
13
199
107
173
108
385
32
308
310
387
23
15
241
216
345
269
327
1
212
78
399
164
269
322
215
115
11
158
265
303
203
380
294
227
276
394
179
139
264
36
4
270
326
110
180
101
261
100
256
261
13
385
282
307
158
176
127
398
133
372
142
17
136
16
264
296
134
152
279
320
123
57
27
338
272
164
64
224
121
163
173
227
308
32
68
196
75
4
305
54
265
185
295
347
180
32
182
246
137
250
350
318
221
155
112
279
35
249
89
83
363
56
348
26
9
161
317
215
342
303
132
94
77
274
202
218
252
168
397
101
156
113
15
265
294
210
145
329
293
309
92
222
351
271
61
348
9
54
287
79
46
280
128
56
149
293
285
144
214
111
371
234
115
318
258
43
263
165
204
216
32
108
3
15
125
17
96
77
396
209
383
181
322
48
26
152
53
80
89
285
385
0
120
357
260
228
76
49
298
18
253
191
243
394
365
37
248
299
25
288
91
160
114
227
213
53
103
205
135
169
115
275
229
326
337
88
255
269
4
157
79
71
20
63
228
249
252
325
385
392
57
226
117
18
196
356
55
378
189
212
393
144
54
267
195
323
322
242
42
130
38
368
336
235
145
80
194
292
96
150
190
361
166
112
253
308
143
355
387
141
232
137
129
212
199
370
189
139
25
206
9
243
335
72
369
318
396
359
399
343
73
369
145
91
84
266
135
201
300
157
39
166
177
127
225
300
4
249
195
352
266
205
86
340
14
234
9
295
287
382
172
226
224
339
328
58
144
125
184
125
159
107
238
317
88
306
17
222
65
191
57
371
57
86
133
281
225
324
313
388
73
280
327
36
119
381
378
328
260
300
38
386
282
148
189
168
189
108
121
316
20
123
148
127
396
22
132
250
292
147
112
212
59
126
373
117
272
204
297
197
55
252
62
394
96
393
249
3
137
94
165
368
128
329
212
62
98
96
53
191
223
136
272
72
304
186
392
319
24
263
19
349
3
75
45
142
367
236
355
366
308
318
295
141
60
309
72
53
320
252
211
312
27
366
287
303
307
383
256
325
86
159
324
190
92
197
281
119
191
150
109
15
52
354
274
253
239
24
96
157
178
17
118
137
342
322
106
303
187
80
371
157
60
289
14
18
152
295
31
200
212
32
14
84
120
366
369
256
126
359
140
229
220
248
237
231
143
2
239
3
388
324
280
183
204
26
381
219
22
351
173
306
116
292
112
397
238
284
275
65
278
183
110
386
346
265
336
130
98
72
71
95
144
143
321
168
75
67
180
4
29
66
201
393
262
273
242
200
29
234
238
22
59
37
268
196
53
340
158
267
380
237
189
95
317
388
235
306
350
93
15
246
159
263
164
209
72
137
289
97
168
242
243
33
54
22
177
262
20
102
186
140
285
253
390
8
160
88
114
366
368
380
73
278
342
84
68
285
174
196
267
274
391
18
57
277
16
381
165
368
138
108
274
112
289
77
0
310
325
232
114
90
317
282
24
287
263
263
241
0
196
300
386
52
345
63
184
284
120
37
166
293
10
49
327
359
29
108
146
261
300
287
192
238
128
78
90
310
34
35
98
364
86
155
85
330
367
317
133
388
144
174
294
238
221
19
190
63
145
99
32
179
376
280
255
88
21
230
395
147
89
107
295
345
304
35
297
28
281
392
72
293
242
136
359
132
298
322
231
320
165
119
323
14
197
254
10
360
353
295
202
85
182
377
211
387
12
4
27
126
64
63
254
92
151
45
66
216
166
355
81
38
249
217
68
282
85
115
87
37
34
376
43
22
114
6
167
11
141
383
348
167
88
203
260
261
240
368
23
213
7
240
330
143
242
374
327
19
394
82
135
317
281
175
376
122
193
165
257
46
76
103
86
112
87
70
13
271
76
183
127
147
289
50
14
359
324
271
276
78
105
369
202
182
139
114
275
91
151
77
309
174
200
48
260
287
223
333
147
125
53
132
39
199
208
36
289
397
87
382
0
227
187
323
67
32
35
389
85
2
266
287
13
29
394
49
289
91
176
191
206
257
277
72
44
7
393
6
244
159
303
14
210
70
167
86
85
201
29
291
304
395
49
367
102
52
222
6
208
182
23
105
134
154
396
346
79
334
63
332
231
279
105
86
65
283
46
170
264
42
378
341
149
241
149
240
216
115
361
193
247
102
300
114
390
304
227
380
128
159
132
337
211
63
271
388
258
116
109
232
396
384
143
11
316
14
20
150
293
264
398
238
347
140
62
177
398
73
222
125
41
277
152
223
365
58
382
392
117
200
106
399
265
226
252
75
345
364
276
112
4
67
156
192
206
181
53
188
96
86
392
182
183
341
360
40
329
325
220
150
102
118
139
80
255
209
57
9
323
287
376
171
321
295
218
121
383
52
266
386
72
138
192
88
184
216
246
87
65
298
214
232
324
165
366
73
201
49
291
320
14
26
301
149
135
238
214
334
29
307
20
254
41
360
116
342
206
341
89
231
16
152
243
197
198
374
94
62
6
231
235
123
143
340
354
22
277
129
389
322
364
94
194
233
291
174
26
385
25
11
313
94
85
190
30
257
12
384
175
366
68
112
327
105
20
226
309
320
370
317
3
90
345
294
104
119
112
312
337
64
366
132
204
333
308
232
268
240
227
306
77
376
52
332
214
43
378
208
390
240
104
322
238
366
49
110
14
27
34
146
207
233
38
92
15
144
24
377
142
311
300
138
178
6
225
276
15
352
153
354
15
157
40
397
64
34
273
189
397
175
394
253
177
265
171
2
148
148
202
205
92
168
203
151
114
370
20
339
383
41
155
300
127
229
202
283
210
66
152
358
290
353
164
320
153
280
2
264
63
223
343
245
378
227
67
379
74
176
226
231
336
2
19
49
157
361
301
95
267
252
250
263
205
357
253
388
55
313
386
37
122
159
8
66
89
269
52
314
349
191
265
204
374
157
235
250
361
158
381
40
362
184
172
96
236
214
337
253
39
77
337
369
165
36
189
279
323
346
300
117
146
165
188
259
309
188
303
226
54
147
102
107
176
41
215
296
217
86
89
19
180
379
367
31
196
2
179
338
128
38
338
311
263
234
254
179
396
43
97
189
82
306
255
361
84
319
142
224
252
5
23
179
354
217
254
366
368
299
20
254
17
302
117
112
122
297
265
158
389
117
22
20
26
21
155
40
0
115
298
190
379
352
340
388
5
190
18
131
133
388
243
173
226
153
314
104
372
329
196
77
105
145
343
90
200
24
337
312
66
101
359
238
334
191
340
249
278
308
259
306
299
92
330
24
272
293
221
137
269
119
217
218
18
179
7
117
157
221
40
164
320
294
226
374
331
378
142
222
206
328
333
129
95
359
24
204
19
15
172
347
117
248
285
175
33
88
25
134
45
79
299
195
206
345
48
282
36
327
44
329
90
103
206
348
116
23
19
13
331
39
73
337
39
129
115
343
108
150
295
122
384
52
201
360
132
178
167
9
141
352
181
63
393
359
147
210
130
346
280
111
238
308
145
22
248
348
323
228
303
173
290
228
171
42
128
397
46
4
160
241
232
2
387
103
3
234
83
263
346
108
51
304
226
107
389
133
282
184
117
363
78
38
99
91
375
205
380
385
54
42
134
249
281
350
323
137
110
175
190
241
200
79
198
299
74
4
307
322
102
309
209
87
164
365
3
265
207
219
355
181
299
8
230
153
298
161
214
49
146
70
327
171
273
381
260
104
326
32
125
69
29
206
137
18
398
298
384
364
97
156
195
326
179
106
100
222
222
313
11
139
355
104
155
93
386
147
370
122
84
63
102
2
179
28
10
146
399
315
29
25
31
195
216
121
244
75
148
188
206
127
261
147
150
95
243
331
174
157
209
102
14
370
329
45
370
51
53
327
254
225
100
367
289
5
9
350
196
272
167
347
350
248
88
132
30
294
23
113
184
276
121
167
269
216
131
331
217
65
220
104
212
132
115
347
197
187
278
227
92
283
224
149
12
286
125
318
25
92
195
36
304
195
393
95
132
164
200
340
341
129
204
19
100
194
39
310
182
384
8
142
329
352
389
336
64
358
150
82
84
184
277
131
233
131
373
106
190
115
202
304
275
78
124
42
102
304
383
249
330
85
210
263
391
205
91
213
248
41
344
14
94
223
20
347
166
298
263
269
340
5
170
22
381
138
158
167
398
395
392
363
234
140
21
331
204
374
264
372
301
168
113
223
210
119
50
233
384
347
167
133
114
232
295
332
56
305
353
315
182
127
172
255
218
106
180
96
333
369
390
255
69
245
25
139
178
322
364
219
349
273
27
323
348
335
284
20
173
339
140
110
23
40
385
48
291
255
336
94
98
28
338
331
229
155
34
251
45
314
89
100
142
276
193
361
18
167
179
373
390
290
31
148
268
45
319
143
236
188
86
34
12
250
33
379
394
123
232
354
280
22
398
164
61
251
62
310
391
182
297
202
319
344
72
284
359
186
248
141
152
103
205
183
164
323
23
76
234
79
362
85
234
357
387
252
173
40
262
299
327
338
43
137
387
330
213
397
11
109
123
19
391
269
121
198
182
110
246
360
233
134
265
225
274
306
268
70
386
294
116
18
147
167
258
60
291
306
286
398
89
12
145
65
302
49
64
153
341
287
349
209
363
333
396
332
194
375
395
49
227
121
181
251
276
38
5
147
226
95
276
94
28
35
363
122
90
94
180
144
3
333
194
219
88
87
168
388
387
335
360
315
298
187
352
203
50
325
220
344
72
343
356
186
328
78
293
162
10
208
217
63
222
31
212
391
100
117
326
224
165
151
146
298
168
336
214
13
70
343
96
379
35
21
345
23
122
208
134
119
370
183
154
24
8
395
332
333
205
325
78
67
245
347
196
270
134
223
11
230
219
392
201
86
334
286
158
152
393
238
4
230
354
354
186
66
398
190
17
335
197
232
130
161
393
149
145
231
379
218
324
213
240
340
273
50
275
103
183
244
260
227
381
145
220
173
197
161
262
28
353
14
149
360
90
351
325
305
357
204
107
43
283
317
126
193
55
22
135
139
40
301
220
178
319
8
128
48
7
236
89
0
338
366
269
32
216
311
147
110
325
234
357
321
8
174
30
4
387
241
291
52
224
71
239
285
169
332
119
75
317
170
314
224
140
313
219
28
138
313
212
335
27
233
175
17
179
308
110
185
347
118
132
385
179
110
365
358
211
179
104
326
393
159
97
266
47
196
319
52
87
223
63
7
34
311
374
320
235
212
394
335
246
329
321
149
284
299
29
21
343
262
204
340
99
250
193
127
79
268
265
214
161
313
333
54
193
50
384
268
324
70
123
239
397
142
176
93
125
83
231
332
208
80
237
12
308
60
176
284
111
339
118
47
70
128
180
235
80
235
147
172
269
166
175
157
1
251
0
203
379
300
65
313
324
267
115
28
187
116
30
221
8
253
339
66
106
288
198
73
16
117
385
35
63
80
366
206
130
343
20
24
81
325
359
239
306
355
240
311
170
127
344
399
304
82
243
201
221
382
30
68
292
17
325
210
125
70
114
310
398
99
330
143
90
1
173
302
180
166
364
99
327
257
181
362
62
210
68
220
357
229
216
261
154
120
320
260
50
67
83
38
4
96
318
119
371
207
153
245
268
112
377
180
187
383
299
78
301
303
147
92
395
357
218
218
127
317
152
251
206
79
364
397
177
281
280
214
326
18
107
72
202
209
115
395
260
385
319
151
169
225
364
225
258
28
320
11
180
147
181
196
128
377
180
220
227
63
380
176
32
216
75
157
237
332
70
84
225
345
199
393
77
174
132
124
278
354
99
289
125
275
245
108
370
312
321
178
136
282
302
112
12
201
74
272
183
204
55
177
0
98
30
164
155
306
127
341
75
22
206
353
111
323
245
170
156
151
363
134
219
217
114
374
108
72
277
117
375
305
266
203
123
50
372
376
394
382
284
191
367
44
190
270
341
363
358
133
388
7
379
343
242
372
139
92
23
249
69
331
315
81
365
5
181
277
356
373
60
82
29
39
156
99
121
382
300
72
137
102
238
110
344
44
164
324
340
272
137
255
114
119
181
23
81
225
205
105
257
302
315
181
392
284
279
59
214
88
388
273
160
203
241
395
226
186
97
141
46
278
60
43
87
171
378
248
1
314
386
50
19
251
339
354
35
359
341
363
120
39
2
367
67
279
97
179
392
349
302
134
98
28
396
104
160
69
108
164
326
199
29
200
257
1
136
116
194
380
162
10
323
246
9
8
11
353
210
307
239
309
124
4
77
354
394
236
167
66
238
247
210
113
205
127
209
202
99
4
319
336
16
273
35
364
398
366
268
191
169
254
392
336
330
140
382
116
60
260
280
21
326
112
208
289
359
318
231
135
33
62
226
143
79
106
240
206
123
0
342
47
82
121
342
150
83
229
110
231
182
285
105
245
381
347
373
62
171
291
288
231
183
342
205
188
62
348
56
289
8
32
55
128
347
144
312
67
138
293
210
107
77
224
308
201
398
283
357
332
286
217
48
376
121
338
264
343
399
304
344
232
125
174
270
142
239
152
252
269
8
186
295
396
247
384
394
319
152
272
111
140
328
207
8
247
239
318
26
336
397
29
239
338
217
321
241
362
260
141
204
36
78
246
194
307
68
218
302
180
282
116
107
203
269
236
393
179
354
69
235
62
109
177
70
134
237
241
86
323
225
146
376
394
245
218
81
258
395
354
166
39
81
312
30
230
325
398
92
185
348
154
119
277
275
231
199
112
374
246
297
271
178
151
252
131
117
360
315
165
328
65
229
254
16
228
270
77
216
248
322
114
238
396
283
108
1
225
174
121
360
34
251
82
50
180
174
369
272
47
41
280
146
186
211
391
119
315
147
251
147
93
100
322
9
309
112
329
115
221
397
169
128
77
159
397
311
118
381
26
192
389
237
329
330
87
93
85
360
247
84
173
89
382
331
128
20
263
298
399
164
374
315
200
110
248
331
371
3
123
70
225
22
61
91
177
317
100
261
129
177
237
183
229
110
172
208
274
300
141
11
307
280
279
86
384
212
327
101
150
299
77
376
309
131
132
328
306
155
168
58
205
72
131
16
95
393
271
46
28
220
382
188
137
360
271
203
55
24
124
190
333
228
89
49
169
97
100
142
79
213
237
389
40
38
113
18
228
297
73
248
349
245
186
79
37
78
162
322
135
150
301
381
287
135
244
353
98
379
61
64
242
270
128
242
198
106
340
0
309
136
125
300
128
137
312
248
11
267
91
5
15
91
272
98
87
257
334
228
135
319
211
39
250
381
371
340
261
380
60
216
95
118
307
168
96
26
103
112
67
348
311
314
95
234
363
106
328
131
254
69
222
15
368
113
207
72
158
114
345
397
84
352
305
94
369
113
231
130
125
290
190
342
326
101
174
6
179
286
369
34
166
35
82
154
379
152
184
328
354
111
57
375
118
385
349
378
379
329
143
205
6
348
323
62
71
366
390
138
189
330
152
4
31
108
32
392
69
289
60
225
144
336
331
118
55
363
108
61
163
22
301
70
1
262
286
224
148
94
301
372
183
341
325
215
13
251
262
106
42
247
135
234
220
194
19
165
370
281
162
183
339
285
30
166
142
336
224
87
165
186
325
386
330
174
337
89
264
87
90
236
164
397
131
18
127
280
30
115
13
150
184
311
268
377
178
380
146
388
27
81
243
292
189
324
143
101
288
190
358
117
302
120
255
80
43
370
260
328
314
16
131
34
240
12
215
114
236
35
289
74
161
313
71
287
201
303
94
261
48
304
87
327
331
83
202
393
66
37
266
13
341
351
51
10
32
171
74
300
154
283
34
149
5
393
94
75
153
100
276
126
270
62
176
10
65
82
93
76
234
391
158
213
326
167
96
99
265
254
367
381
294
23
75
310
219
308
308
290
231
263
215
252
52
374
298
166
16
386
254
14
308
353
263
10
206
7
54
167
53
94
245
332
182
256
385
338
351
45
168
279
141
361
121
395
265
173
357
165
249
294
2
59
294
351
296
55
97
98
153
198
141
119
103
123
143
170
99
331
315
384
31
174
352
199
302
68
60
274
61
253
300
210
127
341
17
304
225
18
71
256
389
118
391
160
38
385
151
83
148
355
69
173
208
321
335
52
85
226
18
336
66
229
373
73
280
362
326
116
392
260
177
136
350
185
102
356
26
196
257
18
294
394
76
254
116
378
310
307
27
309
303
257
25
235
146
221
48
394
0
57
322
383
335
112
203
147
347
209
4
92
135
245
19
19
370
303
285
371
398
36
260
249
399
192
201
148
224
5
350
305
331
149
212
262
277
93
169
221
107
220
150
19
111
28
143
199
390
197
73
327
194
30
264
365
265
373
211
351
291
91
312
24
111
28
161
36
89
190
338
208
281
22
232
266
386
211
21
392
139
223
198
185
92
47
263
346
102
6
193
47
204
152
44
153
296
42
278
248
245
178
147
16
281
168
338
328
398
192
184
335
210
160
82
245
41
310
372
153
222
296
204
226
57
212
316
69
109
185
364
371
220
134
266
360
24
341
321
257
124
383
226
215
192
120
37
333
133
323
10
302
353
76
372
203
44
170
346
63
103
218
266
380
61
379
388
222
218
181
372
322
63
312
222
153
80
158
236
259
389
117
218
148
349
166
268
163
122
89
42
343
318
96
129
103
217
283
75
398
389
367
288
347
216
382
234
199
130
97
196
84
172
68
46
357
370
354
326
308
261
160
40
2
170
91
17
72
366
191
290
306
70
167
201
200
277
117
250
387
156
111
169
209
95
206
86
354
48
275
13
61
74
87
144
225
183
73
179
192
174
264
357
338
158
125
46
54
181
213
249
356
170
291
293
69
273
32
266
70
73
251
66
112
179
334
190
224
261
21
44
178
0
57
286
344
212
80
71
154
221
47
379
327
102
344
340
243
289
53
369
184
297
160
375
14
73
99
272
116
306
17
336
220
109
162
264
58
221
141
25
159
262
237
16
337
20
202
386
341
140
235
368
46
236
226
54
285
353
101
97
229
303
16
302
111
59
177
87
35
334
379
231
35
260
387
290
313
164
195
53
138
48
104
9
391
107
111
84
2
145
389
388
354
69
310
39
114
156
218
368
161
269
247
361
342
182
13
16
2
225
221
209
50
21
376
183
284
311
138
212
217
62
41
275
121
371
77
296
26
376
386
236
278
292
113
137
368
126
226
341
175
293
368
399
325
310
213
3
31
269
221
59
126
202
394
14
67
341
276
361
54
292
251
93
229
15
42
157
332
122
208
265
344
290
346
37
99
396
55
324
113
276
267
261
27
97
218
339
25
116
93
136
244
234
164
303
198
325
128
218
213
352
201
382
170
399
276
144
262
378
7
246
394
83
223
342
278
82
252
373
256
36
357
198
163
243
122
89
253
232
340
174
212
149
377
144
102
156
7
233
335
372
314
326
236
370
21
29
296
52
214
200
390
386
210
81
192
195
214
110
85
164
240
56
248
382
265
80
34
341
143
124
126
213
372
329
88
313
186
349
17
8
83
53
23
224
99
267
108
278
82
67
295
274
306
168
190
32
30
68
230
200
307
113
305
346
247
80
232
268
182
76
333
146
174
5
145
313
23
279
300
396
133
125
192
73
327
92
310
151
236
290
391
279
335
186
287
392
324
149
116
381
362
223
181
108
332
110
181
345
237
22
293
191
129
134
261
397
292
333
266
9
63
17
121
47
194
335
242
175
161
326
176
190
240
10
251
281
85
169
360
363
235
100
181
210
17
227
233
5
1
180
270
375
257
291
250
9
286
264
112
159
68
122
159
269
69
227
90
261
175
225
10
224
157
356
267
257
146
290
3
365
145
243
369
274
345
207
340
113
344
316
182
248
284
327
239
328
130
320
174
47
371
282
320
224
32
43
49
224
72
206
262
165
119
313
259
266
122
365
269
63
238
105
243
111
359
144
307
208
14
250
265
144
11
16
129
26
10
348
185
307
23
250
60
80
278
374
272
233
379
295
83
399
50
9
44
201
173
11
234
258
294
190
305
392
132
282
381
76
157
328
323
324
172
324
106
47
228
156
249
309
100
108
318
85
171
223
341
286
98
70
290
316
237
170
161
49
27
38
277
46
41
153
213
248
18
169
46
252
182
20
193
214
45
139
251
46
59
81
96
116
229
265
380
51
264
330
7
259
105
210
395
173
173
207
9
78
168
35
99
281
150
24
157
361
120
253
241
35
56
399
235
50
279
93
297
357
21
156
225
396
341
344
141
378
254
371
237
288
174
385
364
168
256
234
84
342
241
341
348
80
132
320
235
96
206
128
39
359
146
45
358
190
77
89
196
192
152
231
219
31
376
4
86
217
141
148
315
160
209
313
72
87
304
147
172
389
52
207
101
109
75
294
220
221
397
325
19
90
312
42
207
252
191
274
124
192
206
217
175
208
325
290
278
2
36
244
90
230
4
236
191
128
36
251
78
115
318
42
190
302
136
151
184
237
318
80
12
268
305
178
265
384
79
390
381
135
384
381
353
206
20
314
134
67
387
297
306
150
86
350
207
79
119
224
334
279
318
132
195
61
52
30
128
140
207
335
361
361
330
285
29
166
163
166
138
90
355
177
300
140
351
374
38
142
311
153
289
382
142
282
139
277
295
66
216
179
227
188
160
355
298
285
70
89
72
195
240
353
87
340
159
103
32
154
177
379
195
314
19
286
270
380
130
186
164
11
234
40
32
278
96
387
268
396
143
200
198
183
304
380
58
318
105
385
220
218
292
75
49
97
249
123
230
223
383
273
14
294
342
184
332
220
368
123
140
323
374
245
16
265
371
131
376
248
161
332
390
95
337
45
119
155
318
370
136
269
111
328
243
363
167
194
53
276
265
52
183
20
39
152
78
183
210
9
51
52
129
152
117
153
6
267
56
351
371
200
163
194
93
285
352
393
41
0
155
49
7
367
71
44
83
293
21
348
68
252
141
191
377
77
237
388
327
9
385
281
346
109
199
271
117
33
336
134
39
178
147
272
155
234
83
57
104
213
325
11
199
69
191
316
29
229
232
6
311
267
66
341
228
113
160
314
288
29
180
311
257
217
264
137
267
137
343
257
375
193
225
298
367
191
193
210
98
379
156
208
214
327
259
89
81
223
365
68
148
101
115
80
297
144
25
317
252
315
242
24
320
149
220
211
383
278
211
269
27
299
291
188
166
337
340
391
10
43
77
115
323
352
262
253
392
181
292
12
136
171
176
148
137
15
195
102
304
369
194
140
121
292
340
270
90
49
292
120
280
175
163
316
364
139
228
373
258
235
346
380
80
268
322
294
97
341
291
361
139
334
11
157
250
71
152
212
3
44
243
99
121
200
244
47
149
354
354
59
270
60
104
334
58
141
108
307
314
71
73
375
101
46
111
173
326
255
135
201
22
172
136
90
275
342
159
39
207
367
364
374
332
207
4
210
185
37
41
190
78
301
67
167
278
114
60
59
228
300
235
253
120
276
92
326
54
364
278
378
197
263
157
153
58
379
349
123
205
279
69
371
78
2
256
154
272
22
42
124
355
258
193
14
285
224
347
88
254
179
197
3
165
277
26
313
267
377
311
113
195
56
122
181
89
268
0
23
174
378
276
330
215
190
270
345
257
242
42
98
157
140
105
266
282
145
155
59
6
355
42
70
378
203
352
201
313
130
324
252
57
325
174
57
265
242
184
232
398
249
57
312
372
134
108
171
185
205
234
274
127
155
51
328
294
109
167
266
83
95
382
78
273
320
325
355
147
98
74
221
208
186
192
332
70
105
344
200
173
190
143
228
194
188
86
231
191
118
395
306
3
162
129
91
374
244
385
390
28
106
308
146
372
250
264
175
111
135
88
78
141
210
391
384
331
331
67
135
77
92
325
63
91
280
263
152
317
222
132
227
368
18
256
180
69
214
354
65
70
286
76
259
172
206
280
230
119
38
157
99
182
318
283
177
279
103
398
237
374
113
270
305
354
79
269
182
113
355
44
109
262
91
7
160
388
111
295
42
39
303
7
65
148
9
1
239
189
372
206
248
46
225
330
260
332
233
5
149
124
205
101
272
301
200
122
79
128
143
245
131
51
286
396
212
358
272
377
277
278
344
307
176
41
328
14
179
319
362
393
101
191
142
262
391
363
395
43
227
245
204
396
244
326
395
71
31
69
249
85
296
190
270
214
191
369
384
16
399
378
304
44
211
339
377
260
201
148
133
176
73
40
126
181
182
258
159
235
147
330
313
202
83
281
203
263
51
97
383
212
269
137
289
60
80
39
276
126
16
288
318
310
56
362
336
132
95
216
373
24
222
305
71
39
307
359
367
106
244
87
120
382
88
101
58
88
284
219
329
281
49
254
275
359
61
244
170
88
72
168
95
237
277
345
258
109
387
162
212
238
222
67
13
335
258
174
37
353
349
92
313
48
133
259
28
196
258
340
325
63
149
230
274
248
98
83
281
233
235
182
308
377
331
53
287
215
159
274
296
285
302
60
179
264
284
245
321
174
205
278
146
388
106
104
109
279
89
259
335
378
139
197
101
383
347
339
134
124
185
187
218
15
4
159
8
204
213
42
241
0
39
322
112
253
107
59
261
76
258
128
376
157
254
168
58
350
361
278
336
386
273
17
181
367
14
87
149
220
297
336
80
170
308
305
359
191
343
117
114
240
213
207
283
175
217
345
32
41
53
35
337
282
384
390
300
169
55
151
243
0
93
144
106
329
154
100
274
356
15
180
91
265
280
232
323
378
191
19
15
216
314
372
84
363
204
265
178
123
354
377
253
217
236
55
16
392
284
201
360
94
165
338
26
211
305
378
247
368
230
167
196
74
177
212
330
199
363
269
315
30
254
210
247
52
369
88
330
194
112
21
107
189
312
266
100
350
306
178
118
135
337
58
333
381
22
28
111
254
1
129
368
272
19
224
335
260
356
314
260
231
253
22
17
26
218
178
91
305
310
310
256
247
265
60
240
40
319
214
214
74
311
301
238
201
154
341
249
25
18
278
388
197
394
298
359
20
381
310
193
165
108
283
383
271
142
64
338
393
142
84
392
163
263
205
83
350
119
364
190
63
198
169
280
332
110
320
121
125
125
87
345
354
108
7
49
263
337
260
278
311
260
179
259
320
25
399
55
241
223
360
396
101
197
162
373
327
101
163
323
97
141
172
294
277
204
4
367
373
108
73
301
195
179
384
230
329
298
283
184
238
18
322
32
75
51
55
46
67
175
327
123
194
151
266
256
211
54
210
52
178
121
161
215
151
213
213
355
296
124
5
225
47
105
281
212
214
200
216
263
287
111
340
169
258
214
378
223
228
248
236
350
273
142
260
364
22
30
246
81
41
48
370
12
361
41
2
74
103
10
112
189
7
161
379
304
193
247
55
377
139
40
336
319
35
53
124
345
122
390
128
125
381
124
19
256
348
283
77
269
3
7
24
359
162
67
133
62
253
289
185
252
247
338
367
19
358
18
99
124
48
194
7
388
396
88
57
20
297
383
276
102
87
91
356
115
392
394
227
97
30
186
258
363
141
373
170
3
145
152
160
169
148
183
145
31
208
365
139
365
135
357
247
312
199
248
202
181
322
385
247
284
199
47
35
177
240
201
82
209
283
234
101
245
244
201
273
141
91
223
204
29
193
338
150
384
212
248
116
40
359
231
288
328
236
375
189
50
285
399
21
365
2
174
92
367
14
129
312
27
292
42
163
27
114
53
328
37
382
290
394
71
11
82
40
314
267
41
64
272
189
149
392
18
88
237
230
38
235
76
342
361
181
334
184
222
179
73
69
97
389
171
56
20
251
173
162
219
24
258
56
135
389
302
23
5
172
105
286
75
230
356
307
331
142
341
381
213
301
302
176
122
350
330
301
51
26
115
40
133
255
81
32
177
295
170
239
105
91
367
127
18
251
276
381
249
1
333
317
350
25
362
285
153
374
63
21
47
360
388
223
270
349
194
202
241
357
76
113
166
293
349
192
302
236
128
214
167
18
313
323
398
330
53
148
377
196
191
364
77
112
224
291
59
101
274
142
141
142
80
307
270
389
192
193
36
283
114
266
27
342
52
304
23
67
90
97
252
223
170
393
180
103
308
249
219
353
392
208
97
195
131
110
16
219
365
196
169
63
390
195
281
29
361
263
325
335
159
99
128
350
325
6
385
311
229
221
293
193
110
337
377
148
44
274
42
22
138
391
2
389
264
216
296
236
132
0
179
235
74
135
204
94
336
385
177
96
130
224
287
253
48
232
344
229
393
396
128
52
58
191
337
145
308
246
286
274
227
166
171
165
126
287
143
224
381
58
99
181
224
342
92
377
207
342
129
129
369
327
167
233
198
215
109
188
266
365
131
209
237
327
165
78
397
277
6
140
24
124
189
344
130
87
38
282
174
57
81
269
116
101
163
201
292
196
204
357
207
100
200
171
222
152
112
262
289
268
170
391
154
70
123
211
300
109
385
33
129
259
367
319
380
313
273
257
0
246
194
200
362
109
18
340
29
32
82
15
135
6
254
226
221
85
308
161
290
84
311
198
198
256
93
290
12
2
30
345
6
203
268
209
120
272
280
331
378
241
343
132
107
177
378
133
250
380
332
214
352
360
385
252
204
47
376
80
22
366
93
351
107
78
56
139
157
310
388
111
162
362
308
129
8
234
230
119
267
335
327
52
73
80
243
346
215
390
399
241
36
52
240
371
95
229
176
332
49
77
5
140
149
162
56
122
330
104
8
145
279
291
391
355
61
339
344
148
170
130
358
312
354
35
243
289
267
311
36
356
343
184
45
171
301
357
97
164
243
172
247
261
395
280
121
169
178
106
349
280
295
270
78
31
125
386
252
333
345
264
236
329
13
103
48
150
87
249
320
223
222
337
363
63
399
389
101
382
190
94
70
290
260
226
356
300
267
34
333
342
331
375
170
220
204
124
65
344
284
193
255
284
223
228
85
19
286
224
148
354
42
312
133
78
9
281
253
320
117
161
263
125
177
270
93
38
388
347
203
240
1
328
268
38
172
247
90
302
87
126
305
238
144
220
213
13
341
48
378
265
215
28
218
196
103
158
325
372
326
219
258
282
239
28
363
185
283
68
176
24
88
124
298
9
317
9
314
100
241
210
340
147
20
269
306
68
139
185
342
69
375
77
48
16
358
160
217
323
83
84
156
277
128
309
3
288
393
336
305
60
328
303
77
107
44
219
389
185
138
299
345
361
258
177
27
234
101
316
37
164
316
246
293
62
159
376
279
389
122
136
322
371
230
310
365
98
69
114
289
102
17
17
239
212
120
60
7
199
66
195
344
392
24
270
144
283
11
128
378
214
321
389
301
332
52
24
266
74
250
260
270
358
21
178
170
200
289
109
216
5
174
171
41
133
208
149
133
363
155
107
298
137
348
157
267
377
310
331
285
59
8
136
322
259
342
162
315
190
89
396
239
83
9
255
373
150
227
328
23
65
287
154
91
38
377
372
268
70
155
40
17
147
215
351
82
175
60
247
201
297
156
358
167
335
323
239
213
337
118
68
222
326
399
322
293
349
297
185
169
270
245
50
103
353
116
364
112
154
42
117
230
284
295
396
74
10
360
15
122
297
89
143
151
77
94
185
249
51
216
48
148
94
1
308
117
217
274
15
249
318
259
325
177
380
149
274
1
198
342
205
54
288
237
82
251
58
268
397
99
27
233
278
217
315
289
23
332
137
395
92
317
62
297
90
130
253
31
58
69
81
121
68
155
355
310
43
35
300
45
166
49
69
380
312
328
220
314
76
211
33
115
332
59
346
80
168
0
258
200
59
178
27
252
77
193
111
371
15
39
234
84
112
143
141
393
124
81
125
144
25
312
243
30
94
368
76
377
323
44
125
215
305
108
44
18
164
241
114
305
352
186
123
195
211
161
76
265
5
2
328
139
22
95
40
260
162
290
248
61
158
28
233
216
384
378
256
46
79
280
12
41
38
12
375
32
203
289
241
243
163
158
316
390
35
110
243
144
96
124
66
202
211
314
61
397
141
154
383
24
26
86
140
318
354
327
339
71
118
2
364
54
192
193
28
356
262
291
339
228
186
293
299
170
349
182
398
25
79
208
292
344
325
64
101
317
384
45
20
123
43
66
100
367
334
0
11
214
53
179
299
283
120
135
321
55
179
241
353
173
343
183
120
179
305
315
316
354
269
142
236
258
214
161
114
354
135
9
329
350
162
288
262
90
305
51
241
128
246
394
284
162
180
336
236
315
62
311
5
297
42
161
89
129
226
76
327
169
141
181
292
246
124
352
387
33
207
278
366
194
123
106
385
15
104
386
241
378
128
298
325
242
261
399
267
39
208
288
121
89
118
341
146
241
240
337
82
242
315
1
2
43
151
315
336
60
186
143
221
59
351
319
326
202
270
32
120
23
61
68
314
393
143
76
223
186
85
333
390
98
295
200
64
330
255
197
56
187
172
352
389
155
25
59
172
131
270
110
365
202
275
275
185
330
309
170
261
145
213
250
210
21
125
277
15
123
30
91
337
330
172
361
83
267
42
214
124
381
390
134
229
249
354
212
152
169
332
144
359
241
66
372
387
73
207
311
363
208
5
8
195
29
179
224
171
232
75
353
399
258
198
318
204
343
77
150
48
157
41
312
76
240
102
182
146
330
363
229
197
302
369
155
288
291
228
290
197
92
202
269
197
383
196
215
276
8
198
208
150
322
104
212
306
11
320
216
290
240
64
394
355
188
35
148
293
118
319
216
64
25
98
281
342
274
198
118
286
353
233
35
249
266
69
342
87
301
214
84
160
283
169
374
11
200
260
360
213
96
248
370
115
130
211
373
340
225
186
320
167
389
51
172
37
348
205
289
215
384
155
108
260
299
253
181
339
373
348
351
119
344
176
317
390
351
273
88
389
273
8
166
87
11
173
198
208
270
326
170
139
65
355
236
368
371
193
9
282
82
35
54
355
51
127
263
364
355
54
129
33
399
118
287
212
238
54
346
276
210
173
326
190
33
386
131
284
52
42
367
43
375
303
72
99
47
295
377
33
2
139
75
168
78
90
325
192
104
24
220
321
60
334
148
186
249
294
69
88
308
212
192
105
116
353
78
254
25
95
32
351
397
220
281
130
362
318
233
149
262
345
59
43
17
41
263
323
343
36
311
279
387
213
255
277
291
179
129
182
165
115
338
38
194
183
284
68
58
94
376
134
73
78
282
382
178
307
85
107
357
342
209
57
243
143
394
120
173
71
102
39
266
92
335
51
91
278
111
246
21
316
56
175
53
349
270
247
95
339
101
202
380
396
374
175
396
287
59
19
343
43
95
249
349
284
197
293
84
31
220
376
244
276
190
321
25
2
7
86
181
391
37
288
380
360
64
117
16
233
110
265
129
342
188
295
372
388
395
383
245
239
210
239
178
12
378
110
71
124
247
164
299
105
206
364
352
71
200
146
164
357
263
76
19
242
213
112
331
180
194
133
356
49
229
80
376
36
132
13
86
296
235
50
381
20
269
111
303
371
373
114
383
359
346
172
337
198
289
34
258
101
46
53
3
224
366
19
275
30
205
308
117
83
49
48
205
57
297
34
363
148
282
290
105
128
244
208
245
249
337
86
236
214
374
50
81
321
259
347
46
349
343
292
72
365
46
316
317
65
169
2
3
259
300
367
180
191
113
362
219
20
176
81
382
355
248
175
279
172
291
0
373
187
48
5
358
235
344
5
65
87
380
177
191
70
319
144
19
203
176
179
131
182
237
91
241
366
192
14
390
358
128
259
247
123
313
106
238
46
344
14
226
312
287
60
371
248
225
398
36
141
9
320
160
390
343
126
374
85
175
57
42
118
113
125
170
173
324
55
143
212
257
136
312
107
64
364
92
243
20
26
195
340
268
26
345
133
128
213
397
159
80
22
16
37
373
177
156
322
261
165
372
195
197
88
297
180
358
169
306
340
197
347
75
307
21
66
199
77
359
296
70
29
253
9
227
198
348
232
303
265
352
107
95
291
147
256
307
306
260
362
368
161
140
318
48
144
364
376
192
350
370
320
377
161
63
224
390
236
347
370
23
335
211
186
374
263
93
178
34
250
146
377
285
27
69
165
98
197
310
108
171
77
61
366
284
232
265
173
228
205
172
129
194
200
270
123
25
199
292
221
185
17
233
108
149
279
290
126
59
111
361
366
93
290
188
9
292
217
182
186
363
95
355
301
317
261
299
138
372
200
194
388
344
175
5
188
21
1
296
49
51
71
171
41
254
166
35
343
160
4
2
351
231
79
231
384
211
112
256
36
74
398
93
335
216
328
355
311
2
125
18
50
74
239
277
176
89
357
380
78
12
211
247
81
258
183
41
247
211
275
199
117
154
25
215
28
232
50
132
58
259
44
12
71
8
48
155
223
21
106
211
113
359
4
6
221
263
321
113
358
249
32
227
268
67
179
248
393
80
54
288
327
129
166
258
138
391
302
346
303
271
391
25
391
125
192
281
201
321
258
373
297
372
377
201
358
388
13
304
263
1
71
371
295
181
298
343
209
75
241
3
302
240
160
243
185
348
323
129
200
225
240
209
231
390
393
348
165
254
65
287
279
385
210
337
141
171
183
10
298
182
235
391
391
390
144
209
377
191
368
350
387
315
157
141
335
39
342
58
71
314
330
90
105
140
184
366
370
90
36
137
273
257
10
293
373
60
208
384
369
165
215
95
37
343
293
114
318
291
262
99
45
204
106
157
226
262
259
51
137
21
102
301
70
359
252
115
62
319
33
197
225
69
190
356
165
278
392
66
338
142
74
75
341
109
133
282
368
345
16
370
151
285
251
226
351
247
379
92
193
175
111
224
13
164
221
30
6
46
261
73
112
37
176
109
141
301
161
246
218
310
303
203
360
219
319
326
46
357
365
5
321
24
315
21
291
249
258
343
373
53
257
178
149
383
68
69
143
53
126
302
155
285
261
306
195
11
138
54
27
102
240
366
279
311
237
237
307
82
134
173
71
65
8
196
47
186
227
256
75
316
33
356
254
304
221
3
335
139
372
199
163
164
368
42
145
194
31
348
86
240
305
216
335
27
231
215
333
181
71
275
3
171
371
65
158
290
204
98
70
135
45
246
346
336
287
291
46
182
304
39
307
256
207
92
123
309
355
15
67
144
164
360
264
398
365
77
54
12
392
192
54
34
54
356
287
56
60
143
232
357
387
268
40
235
303
110
251
134
170
313
395
328
349
72
331
62
251
209
37
230
182
224
376
19
75
330
304
193
163
361
101
171
294
177
150
78
397
378
155
100
356
21
166
298
248
136
390
153
102
188
363
21
395
160
322
339
39
159
139
90
39
365
287
225
154
130
193
185
102
350
76
323
200
108
189
240
197
378
212
161
257
313
109
265
24
336
90
130
154
313
341
356
62
56
106
329
274
11
352
314
374
268
370
273
268
23
87
348
273
65
394
160
282
173
397
97
60
203
284
258
44
44
18
329
156
302
204
227
148
188
384
33
132
118
342
322
147
338
150
377
49
289
115
344
82
17
237
7
136
109
54
77
193
375
319
328
357
39
397
302
309
288
83
116
255
203
27
284
318
162
185
176
328
56
13
93
22
101
377
75
126
189
339
318
45
41
259
15
55
334
296
276
73
25
272
230
119
34
292
195
167
342
296
80
54
282
215
55
5
275
329
336
381
34
177
309
388
288
282
297
366
11
250
226
212
386
38
216
247
197
301
181
324
204
15
366
169
74
129
303
84
53
270
307
199
247
270
305
120
147
14
186
246
104
229
165
36
347
223
79
52
340
320
385
217
264
75
43
137
217
179
89
205
18
64
124
295
31
170
331
299
232
20
270
242
135
176
60
44
86
138
160
296
113
46
249
361
242
239
286
198
267
148
189
68
147
391
17
352
55
301
93
331
162
65
354
325
273
170
314
265
245
370
244
198
260
71
298
111
4
369
245
148
68
150
362
189
186
375
200
250
263
172
367
360
216
62
136
167
160
346
121
187
140
289
191
138
138
358
316
371
63
27
334
297
159
46
296
337
61
255
199
338
46
142
145
147
320
241
341
130
293
253
185
310
209
339
96
398
320
38
162
131
157
307
235
262
87
372
176
267
318
115
58
272
93
383
332
356
256
278
158
171
335
317
176
163
30
104
310
221
126
119
188
208
143
388
27
374
48
35
220
10
30
225
12
309
312
47
256
288
233
393
293
125
98
338
376
286
114
307
93
306
259
86
173
23
25
245
308
310
174
284
92
240
39
8
53
298
76
283
219
178
364
208
372
91
97
174
111
394
306
46
248
15
303
131
176
294
268
150
27
119
296
258
301
105
246
369
206
346
123
232
37
141
212
151
278
33
237
372
111
124
67
206
214
101
300
124
60
367
82
180
39
159
179
70
144
218
143
157
324
4
201
369
387
41
358
304
98
331
36
399
274
353
186
58
189
375
386
63
209
255
310
393
354
78
205
38
28
246
236
212
56
49
127
167
292
377
257
322
382
118
195
366
69
344
315
253
285
337
151
84
6
152
290
355
273
364
173
180
216
177
321
88
229
113
210
309
223
271
334
159
293
259
321
96
139
107
41
204
320
392
379
160
131
315
158
289
140
35
74
397
313
368
225
195
158
306
168
33
148
350
297
44
233
123
194
359
1
362
142
236
197
239
79
288
90
117
307
157
333
223
67
386
119
202
330
217
166
145
355
395
350
258
149
101
361
132
80
323
17
104
190
322
390
292
224
151
365
292
170
208
259
268
377
286
114
141
286
117
278
32
32
74
10
65
106
210
178
394
228
324
28
189
260
137
235
381
208
368
38
271
147
100
118
85
315
47
54
347
217
333
175
314
200
120
246
132
140
254
105
219
207
149
384
338
375
237
27
290
28
53
202
322
133
336
142
51
204
318
340
126
81
103
219
113
122
26
323
231
156
94
389
335
187
44
81
64
357
183
255
333
332
220
108
255
58
395
397
69
183
133
363
259
32
318
207
182
171
340
177
99
310
12
279
297
7
123
95
33
158
351
119
368
19
180
333
181
228
228
106
70
119
236
299
96
8
5
371
346
253
43
118
327
234
315
0
276
314
366
14
302
19
168
188
313
64
284
332
149
103
378
204
222
208
308
285
161
275
43
159
137
301
216
159
105
160
253
245
321
310
219
358
191
204
99
393
287
150
42
358
182
283
123
0
17
214
199
264
80
398
185
39
247
147
283
188
364
224
208
126
182
84
119
24
116
267
349
232
161
125
285
172
294
85
203
212
344
67
268
292
120
382
19
92
203
62
13
334
46
332
96
58
385
76
139
268
61
360
94
223
329
275
252
235
345
389
278
149
43
265
43
56
92
197
43
129
131
175
256
6
316
50
289
306
334
156
217
141
205
139
329
332
76
355
24
251
152
17
281
250
100
56
234
380
357
243
205
384
33
280
201
14
357
257
214
77
291
10
276
118
54
103
82
349
348
246
120
291
114
369
50
246
167
73
336
117
323
21
50
276
271
375
287
215
330
220
205
389
221
44
226
192
84
127
349
13
104
192
7
203
291
373
171
123
343
95
100
362
43
71
122
43
317
45
394
53
169
391
169
182
350
15
297
215
387
258
143
104
280
145
345
243
112
34
213
285
300
214
66
319
96
377
377
363
219
365
10
372
196
342
173
55
373
202
286
21
74
205
281
394
279
16
303
56
4
104
23
365
189
299
117
2
95
12
187
274
112
71
342
237
136
260
269
103
284
344
134
196
53
279
163
207
213
238
122
18
21
35
199
175
291
390
345
3
361
319
300
81
89
77
101
353
229
287
321
283
246
55
86
261
292
108
145
88
21
178
326
105
11
62
103
356
248
11
236
216
99
299
12
102
55
367
166
107
374
43
138
219
295
370
143
221
248
44
176
330
127
330
209
163
135
189
334
260
96
372
238
215
345
114
374
296
362
153
96
17
185
105
50
104
268
161
173
116
161
298
252
116
331
318
96
266
108
267
364
267
391
217
308
12
91
294
276
300
36
273
2
302
152
347
31
345
67
307
300
107
339
79
6
389
198
287
97
129
12
57
55
31
320
148
353
388
285
351
33
180
115
249
199
386
389
330
272
58
358
52
329
293
110
270
267
263
362
112
277
48
330
271
53
195
136
30
128
250
67
251
92
302
64
112
263
355
242
283
177
151
14
308
116
274
265
389
242
191
167
266
4
132
212
62
70
140
237
244
323
162
149
6
191
374
30
380
185
364
183
305
299
349
209
35
221
73
383
7
169
123
230
121
330
1
352
227
319
274
196
312
153
29
7
321
351
41
255
62
346
318
12
14
390
314
143
271
209
12
197
397
2
245
196
349
250
340
399
304
115
276
124
214
124
310
4
105
382
291
322
221
358
56
159
91
26
100
355
121
282
246
113
174
14
100
143
115
56
333
120
216
184
148
56
83
10
23
135
350
41
341
324
104
116
196
151
78
392
352
22
259
142
85
383
146
17
184
126
192
351
319
109
165
375
102
119
264
372
128
362
390
108
348
72
75
113
2
295
332
53
93
315
234
197
88
179
149
226
5
28
254
229
163
398
293
10
171
73
302
110
111
286
80
206
199
68
227
194
10
107
309
232
136
74
333
154
357
202
250
313
20
232
256
392
357
287
391
274
203
310
281
219
9
317
137
365
346
330
267
241
364
309
173
38
272
178
329
277
58
112
205
189
140
334
323
2
113
338
246
166
129
295
41
199
154
142
169
180
236
36
139
203
67
27
220
36
161
219
281
23
318
116
119
72
139
367
61
185
141
224
337
383
47
102
64
112
34
294
395
18
392
128
355
275
29
37
357
313
93
177
115
366
337
260
198
151
309
19
178
30
124
172
170
323
117
127
271
151
318
301
174
94
91
263
277
121
82
19
225
222
87
3
250
277
44
202
132
338
244
235
133
200
47
89
143
86
166
82
3
45
34
178
151
10
371
312
256
152
305
222
229
40
286
398
195
61
48
35
109
358
25
361
263
107
42
265
273
226
198
327
344
358
369
182
384
199
281
29
5
102
249
379
82
198
17
352
199
126
350
350
52
368
363
168
82
373
324
359
236
276
324
24
94
390
212
344
196
272
46
24
196
153
120
221
149
354
20
310
276
112
391
85
106
48
210
79
71
294
334
75
14
67
229
264
366
385
257
327
76
296
95
298
176
343
40
346
156
357
156
47
233
26
106
346
198
52
88
305
137
84
177
242
96
327
67
141
382
367
349
19
28
128
209
155
275
357
288
139
356
150
184
124
136
158
68
73
59
255
40
144
191
280
159
251
66
141
155
14
242
197
143
371
353
253
354
142
161
193
62
238
315
86
343
282
121
214
244
204
365
58
71
76
241
27
122
20
29
216
319
234
355
155
172
230
382
290
78
161
173
230
140
249
262
227
256
57
379
277
154
19
27
8
125
168
194
252
238
156
239
61
56
285
204
287
70
5
131
318
198
337
104
351
98
286
324
365
121
182
200
331
170
206
171
383
121
222
194
20
350
217
220
180
232
280
168
126
231
398
303
343
72
273
206
108
342
98
184
294
245
289
297
96
208
389
16
191
103
132
305
12
12
356
229
269
240
150
297
168
347
70
40
23
321
129
268
345
196
238
215
191
334
179
131
387
264
390
70
51
206
184
141
221
107
345
21
363
62
282
117
359
308
358
33
43
116
151
144
115
192
330
376
9
134
349
71
219
22
76
29
228
243
302
324
79
83
181
241
98
27
217
299
182
182
256
158
173
287
234
307
292
188
89
37
92
222
288
363
246
301
395
399
89
34
339
247
136
177
167
372
312
392
297
94
264
93
46
112
59
201
57
312
322
161
306
9
303
250
365
186
265
394
19
73
239
270
84
65
125
94
190
236
88
99
137
278
384
257
298
243
93
368
36
212
72
126
187
378
92
162
263
266
36
13
381
278
304
175
57
113
151
324
252
318
228
0
66
276
361
235
89
23
202
355
333
395
147
80
299
392
258
150
30
267
80
350
229
201
206
150
272
251
81
389
64
255
270
349
29
154
0
30
6
279
350
321
62
115
392
303
9
166
28
368
213
49
40
187
145
197
138
218
80
138
49
171
358
86
90
315
63
118
243
368
274
18
78
103
104
338
338
289
8
0
339
24
266
314
176
209
136
150
202
324
321
281
251
309
255
283
193
395
267
89
0
222
257
23
240
1
30
281
3
177
50
240
102
87
131
266
122
300
271
78
379
328
375
1
194
61
65
162
297
221
252
50
223
300
375
9
101
219
230
227
130
138
184
55
71
280
64
369
321
21
29
233
334
229
384
132
108
305
276
13
288
283
83
208
275
197
43
280
362
336
148
170
239
355
280
242
378
95
369
125
152
127
161
164
293
207
43
206
120
296
321
56
361
134
16
172
225
240
302
332
389
285
58
42
37
369
142
119
299
224
317
297
294
281
230
165
146
26
47
244
257
42
256
262
116
40
219
43
255
242
214
73
181
235
228
73
331
158
142
304
251
29
351
382
273
290
233
147
316
358
205
66
16
35
127
246
237
293
195
166
243
217
58
36
122
395
382
40
250
194
72
348
333
361
360
5
53
310
285
284
93
294
109
384
157
77
72
306
26
399
198
321
33
381
332
48
101
380
388
11
395
318
75
190
104
364
322
87
328
23
151
372
350
379
353
352
105
298
265
50
202
384
85
126
52
251
33
21
172
228
55
332
324
386
18
346
269
333
272
227
136
70
207
304
144
238
162
288
122
130
266
382
54
61
86
235
246
181
155
341
290
46
274
95
63
57
42
309
110
314
257
370
143
386
229
29
284
286
187
129
275
85
357
377
99
322
83
303
317
261
26
316
84
257
347
48
281
271
97
371
51
233
289
80
276
138
68
40
330
34
263
172
227
276
262
319
131
337
44
335
25
71
13
171
20
92
255
186
271
119
381
324
276
376
258
49
225
86
169
158
174
348
370
300
365
397
395
334
343
300
325
374
133
131
280
247
301
74
360
223
90
288
351
96
63
176
335
76
118
187
315
192
304
205
105
289
84
296
293
206
180
42
345
303
286
310
176
195
360
173
156
10
50
45
388
231
134
175
324
92
227
329
149
46
87
302
101
398
157
271
297
389
123
346
346
164
96
338
174
74
314
256
166
389
7
286
398
30
111
213
143
66
51
349
259
157
152
90
256
122
273
375
122
157
237
253
377
151
339
51
128
146
399
167
329
111
309
54
154
368
127
279
241
77
30
261
56
316
270
243
149
343
32
174
132
256
138
273
196
166
111
227
242
194
296
34
385
82
277
262
311
374
297
167
374
90
64
248
15
168
82
118
308
115
232
394
308
93
260
253
174
12
106
183
116
67
115
296
100
310
138
277
118
227
387
250
348
229
255
231
62
211
362
97
392
237
255
356
340
392
89
273
6
116
360
132
25
31
302
318
51
357
206
382
16
253
130
260
22
223
5
316
50
8
369
283
201
75
370
35
294
358
212
242
67
264
66
298
318
370
301
327
189
285
334
377
371
188
83
52
72
237
392
207
241
78
338
259
163
136
143
376
293
91
18
226
335
275
379
295
168
348
360
355
130
90
40
337
259
238
380
210
131
5
271
92
61
269
233
32
267
344
326
143
347
48
307
227
387
84
334
65
171
305
62
73
179
214
154
356
301
123
34
345
206
188
80
50
243
3
92
95
115
99
308
297
216
212
364
32
298
45
323
381
260
236
344
332
385
252
281
192
157
115
263
209
110
201
238
351
279
151
342
305
165
255
298
228
260
157
62
51
37
339
166
36
108
284
25
7
81
86
3
291
358
144
339
260
248
50
26
102
149
254
365
103
186
137
194
325
155
188
56
145
165
259
5
106
40
297
350
6
31
275
93
224
236
348
40
143
255
195
292
276
93
164
351
83
380
267
150
127
297
290
167
362
67
299
5
41
111
330
153
259
222
295
135
283
315
50
231
204
192
57
322
309
208
319
63
225
273
28
82
173
399
262
120
384
132
8
386
103
36
389
10
291
195
65
299
353
325
319
138
244
309
255
64
113
38
367
183
386
47
210
27
65
101
16
186
91
384
99
275
159
4
383
213
55
49
37
60
150
16
72
85
276
66
320
191
104
319
217
372
64
387
118
160
243
355
262
276
328
181
376
34
395
329
47
244
262
268
40
84
58
147
315
125
220
235
283
109
281
63
304
307
119
87
89
87
256
295
381
212
385
77
174
132
358
79
370
387
203
188
44
152
245
369
167
62
244
207
85
189
91
353
120
367
346
26
390
394
270
312
110
103
139
362
358
81
55
359
346
241
63
239
301
61
329
4
191
353
320
231
354
261
171
311
135
105
106
184
378
21
283
310
197
103
85
271
114
292
57
156
287
357
129
185
360
305
122
217
31
154
140
313
325
229
358
82
353
251
382
133
302
310
82
233
210
9
324
87
341
234
75
39
116
70
338
148
304
83
323
80
79
264
357
291
370
248
102
347
218
105
20
222
312
113
28
169
53
134
231
186
338
327
275
209
122
284
385
325
371
205
353
142
235
67
117
157
207
361
21
296
78
67
194
136
194
350
68
158
97
29
82
227
381
377
264
348
361
21
68
334
371
206
65
30
381
37
163
47
283
265
80
85
340
252
235
148
241
205
227
312
134
90
249
178
220
301
267
126
44
340
246
4
316
98
389
357
241
391
272
8
137
130
66
170
88
61
286
300
347
51
169
38
311
291
370
189
217
27
30
65
350
22
346
292
70
203
18
113
199
173
133
288
249
340
76
238
52
18
349
55
341
285
71
267
279
20
57
110
79
351
93
131
184
101
135
153
6
144
128
53
228
129
133
325
196
343
197
51
75
244
26
83
344
382
41
319
299
168
4
8
284
155
133
200
392
74
237
387
74
297
48
272
313
82
15
126
366
273
16
45
349
39
171
158
257
281
256
347
32
82
145
167
168
356
210
320
105
344
44
185
31
45
379
267
200
203
232
244
383
212
308
132
292
319
103
140
162
103
242
375
320
17
301
222
88
89
258
219
167
50
332
84
107
317
270
131
334
393
275
284
10
115
348
178
126
319
328
205
330
154
195
32
9
170
85
228
272
240
220
363
177
277
31
351
352
103
88
156
297
93
16
54
73
286
70
120
194
303
220
77
214
382
146
397
154
284
303
79
141
135
339
16
0
399
50
109
233
199
24
338
377
1
13
15
10
104
110
254
290
31
179
180
282
15
62
116
59
6
166
166
80
300
16
106
126
172
315
191
127
363
239
304
200
211
134
19
394
255
335
182
157
164
184
233
78
271
66
65
386
375
165
381
115
279
356
170
154
35
255
116
184
74
61
263
79
146
215
302
317
323
171
293
272
219
204
228
360
306
357
100
322
39
231
373
163
96
384
343
109
117
218
373
265
214
55
329
323
239
66
394
280
308
389
231
89
79
397
153
140
302
88
317
259
110
122
263
242
88
236
324
184
196
216
335
393
79
77
373
175
90
343
331
123
131
215
124
368
340
363
31
362
37
154
43
221
244
394
22
240
81
3
16
360
193
93
135
360
140
243
296
120
67
200
87
320
335
329
145
123
172
39
188
278
21
343
146
302
290
153
176
346
13
253
48
161
159
281
271
336
331
25
9
305
162
2
118
292
43
63
210
332
292
13
386
22
374
263
67
307
13
195
44
372
271
215
230
264
145
10
382
53
237
203
1
261
93
96
113
187
340
234
7
81
202
56
91
289
373
189
322
61
338
211
250
276
255
267
191
151
40
228
66
160
394
90
60
13
44
381
245
225
97
371
165
283
117
303
59
349
24
112
396
114
90
373
13
272
361
338
261
28
207
137
329
290
149
72
127
272
398
1
242
344
139
277
297
66
289
305
124
102
91
0
68
93
210
60
164
82
221
24
157
16
184
233
399
380
111
392
260
378
203
31
334
192
44
199
215
252
395
396
220
375
296
399
365
388
162
382
394
41
190
23
375
239
2
208
328
155
287
81
16
356
118
136
248
197
256
351
76
171
277
213
38
336
306
160
8
163
343
95
137
224
146
232
196
177
2
211
371
270
223
378
365
277
99
174
286
12
375
337
207
138
312
315
211
314
191
386
398
275
255
233
376
274
138
25
139
65
46
101
153
307
286
98
228
168
237
138
271
124
182
119
385
28
161
188
163
117
361
193
196
1
314
1
320
266
42
121
251
399
296
150
258
80
357
343
166
232
48
30
215
139
106
3
48
64
378
169
36
169
218
46
33
336
61
198
290
69
372
272
224
150
232
254
232
333
181
361
232
348
145
0
390
238
138
218
190
107
278
102
185
14
210
266
349
312
135
224
386
59
2
265
335
146
0
394
80
117
310
136
120
29
116
6
180
349
278
219
229
247
62
116
354
321
323
1
185
255
252
119
