312
135
224
125
371
43
373
175
146
162
394
313
19
58
231
99
343
211
6
69
90
52
188
279
247
62
116
261
375
49
243
143
333
252
152
36
277
382
30
71
245
110
367
297
228
333
228
6
31
103
285
387
299
208
232
208
290
20
89
228
46
196
132
51
302
46
186
10
60
104
2
252
301
373
230
11
339
193
152
107
289
140
316
83
136
68
188
127
122
51
350
7
101
338
18
92
12
378
326
93
56
346
98
236
86
248
188
17
286
181
171
383
265
226
317
360
304
305
12
283
36
356
13
134
326
362
114
7
102
5
61
307
91
188
137
321
220
398
181
391
187
253
49
231
144
65
16
201
213
362
373
397
133
227
86
315
398
256
69
59
146
92
54
359
139
105
34
275
238
153
354
49
114
151
62
215
367
237
385
152
42
106
269
180
347
27
373
68
48
34
372
255
97
378
20
395
233
288
219
22
285
201
210
229
289
41
246
399
41
130
202
94
274
356
26
367
282
288
203
273
86
348
14
274
87
350
2
184
222
352
261
240
95
194
22
59
204
185
83
142
223
120
371
40
174
237
396
311
380
41
66
2
362
350
24
370
77
46
264
161
319
247
27
108
358
393
142
101
251
308
240
44
29
322
269
379
11
254
381
357
361
72
9
129
369
169
342
4
199
18
353
343
181
34
376
29
49
38
213
146
24
352
317
25
223
247
192
396
357
338
167
49
169
107
286
89
168
41
78
331
125
114
19
332
350
277
111
336
275
353
77
164
45
52
189
358
352
201
55
64
177
55
94
288
247
65
60
137
132
80
255
281
268
243
310
267
254
97
386
313
331
346
259
223
130
43
243
93
111
287
207
12
316
156
112
351
251
42
249
224
186
139
103
359
369
166
47
142
270
34
220
197
325
81
166
206
349
251
53
127
350
152
116
391
116
163
364
284
280
79
82
219
181
203
329
61
38
298
15
139
239
154
332
331
105
327
244
149
264
51
14
318
83
258
153
31
164
309
224
346
164
373
198
199
27
375
50
0
80
15
378
12
226
252
92
298
311
322
75
213
187
37
82
68
87
283
331
341
59
11
298
357
246
327
103
118
55
134
64
12
287
118
204
376
225
260
7
126
187
142
258
373
58
223
189
45
275
255
127
70
245
267
149
71
71
302
378
353
42
45
1
104
171
302
197
273
399
253
207
325
104
151
284
86
69
128
5
193
194
37
118
67
169
242
15
395
221
32
268
380
389
84
1
206
285
2
395
383
281
333
218
283
306
230
288
333
166
376
252
288
71
89
295
122
208
153
194
232
233
77
326
223
123
331
74
215
74
15
7
395
163
243
342
223
56
176
340
112
254
56
221
193
362
6
329
38
300
308
234
118
273
35
188
37
91
325
219
308
254
351
355
59
16
147
130
200
49
108
105
179
229
133
205
304
230
283
341
376
153
132
84
380
365
50
167
389
41
369
216
291
152
269
52
170
148
187
346
193
278
13
90
38
240
59
53
243
59
139
291
104
72
78
137
36
293
74
156
220
53
309
189
152
13
273
225
318
371
321
19
388
142
60
256
183
356
365
121
155
34
261
349
283
301
201
248
396
257
272
259
253
52
242
199
26
213
377
109
349
61
296
109
291
399
295
98
17
365
23
359
17
218
48
350
199
293
50
243
5
14
188
262
140
73
152
6
360
287
313
69
34
107
139
35
81
301
273
242
174
112
83
134
219
160
171
273
315
353
280
327
195
52
396
339
365
365
334
14
199
76
264
123
321
19
141
351
104
252
286
285
334
369
145
183
189
291
284
210
146
29
302
112
284
300
115
5
344
316
51
80
271
17
388
40
7
340
135
205
18
28
381
114
187
102
236
283
379
138
352
329
120
27
269
163
26
69
33
88
31
167
235
61
100
285
130
376
280
146
84
328
63
198
329
30
146
151
40
51
237
387
379
390
12
120
374
398
306
388
162
33
199
174
46
285
150
162
390
347
118
208
332
250
58
38
382
266
306
28
79
58
205
255
160
282
289
225
209
79
324
287
103
140
71
375
274
126
208
165
385
145
103
211
382
225
304
376
188
395
154
221
159
263
98
42
180
39
336
245
190
43
90
304
111
88
27
361
186
68
335
399
202
221
37
385
302
157
169
399
209
339
379
51
188
151
101
205
101
81
130
77
79
127
8
9
265
212
223
333
209
156
190
9
156
387
109
161
221
245
160
308
355
374
396
112
269
276
170
93
383
367
16
311
136
318
283
2
378
173
376
248
331
238
273
275
245
226
282
280
233
231
57
365
94
397
204
65
323
334
280
278
178
213
153
337
89
359
160
28
244
188
255
33
82
37
267
74
125
121
346
230
178
143
229
291
391
389
287
66
189
87
305
77
306
199
311
135
133
2
227
228
127
212
11
193
33
349
359
278
333
41
180
230
115
301
61
31
84
52
337
61
68
374
370
192
213
328
192
75
75
273
325
156
83
283
17
171
11
254
147
37
77
211
346
386
201
9
319
153
356
23
308
323
225
132
138
212
54
140
295
256
164
154
62
373
192
74
142
147
187
159
135
89
389
172
199
140
162
9
160
261
115
229
240
315
277
373
258
384
369
40
162
177
340
298
387
174
281
282
290
362
97
132
256
298
79
351
75
25
71
30
226
203
287
34
77
125
10
57
146
222
212
40
190
103
93
208
48
67
236
1
224
352
135
309
192
201
301
279
132
234
347
305
103
133
233
366
356
102
209
64
204
158
306
364
362
13
239
6
65
43
2
170
14
219
125
307
135
213
382
111
52
229
257
138
25
1
264
335
255
107
316
386
193
69
118
283
102
341
350
198
319
279
201
252
172
304
351
131
31
69
76
160
27
317
294
202
48
69
370
240
38
98
191
288
24
253
194
350
331
359
306
111
181
285
26
128
383
72
232
352
164
248
79
340
160
366
64
316
106
316
169
346
53
193
143
254
29
365
27
127
238
243
57
389
363
136
276
113
135
345
215
372
188
373
387
83
372
215
389
229
297
389
344
303
48
45
55
113
10
232
267
307
247
358
45
246
121
163
116
377
263
120
134
123
12
287
308
84
362
249
158
19
58
361
347
85
216
131
213
37
86
305
53
111
326
8
5
140
66
331
244
169
71
244
319
94
164
186
3
10
398
295
393
199
373
340
326
338
199
140
393
381
226
37
102
370
352
27
291
72
345
158
140
245
366
62
368
19
258
342
338
134
234
354
248
206
327
347
311
74
337
324
41
339
103
101
359
323
176
299
378
258
371
257
47
264
389
225
112
197
22
284
147
336
241
14
101
130
7
337
202
379
12
138
51
85
129
167
83
132
330
257
5
69
18
233
58
194
204
11
8
363
14
129
41
110
33
282
250
130
187
363
341
167
330
97
51
219
156
316
79
163
281
259
99
393
19
115
54
283
151
196
89
195
291
243
281
130
43
86
232
389
312
182
75
38
146
380
140
156
255
207
33
146
14
97
92
136
106
353
394
301
109
2
383
170
71
202
183
194
157
370
152
301
339
230
286
397
229
122
102
56
181
101
348
277
206
292
201
68
218
96
282
136
153
215
134
354
247
193
41
349
366
84
75
12
220
286
345
165
314
124
18
156
334
84
276
220
296
301
147
369
306
69
56
130
7
183
334
165
249
225
54
38
103
338
165
26
96
99
249
224
60
66
106
391
189
365
87
143
357
80
61
228
108
362
98
380
39
206
271
17
54
147
317
336
218
304
303
20
42
227
23
246
94
317
299
250
16
6
54
202
216
97
34
81
55
221
263
268
202
12
116
307
178
350
158
7
380
220
27
144
153
243
356
259
48
70
339
298
64
341
392
398
96
58
37
240
68
229
215
177
373
153
222
230
315
258
180
325
126
110
140
213
212
330
279
368
160
10
176
150
23
192
140
234
127
30
164
307
202
355
322
165
385
94
177
89
16
369
17
98
83
70
127
177
69
93
346
14
9
348
42
69
339
386
56
1
37
39
301
110
371
141
242
59
379
295
4
265
348
303
61
201
95
98
371
70
257
15
176
145
299
192
105
208
295
268
351
219
202
247
393
354
359
209
85
68
142
214
25
294
321
334
105
225
7
290
217
68
254
368
286
333
209
273
92
75
373
277
347
149
365
267
18
127
38
379
359
348
116
396
251
339
183
318
157
97
350
128
4
264
363
197
56
163
80
172
176
393
103
359
334
204
199
167
146
147
217
141
116
128
291
106
38
59
105
52
385
351
153
144
273
323
286
186
76
363
322
162
74
254
203
149
192
383
190
69
242
276
133
160
108
149
40
5
215
229
180
328
322
206
61
307
391
118
147
180
46
399
256
266
396
302
93
238
158
367
379
342
163
27
148
230
215
101
261
107
291
303
104
246
59
247
147
344
31
129
118
345
25
159
145
25
212
26
79
164
53
97
317
133
347
0
305
234
205
68
34
351
342
342
8
57
76
3
174
258
155
55
324
261
155
354
116
130
220
65
292
42
193
120
395
399
116
373
55
33
146
344
140
55
301
379
37
257
153
217
0
359
269
393
159
295
267
364
277
282
106
180
229
353
131
263
41
354
210
197
52
399
227
362
33
0
227
187
178
49
147
41
234
99
51
379
236
69
107
145
217
267
282
331
92
41
172
259
185
355
11
142
229
41
187
40
12
57
48
250
164
4
204
187
202
369
116
336
36
327
175
365
207
163
128
46
266
101
303
24
162
304
322
358
280
251
379
311
394
41
65
210
216
327
41
176
188
175
247
15
138
56
308
226
16
274
380
356
275
57
109
150
244
130
55
49
167
172
158
109
200
166
202
79
121
229
394
86
171
71
326
251
223
396
164
326
174
245
203
358
141
159
33
250
209
240
174
5
167
243
29
228
165
142
360
200
306
83
369
170
214
115
324
11
25
105
186
319
141
19
207
97
125
332
189
16
360
255
40
208
96
180
371
225
356
289
33
110
213
140
157
176
381
208
153
230
209
103
16
111
31
334
304
118
6
247
329
2
393
2
242
383
295
58
330
164
112
164
186
174
222
294
389
369
220
91
17
392
19
393
170
250
2
33
153
75
133
233
294
65
324
176
283
283
217
60
71
262
242
174
249
46
288
69
176
93
374
375
238
11
281
130
362
16
369
34
260
41
42
36
317
336
277
192
35
84
284
275
189
189
36
46
202
82
280
251
224
334
346
316
305
274
45
165
101
312
348
39
12
310
396
196
340
223
278
329
307
280
243
50
219
122
379
7
166
241
133
119
109
230
241
238
125
209
196
65
191
206
327
10
40
256
107
298
2
176
172
161
162
229
170
243
70
179
339
385
78
353
234
85
149
254
203
397
369
160
41
10
23
311
388
31
208
3
21
360
89
245
138
287
382
66
352
250
340
382
354
316
301
96
239
268
303
53
302
226
28
174
35
316
365
160
370
201
325
61
324
228
275
276
234
246
193
312
253
205
375
375
306
250
184
331
93
244
293
20
142
105
151
108
251
120
174
125
166
363
159
113
4
128
214
331
189
399
92
152
192
48
140
239
294
362
256
294
58
78
15
172
277
0
206
121
200
95
228
322
155
176
322
385
16
386
24
270
262
0
59
260
116
166
68
88
375
5
208
372
352
365
322
387
57
136
204
92
39
383
272
8
216
321
17
307
135
161
306
136
49
71
162
50
233
250
86
162
44
318
0
193
383
152
17
348
105
289
29
199
208
46
367
145
169
58
175
264
333
366
312
182
123
74
88
172
148
118
142
105
277
39
354
370
38
74
369
225
271
23
134
217
54
209
145
327
10
49
360
256
295
208
253
240
266
162
278
44
60
82
256
295
30
145
87
334
207
391
252
278
364
43
294
205
317
238
65
54
120
52
225
41
185
388
359
378
319
364
139
32
20
160
150
328
381
203
365
8
37
87
146
7
275
259
333
182
382
43
61
335
214
92
242
341
227
207
180
86
161
262
385
147
19
36
365
354
285
344
290
166
234
322
153
232
134
11
249
280
364
11
50
139
36
297
104
393
362
77
142
277
41
264
243
2
394
264
68
390
42
183
373
145
137
356
93
345
155
117
144
292
143
308
376
134
176
6
244
137
356
388
119
354
399
69
236
72
285
274
130
252
153
348
286
311
387
155
216
369
167
180
42
134
180
369
219
213
178
247
84
275
10
298
282
398
170
277
380
367
214
14
362
147
256
149
359
63
393
365
365
378
168
52
225
27
194
224
181
109
262
23
309
77
220
310
133
87
108
78
57
40
32
70
36
71
26
341
130
1
353
41
253
170
284
202
33
187
303
298
282
41
301
1
204
309
172
377
38
333
48
334
146
367
186
390
161
298
196
306
382
292
311
105
257
346
243
383
133
93
137
115
139
61
144
25
375
370
94
34
319
307
192
45
354
202
133
293
144
292
218
350
338
233
118
306
95
19
257
391
353
55
294
385
124
220
144
195
289
65
352
249
92
343
59
230
75
210
234
254
348
13
11
361
279
0
253
152
282
272
294
38
358
69
313
210
226
4
54
342
150
12
282
190
116
87
155
226
360
134
311
15
172
187
210
364
57
37
161
299
62
124
220
275
227
327
160
140
24
262
215
190
156
281
1
321
143
386
233
145
74
103
384
215
53
0
188
338
82
19
59
34
357
38
377
229
168
17
56
227
382
30
111
62
29
345
301
87
283
110
95
390
103
183
353
9
64
284
204
378
103
203
57
323
43
47
165
353
146
6
87
345
394
8
376
30
246
134
245
159
165
381
300
342
201
208
53
225
369
375
387
29
378
193
288
253
278
133
183
22
1
139
299
278
129
27
25
280
202
151
4
304
97
130
255
299
64
71
285
88
327
228
133
58
219
238
245
166
391
80
277
79
312
366
79
213
325
244
69
149
178
158
367
54
1
5
149
183
289
7
108
6
178
376
242
302
303
81
21
258
237
99
82
383
223
381
283
346
41
242
16
20
110
382
49
120
325
232
359
274
134
134
11
140
218
241
274
183
305
146
224
193
305
188
326
144
249
259
14
77
272
192
117
301
153
183
259
44
69
150
142
84
268
387
4
166
59
390
237
63
211
173
73
371
262
133
181
364
294
153
111
4
95
249
389
100
109
131
277
309
101
386
164
360
42
224
260
255
266
183
225
385
23
64
290
56
324
276
11
24
252
367
276
83
323
184
3
40
28
398
236
178
249
283
251
373
286
186
123
369
384
68
337
159
327
363
205
208
355
333
49
249
281
264
133
99
89
97
0
326
367
27
272
123
333
397
74
84
345
391
40
104
396
70
229
96
133
242
358
242
3
215
84
384
160
239
49
13
346
121
9
128
193
230
97
380
52
277
356
292
84
322
52
107
82
166
140
56
28
130
183
51
218
256
65
396
234
238
27
326
86
219
170
382
193
180
226
272
296
353
11
266
236
221
364
142
162
29
131
279
279
202
157
360
138
42
283
68
293
20
256
198
179
338
317
264
81
219
54
19
255
130
256
50
379
137
106
159
149
368
192
300
33
214
178
91
0
108
386
306
109
144
251
229
44
360
326
42
124
205
387
125
267
8
382
139
372
70
64
383
252
121
49
313
310
13
380
279
87
368
299
19
197
51
202
209
321
198
307
62
5
84
192
52
301
34
269
173
352
246
274
75
133
346
256
148
235
282
240
49
101
140
316
360
222
138
233
154
65
347
31
230
133
139
266
379
264
378
161
174
352
391
137
87
205
377
248
220
92
77
72
366
149
26
336
340
311
10
74
351
54
34
8
338
30
293
262
151
342
29
294
97
91
155
366
360
231
325
296
390
171
238
42
315
84
224
349
92
24
42
328
224
104
126
382
97
24
301
94
197
51
10
223
269
231
242
165
21
215
196
148
280
256
210
81
24
174
182
65
97
268
54
340
2
196
126
133
73
355
218
54
153
60
101
343
10
23
145
235
247
1
258
83
334
47
21
186
90
368
126
179
281
146
205
99
256
283
13
336
156
298
36
280
347
6
187
326
67
21
262
7
341
376
275
323
159
56
239
168
93
48
0
130
101
241
248
155
139
263
281
33
399
42
333
301
15
248
356
310
10
347
18
231
138
78
249
120
291
149
187
390
176
8
341
233
344
63
182
157
220
388
317
144
98
217
283
293
274
208
209
312
159
306
212
233
100
30
359
46
94
70
39
29
133
317
321
181
322
378
87
127
119
190
43
346
124
248
309
197
303
235
339
237
264
46
15
79
259
331
379
84
175
44
359
159
34
53
248
44
149
154
2
290
311
134
70
353
120
292
332
47
321
216
206
186
166
64
399
289
394
372
11
376
315
156
45
258
275
41
21
372
60
177
361
203
378
262
92
97
211
316
396
78
79
59
45
36
242
100
375
243
339
162
339
74
277
324
82
356
131
107
257
56
46
30
87
139
329
177
59
253
320
233
195
331
198
10
218
201
189
108
251
150
387
103
222
220
231
26
130
387
306
1
374
248
75
313
164
289
323
8
310
308
23
187
316
334
322
52
356
170
357
318
336
363
169
151
66
394
390
130
341
191
307
97
212
327
212
255
255
242
356
302
79
376
332
62
354
73
254
6
166
49
63
0
179
152
237
255
393
244
235
47
269
81
125
138
275
160
247
163
44
338
100
67
14
103
56
162
97
101
74
370
101
165
51
308
69
91
144
326
315
43
346
214
293
175
210
86
352
217
388
180
391
150
391
223
112
226
83
161
294
60
306
178
285
364
16
203
215
187
334
189
326
324
359
367
329
201
209
42
297
173
383
296
199
358
278
70
237
172
230
140
170
169
311
183
285
268
185
65
324
220
359
222
298
295
362
296
148
305
311
310
230
246
24
201
193
2
252
281
226
82
331
189
376
393
31
16
182
202
35
301
18
172
260
121
79
2
61
378
47
392
116
373
71
108
248
124
273
118
275
396
76
81
98
34
268
170
125
273
8
233
129
58
242
393
348
101
51
119
85
75
346
322
393
306
144
104
201
256
192
16
399
212
227
203
330
348
233
127
111
65
24
387
292
395
199
212
389
57
317
145
112
245
153
378
337
393
390
147
260
250
235
352
388
273
36
316
87
303
172
258
188
135
361
289
304
367
206
26
185
285
215
114
99
257
181
75
75
38
164
112
180
24
121
116
184
140
354
241
140
182
110
106
285
358
59
7
5
192
28
283
373
209
267
385
177
304
53
174
7
121
352
197
28
399
128
129
131
219
241
205
6
301
74
295
371
22
180
128
52
214
197
149
14
370
220
141
249
399
200
201
45
100
10
201
261
264
379
294
287
136
318
163
109
127
3
210
274
230
182
146
2
323
28
334
395
310
84
376
78
153
4
25
285
261
302
83
311
13
124
11
134
73
232
351
16
307
212
29
177
245
69
140
150
188
132
137
298
45
267
380
224
140
13
88
331
32
137
5
174
31
296
239
382
22
43
149
5
11
99
106
208
19
154
91
85
107
158
11
161
266
270
28
70
251
7
189
232
300
42
294
292
294
16
336
6
280
272
126
198
117
130
364
30
346
201
218
270
27
16
129
218
1
128
22
87
370
180
42
366
84
68
379
253
126
133
246
23
140
277
31
355
196
59
390
243
116
256
154
394
282
368
396
355
104
112
188
113
318
204
109
37
7
29
151
313
172
114
15
16
76
84
364
340
217
311
145
222
34
242
153
345
226
242
142
226
158
204
346
398
78
344
371
247
34
81
80
62
5
245
14
182
390
91
321
58
164
265
324
183
66
135
130
318
257
120
26
100
107
327
99
136
64
115
233
163
248
177
228
326
173
245
89
2
247
151
61
191
345
123
52
333
56
387
387
218
77
339
276
190
189
262
183
77
56
75
288
346
248
61
339
396
346
51
316
367
192
351
37
292
300
378
250
264
83
171
222
382
6
49
55
69
233
125
68
366
348
153
398
42
376
261
380
113
253
229
282
115
1
190
172
210
164
249
290
47
244
389
349
275
131
87
133
251
256
269
171
124
332
111
193
65
349
250
242
234
98
365
389
352
36
334
297
334
126
322
134
153
360
292
129
37
299
83
220
69
281
213
146
192
111
399
100
151
363
33
356
81
11
55
158
105
326
47
321
202
212
64
198
164
207
384
18
93
146
187
324
98
171
157
272
193
141
114
322
158
262
398
242
188
14
210
127
378
156
232
300
286
147
395
20
271
98
174
274
372
150
366
6
398
23
303
388
303
203
235
333
311
239
3
63
329
116
132
175
250
17
71
296
135
393
326
111
133
14
50
18
5
134
260
288
109
197
259
60
277
158
195
68
60
50
276
12
398
112
298
339
177
301
156
193
121
92
129
207
17
353
290
200
67
300
352
53
29
117
303
379
114
188
262
120
39
43
105
326
352
33
134
124
286
30
364
71
235
239
319
70
363
248
74
398
19
67
203
40
351
306
286
191
183
201
239
221
224
213
273
386
66
61
36
322
182
280
274
359
398
388
42
103
282
188
121
193
209
304
295
153
214
84
109
250
376
151
335
37
193
106
204
81
143
131
175
250
293
171
13
389
208
19
397
92
360
286
212
219
67
351
204
183
273
213
364
61
308
163
104
220
66
61
319
340
174
85
196
99
240
313
391
2
49
209
394
14
257
17
45
234
144
44
293
297
171
76
358
154
11
159
64
305
299
38
370
235
146
253
228
220
188
10
255
31
252
327
302
288
4
11
244
399
214
333
141
163
38
173
72
375
332
386
175
308
211
274
49
202
111
183
199
282
399
233
257
128
94
30
49
343
241
175
34
57
325
309
48
60
4
162
324
27
373
34
61
116
76
121
272
86
284
161
160
366
284
67
266
31
109
338
385
323
54
282
62
192
324
130
52
40
211
306
205
14
163
124
182
56
67
336
65
83
273
271
177
368
109
383
256
85
318
312
268
293
132
40
37
267
232
240
210
164
308
294
238
264
190
156
222
286
2
27
374
105
193
187
359
65
79
173
60
5
316
49
54
230
134
39
138
353
1
97
262
29
270
293
123
279
7
107
201
6
169
104
270
248
157
301
351
159
236
323
348
11
365
285
72
120
30
31
263
363
197
331
250
14
42
271
286
2
280
126
291
29
194
301
313
199
251
51
217
211
55
83
300
313
332
396
363
346
64
121
59
27
242
265
186
184
132
315
149
139
98
195
346
184
62
180
325
18
382
8
389
214
94
277
367
155
275
339
132
125
364
286
370
305
313
145
143
159
126
303
311
352
50
130
309
187
337
92
389
81
373
226
369
77
246
74
256
103
47
217
355
152
107
151
288
219
35
84
341
201
318
40
284
50
68
290
225
188
250
27
270
201
388
104
317
71
115
86
71
301
245
210
270
40
298
179
7
128
300
254
354
338
10
363
380
307
259
292
305
275
190
22
274
296
18
16
66
370
261
235
17
240
146
78
153
6
398
6
296
238
382
135
370
347
192
331
269
121
329
288
77
278
205
289
35
295
140
126
61
179
332
163
364
148
331
229
228
197
13
327
27
77
44
165
166
108
62
214
29
138
332
304
100
59
58
12
313
295
328
105
395
383
100
62
355
313
246
338
164
27
221
199
11
295
234
47
43
199
2
75
262
36
331
137
126
244
245
143
169
225
37
176
356
84
138
230
159
231
181
151
269
132
214
140
159
344
253
45
172
371
153
141
329
19
183
15
263
156
173
88
267
384
71
104
78
61
254
112
369
183
144
89
130
204
74
238
203
250
112
328
69
385
147
8
180
59
360
148
40
223
126
306
183
45
326
294
312
63
375
389
78
356
114
106
114
341
245
253
187
92
319
47
234
162
310
292
27
380
198
54
335
184
349
168
32
31
262
88
180
182
232
97
9
380
123
125
234
399
294
255
225
243
388
218
140
359
22
201
308
239
292
309
163
115
219
307
225
325
91
76
316
88
389
44
388
221
264
299
97
286
193
383
235
1
289
124
273
30
343
320
239
398
396
145
283
176
75
106
164
276
55
76
8
14
29
356
226
313
3
371
162
126
167
65
102
68
186
94
166
34
31
180
228
100
83
215
341
391
206
144
6
316
20
130
143
151
169
222
129
247
204
299
36
399
27
306
288
11
273
75
184
288
4
43
315
395
82
115
242
325
178
276
57
112
351
147
224
159
49
120
17
309
350
34
371
240
396
366
256
57
79
99
42
339
150
313
212
335
119
74
139
389
329
219
152
117
44
391
259
25
48
103
154
385
244
241
174
110
66
303
209
248
79
399
305
390
293
389
68
3
60
41
80
74
236
323
240
156
122
15
246
363
254
348
264
121
207
249
123
330
226
45
63
173
262
46
322
83
28
283
205
228
121
224
23
56
336
143
232
47
321
96
55
388
159
0
307
133
129
7
399
179
230
112
41
57
220
187
7
242
382
31
174
283
244
285
230
70
221
6
124
59
372
191
351
65
141
49
74
162
153
108
116
391
140
273
228
292
242
187
35
349
363
248
68
384
114
324
151
178
144
311
27
231
49
104
362
189
295
358
156
173
199
175
302
189
192
104
195
89
127
44
34
31
192
79
364
195
60
155
188
230
304
348
187
351
23
353
11
282
295
162
174
163
231
303
114
273
235
109
268
238
281
109
298
52
99
39
271
244
49
273
252
186
197
372
46
312
359
241
242
250
96
97
222
376
276
333
354
126
44
90
218
355
91
170
271
254
250
145
244
135
274
56
107
149
377
202
317
188
294
33
251
199
190
284
33
15
307
65
360
352
251
396
111
210
241
330
280
126
261
286
78
337
167
226
37
129
204
209
374
189
25
356
53
393
306
28
143
104
306
175
36
301
150
183
187
193
369
37
59
205
258
352
89
199
140
291
60
254
121
315
41
249
161
261
308
257
365
366
109
149
215
2
105
130
382
390
370
338
92
305
78
201
304
285
353
55
384
228
107
72
158
99
384
51
360
107
136
238
5
54
316
110
189
395
10
348
232
269
147
328
14
346
29
148
193
255
238
157
384
387
245
143
213
75
121
112
256
41
78
138
23
353
136
64
389
15
14
212
53
147
371
389
390
383
98
355
238
169
227
312
59
218
57
235
86
234
161
104
187
4
153
292
73
249
72
369
11
371
378
268
334
6
84
267
33
398
89
22
118
204
157
180
331
103
195
313
9
103
354
2
324
251
1
387
178
382
263
375
43
50
130
244
85
196
217
371
104
246
59
244
203
300
379
43
273
127
240
264
165
171
202
84
333
120
19
117
270
192
11
84
115
258
233
17
31
342
202
195
37
258
202
45
300
219
73
335
102
289
321
241
59
351
362
230
68
315
376
200
169
329
82
88
5
136
128
35
270
280
254
62
251
348
139
135
133
292
288
167
77
49
208
385
222
370
274
116
370
369
353
194
358
101
152
213
243
369
51
126
258
229
52
14
142
224
12
188
353
64
318
250
267
219
286
188
238
80
340
130
394
268
202
163
166
179
356
326
356
245
9
71
125
19
118
231
186
348
271
14
135
188
12
175
287
56
291
123
222
308
4
134
212
389
124
262
254
87
170
315
125
239
7
134
99
274
303
70
190
368
211
145
380
244
162
298
234
346
347
143
148
325
382
135
198
229
383
273
35
160
354
221
252
278
223
54
233
55
139
254
327
225
342
146
0
135
377
306
306
326
63
356
356
312
316
395
5
269
75
139
234
334
302
73
382
32
292
31
183
324
349
304
216
25
79
219
72
376
153
209
308
164
268
235
215
96
336
371
41
264
123
316
127
121
262
249
378
382
243
247
341
379
193
37
64
174
154
58
311
267
207
381
183
82
154
60
126
163
70
143
125
358
380
142
254
377
123
332
67
358
211
312
328
380
36
289
211
142
388
158
274
350
56
283
156
124
70
140
182
117
217
346
106
342
23
69
84
296
345
33
391
38
295
223
302
131
63
376
372
213
296
326
167
112
153
101
99
236
79
47
142
365
87
198
1
386
336
333
55
335
308
276
182
183
239
323
189
393
12
240
387
306
312
178
133
176
94
72
230
391
302
372
322
236
91
221
345
358
130
129
108
346
340
140
31
353
167
46
138
213
142
103
140
337
257
199
57
8
60
77
115
16
357
98
45
116
234
23
21
289
385
153
188
182
228
218
374
341
130
277
108
146
145
131
335
299
283
87
119
378
176
261
223
210
43
79
389
397
11
215
41
228
162
217
286
380
334
58
347
265
317
23
192
102
55
205
139
348
152
309
50
55
84
253
159
203
373
168
274
264
212
301
333
371
374
150
282
28
37
88
43
371
270
387
302
20
136
389
291
33
90
380
373
88
245
213
187
339
376
109
350
178
272
242
36
47
367
78
189
358
120
13
15
85
198
210
12
385
161
346
139
25
0
326
283
213
14
70
61
205
109
261
87
164
193
180
328
33
341
331
266
231
0
363
117
287
360
57
226
82
395
342
139
140
186
269
29
229
172
39
327
139
292
204
57
29
272
83
348
1
383
379
387
221
352
284
65
375
367
289
32
247
42
239
348
102
258
242
186
296
171
208
184
195
157
356
277
357
156
372
102
116
398
179
5
236
59
74
164
176
81
207
185
291
308
46
330
312
308
215
173
130
69
359
298
187
121
293
375
37
182
278
228
228
12
42
243
129
175
170
206
84
220
84
154
86
135
39
184
73
11
359
301
44
178
92
34
106
338
18
82
138
92
239
383
158
383
96
185
321
109
159
28
328
45
267
390
10
362
66
200
124
119
299
115
118
339
269
105
52
327
270
162
398
275
45
109
201
12
132
257
189
354
360
60
262
370
384
283
76
381
179
298
351
143
64
208
325
24
293
308
148
76
362
181
114
99
28
351
59
35
239
5
220
393
324
285
176
390
187
208
337
256
364
128
95
43
334
22
324
150
330
246
361
197
387
283
246
271
224
28
391
324
289
348
21
70
387
327
338
271
51
39
107
73
379
281
77
120
394
351
31
216
56
367
312
2
63
23
59
84
187
72
346
31
333
247
295
34
282
187
207
181
308
369
99
281
59
235
126
287
125
248
321
309
238
399
135
336
240
34
187
99
280
183
180
337
322
154
176
183
31
45
108
226
237
8
379
396
67
232
391
156
96
71
65
284
126
239
308
112
398
6
8
334
183
273
391
257
277
291
84
37
240
274
137
373
301
369
365
76
369
39
156
218
372
35
363
67
200
132
336
289
45
14
171
38
275
53
163
333
96
226
99
63
225
22
136
102
251
187
56
84
0
211
240
261
171
23
25
177
104
108
172
4
210
100
242
97
316
324
6
315
239
177
234
135
312
198
48
244
308
273
364
391
267
154
294
284
161
310
137
163
357
365
186
117
267
124
205
211
189
101
208
207
318
278
339
176
107
322
110
321
309
79
317
250
40
291
196
178
289
367
51
123
308
100
117
387
387
287
233
28
327
42
218
72
198
369
64
216
182
317
307
116
232
12
165
349
242
251
75
319
145
209
369
382
360
93
99
334
353
353
365
167
35
148
310
157
324
222
52
316
291
370
203
244
29
163
23
138
248
247
59
273
187
183
1
14
104
31
280
362
75
136
236
45
142
147
241
259
235
392
144
36
287
253
27
282
109
172
72
182
162
118
378
251
358
233
147
107
152
40
299
70
56
108
9
398
332
61
148
88
72
255
311
192
167
242
263
260
387
119
264
9
244
358
98
315
132
370
371
378
81
110
91
326
90
240
375
192
58
254
138
146
103
392
32
315
140
93
225
389
216
18
364
336
394
246
215
68
257
352
87
381
180
91
5
38
330
43
206
82
329
238
290
79
380
259
286
58
379
286
232
336
134
175
225
16
319
187
337
138
152
14
54
306
302
336
186
108
249
299
204
262
55
296
241
372
205
270
393
159
83
121
252
51
148
134
83
143
79
109
5
249
64
5
241
271
8
292
211
65
121
329
207
12
314
172
372
336
393
139
325
203
391
243
285
152
23
270
98
149
213
351
101
293
137
113
166
237
190
282
107
161
165
306
53
65
324
23
5
334
222
183
373
295
50
269
68
7
259
221
380
59
281
273
200
181
291
44
34
42
223
262
185
252
356
78
41
32
101
257
393
385
237
376
387
5
230
349
270
23
58
274
90
64
270
348
97
26
21
93
260
315
215
295
202
334
25
19
278
13
399
17
381
398
256
37
220
246
261
85
247
8
221
304
383
220
345
94
215
118
37
5
120
2
48
221
345
301
171
374
131
41
209
180
353
225
366
112
29
136
187
268
338
232
30
0
248
218
193
241
145
110
294
98
321
306
119
379
248
37
394
186
349
164
280
209
144
387
51
37
149
220
372
380
169
360
62
279
346
210
108
175
1
11
220
300
70
128
357
309
132
245
102
40
52
57
287
217
15
121
354
316
256
250
20
302
382
324
172
224
296
397
298
372
90
242
73
37
126
217
330
171
165
394
156
168
198
371
368
84
156
260
316
241
325
58
306
32
217
294
49
159
14
395
37
303
235
193
393
361
282
339
398
316
218
312
311
293
347
394
41
373
288
92
102
285
74
354
198
78
162
350
209
134
104
137
373
178
192
46
87
383
260
279
0
46
261
346
334
5
220
339
33
345
245
394
79
142
40
118
396
213
299
17
158
93
243
49
207
233
23
387
285
223
219
104
24
6
235
78
252
186
240
15
63
349
136
50
93
234
384
392
303
97
202
69
197
295
296
22
220
108
252
128
175
227
286
317
160
46
203
276
134
173
0
216
8
211
304
239
340
334
73
125
350
116
226
123
386
68
77
103
160
215
33
315
172
181
125
52
223
336
358
238
254
13
267
220
173
128
385
32
93
310
387
23
15
41
294
105
269
327
1
212
78
399
164
269
322
215
115
11
193
265
139
6
380
306
227
276
394
179
139
396
108
194
270
326
113
77
101
262
233
256
262
234
385
282
307
316
176
127
398
133
136
143
17
96
16
264
220
134
164
389
16
123
57
27
60
240
164
347
224
121
163
85
227
308
32
68
316
75
32
305
54
264
185
191
381
149
32
182
246
137
250
350
318
221
155
16
179
35
249
89
83
363
56
348
155
225
161
317
215
342
303
132
94
77
274
202
218
252
49
397
126
156
113
15
373
294
210
145
329
193
308
92
301
351
271
61
348
14
54
287
79
46
280
32
240
331
293
190
144
240
114
371
234
115
318
258
277
263
274
204
216
108
108
354
15
155
17
96
77
2
63
383
129
322
50
26
169
46
80
89
285
385
0
120
99
343
228
76
49
358
18
253
191
243
394
89
37
248
299
25
288
188
166
264
265
125
53
103
205
70
333
115
275
229
148
337
88
255
202
303
157
79
290
20
60
228
249
252
325
385
392
57
226
117
18
381
356
55
262
189
155
393
144
54
267
13
323
205
242
42
323
38
187
336
235
145
80
194
336
26
100
242
14
3
180
253
308
143
355
387
141
232
101
70
212
199
370
189
139
25
40
9
243
335
14
369
318
396
213
399
255
72
369
373
91
346
262
135
201
300
43
65
166
177
16
250
300
4
249
195
352
266
47
86
339
14
234
9
371
287
382
172
226
242
339
328
58
144
125
184
125
159
107
238
317
333
306
17
222
0
203
57
371
85
86
133
281
217
324
66
388
300
280
396
36
134
69
378
23
260
300
371
386
282
148
189
168
189
108
121
137
169
123
148
127
396
22
132
250
202
376
353
212
59
126
373
117
272
204
175
197
55
252
124
204
291
167
249
304
381
180
165
16
32
329
212
62
98
96
165
15
229
207
268
104
16
186
392
77
24
259
305
349
3
192
45
142
182
236
54
366
307
318
295
141
198
307
72
54
97
252
211
312
27
68
27
346
308
28
277
147
86
159
324
52
92
197
363
343
338
1
109
15
52
354
338
253
239
258
382
157
178
302
118
37
342
322
106
3
369
80
371
157
276
388
70
84
259
295
31
200
125
388
203
84
120
68
369
1
138
346
15
243
99
248
237
243
143
225
239
1
180
324
280
134
204
26
381
219
22
394
34
306
116
292
242
331
238
284
275
65
278
119
114
387
346
265
336
130
98
14
379
95
70
143
321
168
75
200
180
4
29
55
201
393
201
273
242
204
29
234
238
22
59
262
268
196
212
341
325
267
380
48
261
95
317
388
235
41
350
93
15
246
159
322
360
209
72
137
289
396
378
242
243
33
54
22
177
378
398
15
186
9
129
253
390
8
160
88
112
366
368
380
135
278
342
283
68
211
174
196
267
274
391
18
57
349
292
381
165
368
288
108
267
126
289
77
0
310
325
232
379
90
317
282
24
287
263
263
241
205
196
300
387
52
345
79
14
284
305
37
166
293
10
49
327
359
65
32
146
261
276
287
75
361
108
78
104
310
175
35
98
84
179
203
283
330
367
348
133
388
144
174
294
238
221
19
190
108
145
99
316
283
376
280
255
88
54
230
395
147
89
107
60
363
304
219
280
28
86
392
72
194
242
8
213
304
298
323
243
101
165
119
162
391
197
254
77
105
353
295
202
75
367
377
238
387
80
4
27
126
64
370
254
50
151
179
84
64
166
355
301
38
249
217
68
282
85
115
27
37
349
242
43
22
51
6
167
72
142
79
84
167
88
102
334
261
240
368
23
213
7
240
330
143
242
373
327
19
394
82
135
317
281
175
376
271
193
165
168
212
176
103
86
112
75
70
13
271
76
183
127
147
289
50
14
359
324
271
276
383
68
291
254
182
139
380
306
91
151
77
309
142
372
174
260
287
223
303
147
125
52
132
39
199
208
137
289
397
256
130
0
227
187
323
6
32
97
389
85
240
204
287
13
327
258
49
180
352
304
210
206
257
87
72
20
385
393
6
244
159
303
14
211
33
167
399
342
201
29
35
304
395
49
367
41
52
222
6
174
182
23
30
134
154
303
346
242
334
63
398
231
264
240
86
65
283
46
170
264
42
378
341
149
234
86
240
216
115
361
193
248
27
132
316
390
304
227
389
108
159
287
337
211
63
267
388
258
116
109
252
46
93
143
11
316
14
20
122
293
264
398
203
16
152
153
393
334
14
222
125
244
277
152
223
365
58
382
233
117
200
106
300
265
226
252
75
153
364
204
233
4
39
156
192
84
39
271
11
96
277
16
182
183
341
360
40
329
325
296
289
204
118
150
32
255
209
57
9
322
287
376
171
321
295
218
121
337
52
16
386
70
292
192
88
71
29
246
87
216
298
68
249
324
165
68
70
201
49
291
6
14
26
301
149
135
238
214
334
29
307
20
254
41
307
116
84
206
340
89
231
16
45
243
197
198
254
94
62
6
231
235
123
143
340
354
22
24
129
389
322
364
94
255
290
291
174
180
385
25
11
313
94
398
190
30
257
243
384
175
366
68
27
306
41
157
226
365
389
370
317
279
104
345
294
104
119
304
312
337
64
366
132
204
194
308
232
268
240
227
306
77
147
52
113
214
43
378
208
390
240
78
322
27
366
49
110
14
27
149
125
182
304
38
92
15
144
24
385
142
311
334
240
178
172
225
276
15
352
153
354
15
157
40
289
64
34
201
299
6
77
394
253
177
276
171
101
148
148
202
303
92
168
203
84
15
370
75
339
383
41
116
327
357
229
254
87
52
364
174
358
290
111
164
233
153
164
2
204
103
223
343
245
363
227
67
379
74
79
226
243
336
65
19
49
157
352
301
95
267
252
250
263
205
245
253
126
94
313
264
379
240
159
8
66
89
269
52
36
55
191
265
204
355
157
235
250
361
158
36
40
362
190
172
96
236
214
337
253
39
77
337
187
246
325
189
279
323
346
300
117
273
132
188
258
246
188
303
14
52
147
102
107
176
41
215
346
217
325
89
19
264
27
367
31
4
2
179
198
381
38
338
311
263
234
202
179
396
43
97
163
82
306
255
111
304
111
142
224
252
5
23
179
354
217
202
366
368
299
140
254
17
302
117
27
122
161
276
12
373
117
22
147
161
373
127
5
0
188
298
190
379
112
329
137
5
70
18
131
133
388
243
349
226
153
365
104
104
329
36
36
150
145
343
366
347
24
337
312
66
101
176
238
334
191
340
249
278
309
150
391
299
201
233
125
278
293
221
137
269
119
217
218
18
179
7
110
157
221
40
378
320
56
226
374
331
378
142
222
206
23
87
285
95
180
24
116
19
15
172
150
116
225
135
358
33
88
25
134
45
243
299
139
206
345
50
282
36
23
44
329
90
361
206
348
116
53
19
13
397
39
192
337
39
161
110
343
108
259
295
122
384
52
104
360
287
178
167
9
143
352
181
1
393
359
147
210
130
173
280
111
238
308
145
105
248
348
323
228
18
173
290
228
171
42
292
389
46
4
160
241
149
354
387
103
3
234
83
263
346
108
377
243
226
107
389
133
282
188
249
262
42
42
99
91
375
205
380
385
53
42
134
249
281
350
323
264
91
175
353
241
200
4
338
299
74
4
307
307
352
309
174
87
164
365
3
276
207
219
355
181
299
54
230
153
356
161
214
172
146
14
327
171
146
381
260
103
326
32
125
69
29
206
137
84
132
298
261
364
4
156
195
326
34
106
102
222
133
313
11
139
355
199
155
93
387
147
132
78
84
385
102
242
179
28
10
381
399
164
29
25
31
195
216
378
248
207
358
188
206
256
261
147
176
43
304
243
174
157
209
102
73
370
329
45
370
336
53
327
254
225
113
367
16
141
9
350
80
272
167
382
350
248
88
133
30
294
23
130
238
276
121
167
269
327
131
116
41
64
220
104
125
132
115
79
197
187
0
227
92
283
224
149
16
286
123
318
25
163
195
36
353
195
393
95
132
164
200
340
340
129
204
19
191
194
38
310
182
384
8
142
329
352
389
336
64
48
46
390
84
14
277
233
264
131
373
106
190
115
143
304
2
78
124
42
291
1
383
233
330
95
210
263
52
205
116
213
248
326
344
65
94
223
20
258
166
156
348
212
340
235
41
22
388
37
288
167
398
395
398
363
234
140
165
331
204
373
264
372
301
86
115
223
211
134
50
233
384
347
167
133
109
232
295
332
56
305
228
315
182
127
172
255
218
396
180
262
380
133
390
255
69
245
25
139
178
322
364
219
277
273
27
323
18
335
284
20
86
339
140
276
23
40
67
346
291
255
336
94
98
51
60
242
229
267
34
94
45
204
89
391
142
13
193
361
18
167
152
373
204
290
31
148
268
20
319
143
236
188
86
34
12
250
109
379
204
123
232
354
31
360
398
164
61
251
329
308
391
182
297
284
319
78
72
284
10
186
248
333
87
103
0
357
164
323
23
76
234
79
362
75
234
357
387
252
173
40
377
299
202
60
151
114
387
330
371
264
132
109
123
19
391
269
121
198
182
110
246
307
231
59
241
244
274
306
268
70
386
294
353
18
147
167
258
60
191
151
377
398
89
91
145
17
302
209
203
153
172
287
349
209
363
120
396
332
194
375
77
159
227
121
181
251
77
38
5
147
226
398
276
94
175
35
363
122
90
361
37
144
3
243
194
219
88
127
240
388
387
335
360
378
358
187
101
203
50
172
99
68
71
343
356
38
328
49
389
162
10
208
217
58
222
31
212
391
100
117
326
224
165
151
146
298
168
336
385
13
70
343
96
379
98
134
297
265
150
208
134
119
370
183
154
24
8
105
332
333
205
325
78
127
245
347
196
270
134
223
11
230
41
265
201
86
387
286
44
258
393
238
255
230
354
5
186
66
20
190
17
232
197
232
201
30
308
149
212
231
379
94
49
213
240
340
273
50
275
103
183
244
260
298
381
212
207
173
197
153
262
28
109
27
149
360
39
351
325
305
209
204
220
43
85
115
108
193
55
22
84
139
40
301
372
178
10
222
196
48
7
236
89
0
338
47
295
32
216
311
147
110
147
234
357
321
262
174
30
4
387
241
291
52
224
11
239
362
169
332
119
75
317
306
258
224
84
313
219
28
138
313
72
221
27
248
220
17
179
322
110
33
382
118
84
5
179
233
365
358
210
179
104
326
393
159
97
232
47
381
57
52
87
223
295
7
173
311
206
6
235
79
394
392
246
329
321
149
284
299
29
21
147
262
204
340
99
250
193
304
79
268
264
214
161
313
134
53
193
153
383
268
22
14
123
5
397
142
304
278
125
83
231
332
208
108
237
12
308
60
140
284
111
339
385
47
70
108
288
235
80
235
147
172
176
166
175
157
1
251
278
203
379
29
42
313
324
267
212
28
187
116
30
221
8
253
339
40
106
288
338
73
368
117
385
35
295
80
366
206
130
338
137
24
145
45
359
239
306
103
384
311
170
101
0
399
304
82
243
201
221
382
30
68
292
17
45
210
212
70
114
310
398
99
330
143
90
252
173
302
79
166
364
99
327
257
181
362
62
133
68
346
77
41
328
261
235
120
115
260
153
67
83
379
4
96
318
333
371
207
153
245
268
16
5
180
390
383
299
78
301
303
147
313
77
220
218
218
186
316
325
251
206
3
364
304
177
281
280
214
326
18
356
73
202
209
37
283
260
385
319
151
169
225
364
225
258
28
353
65
180
147
181
196
138
377
180
220
94
215
380
365
32
216
75
157
297
332
70
84
225
156
199
393
77
174
132
124
278
239
333
289
125
275
245
108
370
308
321
178
372
282
302
314
12
201
264
273
330
204
55
177
0
252
30
164
155
306
127
341
75
324
206
137
111
323
245
170
156
151
378
134
219
2
114
371
379
72
34
117
378
305
176
203
47
50
372
376
133
382
121
379
182
44
190
270
341
363
358
369
388
7
379
343
242
245
139
92
23
63
69
112
383
238
365
356
181
277
356
282
150
79
21
39
156
99
103
382
300
72
112
101
238
110
282
140
164
324
341
273
184
255
109
119
181
327
81
225
205
105
257
302
315
181
392
60
380
330
214
88
126
273
160
201
241
19
226
186
97
143
46
278
60
43
87
171
378
248
236
105
387
50
19
251
339
354
35
359
341
363
120
39
2
367
294
276
97
169
243
218
152
134
98
2
396
104
160
69
80
164
326
271
29
207
103
244
215
116
293
380
162
276
323
246
9
8
11
353
292
307
84
309
321
4
77
354
394
236
167
66
238
247
188
109
205
127
209
202
99
276
2
336
346
273
126
2
398
366
268
184
169
254
392
336
330
140
382
116
60
260
280
70
326
112
208
252
359
318
231
70
124
62
226
291
79
106
240
206
125
0
348
47
82
51
85
107
334
229
110
231
182
115
255
245
381
347
373
62
171
371
252
225
183
55
205
188
62
348
56
10
8
32
55
36
347
144
312
67
294
293
210
39
77
224
308
261
398
283
149
332
286
217
51
376
121
198
60
152
399
304
344
350
125
174
270
377
239
84
252
104
8
186
295
396
247
384
394
158
302
272
117
140
263
207
8
247
241
318
36
336
397
396
239
338
217
172
225
362
20
227
301
150
78
246
389
308
68
218
302
150
282
116
209
203
269
236
393
179
354
69
154
62
109
177
73
134
237
241
86
323
225
146
376
132
245
218
8
152
395
354
166
39
81
312
30
230
107
334
92
185
348
154
119
277
275
231
199
374
224
246
297
271
178
151
252
132
117
360
315
165
23
65
229
303
1
228
270
77
11
247
322
353
109
396
85
108
1
225
174
170
28
34
376
82
50
347
208
0
273
47
41
280
146
186
211
391
334
315
147
398
147
93
100
323
9
309
331
172
115
277
397
169
32
77
159
79
311
118
388
26
192
74
237
150
59
87
40
342
360
247
84
173
89
97
331
128
398
263
298
399
164
374
315
88
110
248
331
222
192
123
71
225
22
306
91
177
304
137
118
129
177
75
183
229
112
307
208
274
390
143
184
315
200
218
86
28
212
327
101
377
90
77
376
309
131
132
385
75
155
215
58
205
72
74
16
95
393
271
46
28
87
51
188
137
360
271
295
55
187
124
190
305
228
89
168
169
334
101
142
79
213
208
389
40
38
150
18
51
297
73
247
349
245
186
139
37
78
278
162
14
150
301
381
7
135
244
188
98
304
61
64
242
270
150
242
67
355
340
254
315
371
125
300
76
101
312
225
11
267
91
29
15
70
272
396
87
136
302
228
135
319
211
39
250
37
371
340
262
380
60
216
399
118
322
156
382
26
130
125
67
349
311
131
399
234
45
106
243
186
254
69
222
15
368
113
173
72
303
112
227
2
346
352
105
94
369
113
231
130
125
291
190
283
218
101
174
6
179
286
369
179
166
35
188
154
379
152
184
181
242
112
306
375
209
385
349
378
379
329
143
205
6
348
323
172
71
366
390
380
189
330
304
4
241
108
80
392
69
149
60
225
144
336
138
118
55
363
108
0
163
22
301
70
1
262
42
224
346
94
74
39
183
393
329
215
13
251
262
106
83
247
362
234
220
127
19
382
370
281
67
183
339
285
30
358
142
336
224
87
165
186
329
386
330
174
42
89
10
399
215
200
164
180
131
18
127
280
30
116
13
150
184
55
378
189
178
380
146
388
27
353
243
292
189
22
143
102
288
190
358
117
302
120
255
80
255
370
260
216
314
16
131
34
240
12
215
247
239
35
289
74
161
313
71
165
201
87
94
103
48
304
399
391
37
83
202
393
66
37
38
13
341
351
51
10
32
171
74
300
169
283
34
149
5
393
94
75
153
203
276
126
270
62
242
10
61
11
177
76
234
391
377
213
170
167
96
99
265
254
160
108
294
90
75
383
219
308
307
290
225
263
90
373
52
275
298
166
16
212
254
14
308
27
387
10
206
7
54
167
53
398
245
332
367
179
385
197
351
45
168
123
143
49
72
105
265
173
153
165
249
294
2
59
294
351
107
55
97
98
153
198
141
120
103
123
141
170
357
180
315
384
96
174
277
267
302
68
149
274
28
253
300
210
249
341
181
304
225
140
285
289
389
118
391
160
38
385
166
83
148
332
69
173
208
321
335
52
283
226
18
149
66
229
202
129
280
91
326
116
392
119
177
136
350
184
102
356
27
5
257
18
294
394
76
2
116
378
310
307
27
309
304
257
118
235
146
221
209
394
0
57
322
383
232
149
164
382
347
92
359
92
135
245
19
19
370
222
285
371
334
36
305
249
399
192
360
148
224
160
350
19
158
399
212
263
258
93
169
221
251
220
359
19
116
28
141
199
390
197
70
300
213
30
264
292
265
373
210
351
291
9
312
24
145
28
161
36
89
229
338
208
281
325
232
345
386
211
316
140
139
223
60
188
92
47
263
346
320
6
193
47
317
302
44
202
209
42
278
248
245
178
147
112
281
168
269
40
398
192
11
335
210
160
82
245
335
310
372
153
222
220
180
103
127
125
316
69
211
191
262
371
220
134
108
360
24
339
321
257
124
269
226
215
192
120
37
346
29
323
10
302
353
98
372
15
44
170
346
63
50
94
126
380
63
379
388
222
218
181
136
322
96
312
222
153
128
36
236
259
293
83
218
148
349
166
268
163
172
89
42
346
318
64
129
103
217
342
75
20
76
94
11
347
23
382
234
199
130
97
128
84
172
68
46
220
370
354
326
324
262
160
40
140
170
91
17
72
366
62
290
216
70
167
201
60
277
117
41
387
156
111
169
92
95
206
86
354
366
275
13
65
2
87
144
247
20
316
398
192
174
264
357
338
164
125
46
53
181
65
249
68
170
291
365
69
273
32
353
71
73
49
66
113
179
120
190
21
122
21
44
369
377
303
286
227
288
80
71
154
221
47
239
327
100
68
340
233
289
53
369
184
297
209
375
14
285
99
273
116
34
17
336
94
109
67
264
58
221
141
92
159
261
237
16
42
398
202
386
341
354
235
368
46
236
226
53
285
353
102
353
229
303
41
302
27
59
177
87
35
334
379
231
35
260
387
290
313
164
194
53
138
69
109
9
391
107
353
84
2
398
301
388
354
69
310
39
115
156
218
394
161
269
247
369
342
367
13
16
354
247
374
209
48
21
376
183
284
311
36
77
217
62
41
165
121
371
77
99
26
34
387
106
278
138
12
137
370
126
226
341
104
389
368
399
77
310
213
19
69
269
221
59
126
372
379
14
175
340
180
361
53
292
251
93
229
15
42
157
332
207
208
337
177
35
346
37
99
396
55
324
109
276
267
261
27
97
218
305
25
382
93
136
244
234
164
303
20
30
218
251
213
352
201
382
170
95
74
144
262
17
7
246
131
83
223
283
162
82
41
355
15
16
48
200
257
243
56
89
182
350
340
174
213
149
140
144
109
156
7
233
232
38
150
326
236
370
21
132
220
52
214
200
93
193
290
81
192
193
214
110
85
164
240
56
41
16
74
80
34
172
143
124
108
213
372
329
88
313
186
349
363
8
83
53
23
224
99
267
80
278
82
67
63
372
306
275
190
32
30
68
106
198
307
114
305
346
247
223
232
268
182
2
333
146
174
240
145
313
23
97
371
396
132
125
192
73
327
173
310
306
241
290
391
317
232
394
202
249
324
176
116
128
135
223
181
108
332
110
385
345
237
22
389
191
129
134
261
397
292
334
244
9
63
17
121
47
389
232
103
175
161
170
176
35
240
10
251
281
85
169
360
49
235
100
181
210
17
227
233
141
24
180
270
375
257
291
250
140
286
264
112
159
68
360
159
269
169
227
90
261
174
225
10
224
157
356
267
103
269
290
2
365
145
243
246
274
345
207
340
109
67
389
182
248
284
327
239
40
130
26
201
124
371
282
44
224
32
283
49
224
72
282
262
165
2
378
147
316
122
316
269
190
238
105
304
111
357
144
307
208
14
250
155
136
11
68
129
365
10
349
185
22
60
223
60
80
0
254
272
233
379
295
83
399
50
9
44
201
173
11
234
258
294
190
305
2
132
282
292
387
157
328
323
324
172
378
230
274
228
156
249
307
101
128
318
85
171
223
172
286
97
188
21
316
237
170
161
209
129
38
277
46
278
227
213
248
18
169
46
250
182
147
193
214
93
139
251
46
183
81
96
116
16
180
380
41
264
330
7
258
105
97
259
173
173
302
9
78
316
35
99
281
314
24
101
105
357
253
241
35
56
87
235
48
1
78
297
169
39
156
225
396
339
344
141
378
254
382
237
359
253
332
364
209
256
234
84
152
239
341
348
80
132
316
235
389
206
196
39
359
146
105
49
190
77
89
196
192
302
291
192
31
376
233
86
217
141
148
315
160
209
313
90
86
304
147
172
389
52
207
352
109
75
294
99
221
79
313
19
90
312
42
68
252
70
274
124
192
337
217
130
208
329
394
278
266
200
244
90
230
4
236
191
128
36
298
78
353
318
42
91
325
136
151
33
209
59
304
12
268
305
178
301
384
79
390
382
135
384
359
353
206
333
347
2
67
353
174
175
258
86
350
357
79
119
224
186
396
318
132
194
61
52
325
32
140
207
335
123
349
59
71
29
166
189
166
138
215
363
130
300
228
351
374
52
143
399
153
289
382
142
282
139
277
295
66
0
164
161
71
160
373
65
285
70
89
72
195
240
353
87
340
159
303
32
164
177
379
195
138
19
286
270
380
209
186
164
11
234
40
108
278
96
387
268
291
143
200
338
333
243
389
58
318
105
385
342
218
292
75
49
97
203
123
230
223
337
273
121
294
55
11
332
220
21
47
140
323
374
245
16
2
371
132
182
352
161
332
390
95
177
298
119
155
318
370
136
269
116
328
243
363
167
194
271
276
265
52
333
398
273
152
78
183
226
9
336
52
49
152
117
153
6
267
56
351
371
261
163
194
93
285
352
393
41
40
276
49
287
182
71
44
188
293
21
348
68
252
141
191
377
77
92
388
279
91
385
281
69
301
199
199
115
33
336
134
39
178
147
272
155
234
83
57
78
213
44
11
199
69
379
379
29
229
221
6
311
313
255
341
379
108
160
348
288
369
46
356
257
217
264
137
207
137
334
257
375
193
225
298
367
64
193
210
98
379
156
208
214
327
346
89
81
223
314
68
148
101
26
80
297
144
25
352
252
315
106
24
26
230
220
71
42
278
211
269
27
299
291
188
166
337
341
391
10
43
77
115
323
352
262
253
115
181
293
12
136
171
176
298
137
211
195
181
304
369
127
140
261
292
340
270
372
49
292
120
280
343
163
316
364
139
228
373
258
235
277
380
80
268
322
294
97
341
291
361
139
334
211
157
41
71
302
212
169
44
231
94
121
30
244
42
173
354
354
59
270
60
103
255
58
141
32
307
386
285
11
375
277
46
112
5
170
255
135
201
22
172
380
90
275
342
159
67
325
182
364
374
332
0
126
210
188
37
41
190
78
333
67
167
278
256
60
59
228
124
22
253
120
374
92
326
54
364
278
220
197
263
157
153
58
382
283
123
205
351
69
396
78
292
75
235
272
22
42
124
355
258
193
14
285
224
318
88
254
179
197
51
131
87
331
143
267
41
311
277
195
56
306
215
89
268
65
23
174
49
276
399
123
185
270
30
136
242
47
396
157
140
175
250
282
145
155
88
6
355
42
70
378
13
352
201
313
130
324
252
57
277
174
288
265
242
83
1
398
249
398
312
372
134
108
171
14
205
247
274
399
219
3
65
294
109
167
355
83
95
353
78
273
26
207
355
147
396
74
221
208
193
192
332
73
209
344
261
173
190
143
228
254
188
86
231
191
118
395
306
9
162
129
91
374
244
385
7
28
106
308
334
372
250
389
175
111
135
88
78
143
210
140
209
125
149
166
135
77
92
147
63
109
280
263
152
317
371
132
227
370
18
259
257
342
214
354
65
11
286
176
259
172
47
280
230
134
23
157
99
182
318
283
393
6
103
334
237
24
113
270
305
354
344
269
367
185
209
44
109
262
352
7
160
196
111
295
383
39
303
7
65
65
129
149
241
189
240
206
316
46
225
330
260
332
233
5
150
124
219
101
272
301
204
105
355
256
143
245
371
6
286
396
213
358
273
377
179
278
344
307
298
249
328
14
179
37
362
393
140
58
105
262
38
140
105
30
227
245
11
396
244
326
395
285
28
69
249
85
296
190
270
214
71
369
78
51
86
274
304
44
58
339
215
260
201
358
300
176
11
40
126
367
182
258
159
235
147
183
313
202
83
281
1
261
51
97
383
212
269
137
289
60
80
39
133
126
242
6
143
310
56
362
336
132
95
252
127
24
222
305
33
39
308
359
367
106
244
87
237
382
88
11
58
88
284
219
325
328
49
254
275
203
61
248
170
88
72
316
95
237
277
1
258
109
386
162
212
204
222
67
13
392
258
174
37
353
349
92
313
209
133
259
28
325
258
340
77
382
149
230
141
248
98
83
281
213
154
21
308
51
353
53
287
366
159
25
150
71
302
5
179
264
284
245
286
174
163
278
146
388
106
104
109
279
89
259
335
378
139
197
180
383
347
339
277
124
185
369
218
15
193
159
8
371
213
42
241
205
39
202
112
253
220
318
261
176
219
36
349
157
254
340
334
350
215
49
336
389
273
17
90
367
51
86
289
220
174
336
80
121
309
334
180
15
343
117
114
240
213
207
283
175
217
345
32
41
53
289
177
282
282
390
26
157
55
298
229
0
278
144
1
329
334
100
274
356
258
6
14
265
280
232
323
378
191
19
15
369
150
372
84
378
203
265
178
123
354
377
253
217
137
55
127
261
284
201
360
94
165
198
26
11
34
378
243
368
230
316
193
74
177
125
330
199
363
269
315
30
254
67
225
52
271
88
330
139
115
53
220
189
312
373
204
350
306
178
118
135
232
58
176
108
22
28
351
254
399
129
394
273
19
224
335
260
356
314
260
231
253
22
17
26
218
250
86
305
310
310
256
247
265
60
240
40
137
68
141
74
311
276
238
363
235
341
249
25
51
278
388
197
394
298
359
20
64
310
193
103
108
34
383
271
142
64
200
393
141
84
355
163
263
177
83
350
119
364
190
63
198
169
280
368
353
6
121
125
212
18
169
354
108
7
218
263
337
259
278
86
260
152
259
6
378
399
147
241
223
360
396
2
197
162
355
327
69
163
323
97
141
172
294
277
204
4
367
217
108
53
243
334
179
278
230
329
298
283
353
238
18
322
80
75
170
55
46
67
209
327
123
213
160
53
256
317
54
388
52
178
240
161
78
298
213
212
103
296
125
271
84
47
34
200
213
209
150
216
263
287
91
341
169
258
214
123
225
228
248
289
350
273
142
260
364
22
30
246
81
41
227
370
12
395
41
353
74
103
10
229
299
7
161
362
359
195
247
51
377
139
40
336
343
35
53
124
345
275
390
128
125
381
27
19
172
348
283
77
269
51
7
2
359
162
355
264
62
253
79
11
252
248
198
182
19
358
18
296
124
48
195
7
388
396
88
57
20
297
383
276
352
87
70
356
91
176
394
227
63
147
186
258
363
141
373
170
140
145
55
160
169
148
183
213
31
209
365
139
365
135
357
247
312
54
248
202
181
322
385
247
23
199
124
35
177
240
201
82
209
283
234
203
245
244
201
273
142
91
223
389
54
193
338
227
384
125
248
113
40
305
244
290
328
252
375
189
130
295
95
24
365
369
174
92
367
0
129
312
51
140
42
163
27
100
53
328
37
382
290
394
191
394
82
40
233
267
55
64
272
299
149
392
18
88
118
52
38
235
76
342
382
181
334
33
222
179
70
69
97
389
171
56
398
251
189
162
219
24
258
56
91
386
302
328
5
172
105
286
75
230
56
307
100
142
341
190
213
222
302
176
308
350
330
301
41
26
137
40
371
255
213
32
167
295
170
225
258
100
367
44
280
251
276
381
249
1
333
107
350
104
91
71
153
374
63
29
316
360
126
223
270
349
194
9
241
262
76
178
166
37
349
192
302
236
36
214
167
18
313
323
398
330
53
298
103
196
301
364
77
112
224
291
59
102
274
142
141
142
36
322
270
293
247
371
36
283
289
230
27
342
381
304
23
275
23
187
252
250
203
393
289
103
322
249
219
113
392
208
81
195
44
110
289
219
365
292
169
97
390
195
281
29
361
263
30
335
159
99
149
232
171
389
385
311
58
221
293
193
110
337
262
148
44
263
42
356
138
24
279
389
264
216
296
236
132
0
179
299
74
70
276
94
336
385
177
131
207
224
352
65
325
232
312
229
393
396
32
52
58
191
337
145
307
246
286
274
227
166
175
70
126
353
143
224
197
58
99
181
224
342
114
377
207
283
73
129
133
327
167
16
60
292
70
188
266
365
131
209
237
327
165
78
10
304
6
140
24
286
189
344
130
1
38
393
174
288
394
269
116
179
163
201
292
32
27
325
207
191
105
171
222
152
389
262
77
268
170
53
235
70
123
113
180
361
385
70
248
259
367
319
380
313
197
257
0
246
194
136
362
110
18
172
29
32
82
15
135
6
254
226
232
283
308
161
290
84
311
338
284
235
93
290
27
140
30
345
6
15
273
296
120
272
280
331
269
241
151
133
107
130
378
133
250
380
332
214
352
360
385
252
204
177
3
80
22
366
398
351
220
78
78
139
157
307
388
117
0
362
308
11
8
217
230
119
267
335
327
103
73
176
243
84
215
390
399
236
108
52
240
371
95
229
158
332
49
77
5
140
149
162
56
177
88
104
8
145
279
231
52
355
61
339
344
148
15
130
358
312
334
35
243
2
267
311
128
356
303
379
45
171
301
357
97
164
243
172
9
261
395
280
121
169
178
54
230
280
295
270
0
31
125
386
252
193
157
264
225
329
197
103
51
257
399
249
320
223
222
337
49
353
399
6
186
382
190
94
70
290
260
226
356
276
199
256
333
342
289
375
170
220
91
124
65
356
284
193
255
284
223
230
86
398
286
224
48
91
42
312
133
78
9
281
166
365
249
161
118
125
177
270
93
29
388
347
203
248
67
328
268
38
172
247
90
99
87
126
305
238
300
107
334
13
341
50
68
265
68
28
49
196
103
395
45
372
326
219
258
307
239
360
201
242
342
68
314
24
88
155
148
9
317
51
155
149
241
210
340
334
86
269
306
68
139
185
69
69
375
77
183
16
148
160
217
163
83
87
156
105
36
309
3
256
393
336
333
338
104
303
77
94
44
219
389
239
115
299
345
361
258
177
27
234
12
392
37
164
316
153
316
123
159
376
57
293
322
372
308
371
230
310
365
98
69
114
289
102
316
17
236
212
120
60
7
199
66
193
344
392
24
270
144
283
365
382
378
214
321
389
301
330
52
24
266
74
250
260
270
398
21
178
170
200
289
113
290
5
174
171
219
133
208
289
394
363
240
391
346
101
348
314
262
262
310
353
285
330
8
378
322
259
283
162
315
373
89
396
239
83
9
255
350
129
227
327
23
61
91
154
396
303
384
372
378
14
316
90
17
147
366
351
82
175
26
247
25
92
156
358
167
221
323
330
212
337
118
378
222
159
399
22
293
349
183
185
169
270
245
50
1
109
116
84
115
154
42
115
230
284
295
396
74
44
360
15
265
297
89
143
151
149
303
379
249
87
216
48
148
107
1
308
117
217
274
170
304
318
259
325
177
380
149
378
1
60
75
205
53
140
237
82
251
295
268
10
94
27
87
278
41
315
289
23
332
304
395
49
317
172
297
130
130
253
31
58
169
112
121
68
333
355
310
43
35
133
45
166
49
69
380
206
327
220
180
76
211
185
115
332
59
242
36
168
0
258
200
59
178
6
252
180
193
111
371
15
39
234
84
320
237
141
393
124
81
125
144
61
312
317
357
30
368
76
261
323
44
125
215
305
108
303
57
164
20
109
215
352
186
123
195
210
161
76
133
5
370
61
139
315
84
163
260
162
290
248
61
262
28
233
216
384
378
256
378
80
280
12
375
38
12
375
32
203
289
250
243
163
176
316
132
35
111
243
144
8
124
66
202
210
180
61
331
141
154
383
24
26
86
140
59
354
328
339
70
330
266
364
54
192
193
28
356
262
291
339
228
186
380
299
170
349
182
398
103
79
208
196
344
147
64
387
225
384
45
314
123
43
53
16
367
398
0
11
214
53
179
299
349
120
135
286
55
277
392
316
168
343
183
120
179
34
315
259
354
269
141
236
258
68
161
109
354
135
356
329
350
162
288
0
90
395
9
241
32
246
379
284
0
180
336
229
51
60
345
5
227
47
161
89
129
226
76
327
343
143
39
292
246
124
352
387
190
325
278
366
97
123
106
203
15
104
193
241
274
128
298
172
242
261
280
267
39
208
377
61
89
118
341
146
236
240
337
82
242
315
3
396
43
253
315
336
284
186
143
221
59
133
111
326
16
270
32
120
23
61
68
180
254
143
314
223
186
87
127
390
396
41
200
64
330
255
197
56
190
172
352
359
203
25
88
172
186
270
109
365
243
378
66
185
330
309
170
261
145
212
192
210
373
125
87
15
123
30
140
337
59
172
352
83
267
42
361
123
108
390
134
0
249
354
213
208
34
332
144
346
236
66
207
387
73
207
311
363
208
94
8
193
29
179
224
171
350
399
353
399
258
338
88
204
183
77
395
153
157
41
312
76
240
101
182
197
330
363
229
146
302
369
155
288
291
228
35
197
92
202
269
197
383
196
215
176
8
338
208
44
322
104
196
306
11
233
216
290
240
64
6
202
188
187
148
293
118
77
216
291
25
98
281
352
274
198
118
286
353
233
35
249
314
69
342
87
264
214
84
160
346
87
252
11
38
302
360
213
379
142
132
112
130
33
373
340
225
186
109
167
292
219
172
37
283
205
289
215
384
294
108
260
299
49
181
340
373
44
351
255
66
176
100
390
351
273
88
389
378
8
166
87
11
173
60
208
241
326
228
139
65
2
239
370
371
193
305
282
82
35
54
20
51
1
263
364
279
54
129
33
55
332
210
212
238
54
346
77
210
326
326
190
394
386
131
229
52
282
367
43
240
303
71
99
47
295
158
285
389
2
219
274
78
90
20
192
104
38
220
321
284
334
148
186
249
294
69
88
322
212
192
105
353
353
78
254
123
343
32
1
196
220
281
130
135
318
233
149
262
345
59
43
181
304
263
323
192
138
311
16
387
0
255
86
33
152
2
367
165
115
338
38
194
183
38
68
58
94
367
134
73
78
282
304
178
307
349
220
2
342
209
9
243
143
394
120
121
71
369
201
16
92
335
387
203
278
111
246
21
316
56
297
53
75
270
342
87
339
101
202
41
396
240
130
373
287
88
19
107
34
399
249
75
284
197
293
84
31
220
376
244
276
287
321
25
254
7
168
181
391
37
9
380
360
64
117
317
233
115
265
129
283
188
2
209
388
395
383
245
239
210
219
178
12
378
110
71
124
248
164
299
171
206
364
352
11
200
146
164
174
378
128
19
242
213
111
77
180
194
133
356
49
229
37
376
36
287
265
87
296
280
50
381
127
269
111
303
371
373
9
383
359
346
172
337
198
289
99
258
101
46
210
3
224
360
19
219
30
206
322
117
83
49
48
205
57
175
34
363
148
282
190
48
381
244
208
245
249
337
176
241
214
374
50
2
321
114
45
46
85
343
388
56
365
46
316
317
138
169
302
3
259
264
182
180
352
114
113
219
20
398
81
382
355
248
171
279
172
97
0
373
394
240
5
358
235
68
5
65
87
193
177
138
71
112
144
19
203
35
179
204
367
237
91
241
366
192
16
390
358
108
259
247
123
390
106
238
35
344
14
226
312
287
60
371
248
225
398
108
141
9
26
160
113
358
126
291
85
49
57
42
118
389
125
170
173
324
55
143
158
257
261
312
107
64
364
92
243
124
202
194
340
336
26
345
133
32
212
304
159
138
2
16
37
8
177
156
322
384
165
65
193
197
88
151
180
358
169
306
340
197
93
75
307
371
66
199
197
359
209
70
29
94
9
275
157
348
2
303
265
352
107
399
264
147
288
307
306
260
362
368
161
352
318
48
144
364
376
192
350
370
6
140
161
63
224
390
236
4
370
248
249
211
106
374
103
69
369
34
250
273
74
285
27
283
165
98
197
310
304
171
77
65
66
284
219
265
173
228
205
172
290
194
200
270
123
168
199
128
221
362
38
16
128
149
361
71
126
59
331
216
253
93
290
188
9
292
217
182
186
213
95
52
81
16
261
299
115
372
101
398
346
93
175
306
184
36
1
220
164
288
285
171
41
254
166
72
152
160
334
202
351
243
79
231
172
211
112
256
80
74
365
347
335
65
54
355
235
1
125
18
50
369
241
277
96
89
357
380
78
117
211
247
81
258
183
41
247
11
275
199
117
166
25
215
28
232
143
327
58
259
2
12
285
8
48
304
223
21
106
211
112
359
97
29
221
263
321
112
358
249
32
143
268
67
179
248
393
80
261
3
35
129
201
258
180
391
302
43
303
271
295
104
391
212
152
281
201
321
258
373
175
39
16
201
298
388
133
304
306
1
71
371
295
181
358
183
48
75
236
3
302
240
160
243
185
84
323
129
186
225
240
209
231
390
393
348
132
254
65
96
57
385
210
167
141
171
183
397
166
367
235
391
391
390
144
130
377
379
370
350
387
315
157
153
335
39
257
58
190
320
59
90
278
304
285
68
370
40
36
137
273
96
10
293
355
143
208
384
369
274
215
399
317
79
293
114
318
291
262
99
45
264
106
157
226
262
259
236
137
29
219
301
70
305
252
204
62
352
33
197
225
346
83
356
165
278
392
66
133
142
1
75
341
214
133
177
368
345
2
370
151
258
251
226
351
247
379
92
386
175
111
224
222
164
221
147
193
46
261
14
112
37
176
109
141
301
161
246
218
310
303
203
28
219
276
326
46
357
365
5
124
24
315
181
291
249
258
343
373
53
257
178
149
383
68
69
143
257
126
302
155
285
186
306
195
11
138
52
27
102
240
366
306
311
237
237
151
82
134
34
285
328
8
196
47
186
227
256
75
316
33
356
254
304
221
202
232
139
271
199
323
164
368
42
145
4
235
87
86
240
305
181
335
27
231
215
313
67
71
275
75
171
371
207
44
290
204
98
135
135
105
246
346
336
287
291
46
48
336
29
307
256
325
92
123
309
27
15
67
144
164
360
264
305
365
77
54
12
79
192
54
358
54
356
116
56
53
143
232
291
387
268
40
235
303
110
251
134
170
313
172
201
349
72
316
327
251
220
37
230
367
317
376
19
75
318
224
193
163
346
101
175
294
337
352
78
180
378
68
203
302
81
166
298
248
136
390
326
352
188
363
21
395
160
322
339
39
159
139
56
39
365
132
225
164
177
193
188
317
350
389
323
219
108
189
240
197
378
212
161
257
302
109
116
24
336
90
130
154
93
341
356
62
209
106
329
274
11
203
352
226
268
303
273
268
23
87
348
273
65
394
160
282
322
397
63
60
186
284
258
370
44
18
329
156
302
110
227
148
188
384
70
132
23
283
322
147
338
288
375
130
289
115
344
82
17
237
7
125
109
54
289
193
375
79
39
357
39
397
302
309
52
210
111
255
203
27
284
318
162
185
394
327
56
13
93
22
101
377
75
126
189
339
318
45
41
334
15
55
194
296
77
73
105
363
225
119
24
292
195
167
348
220
80
54
282
124
152
123
275
329
336
381
149
177
308
388
51
282
152
199
11
250
226
212
386
38
216
247
197
301
181
383
204
15
366
169
175
129
303
84
53
270
307
199
229
270
305
120
147
14
256
246
261
229
29
36
108
223
389
52
340
303
118
217
264
75
43
353
217
179
89
205
18
96
172
295
31
170
100
299
232
20
270
365
287
176
60
44
156
138
160
325
113
46
249
203
242
139
286
34
275
148
189
68
147
391
17
352
55
301
93
113
162
65
354
325
273
170
380
264
245
370
105
198
260
285
298
125
4
369
245
148
68
288
12
189
186
104
200
250
150
172
182
360
23
62
103
167
160
346
103
187
140
2
191
138
138
358
316
371
37
27
334
297
317
46
296
393
61
255
267
338
98
142
145
147
320
236
341
313
293
253
387
310
208
339
200
398
203
38
162
131
287
307
235
262
87
372
176
267
318
115
58
272
93
172
332
356
16
278
158
171
232
124
176
163
30
136
310
221
126
334
185
174
143
388
27
49
153
35
220
355
149
247
12
309
286
47
256
213
233
393
293
125
396
198
253
321
113
322
84
306
259
86
173
23
25
245
307
310
174
284
92
240
39
8
165
298
237
283
41
178
364
208
372
91
115
174
111
394
306
46
248
15
2
371
176
294
268
144
27
119
99
258
301
41
218
369
206
346
123
232
388
143
212
151
278
70
237
67
114
124
67
177
214
40
29
124
200
367
82
6
39
159
179
70
144
218
143
157
324
4
49
369
387
41
358
140
98
319
36
399
274
353
13
58
189
375
386
63
356
255
310
393
354
78
205
38
360
246
236
212
330
49
87
167
292
377
327
308
2
166
195
40
69
1
315
253
285
337
151
152
6
302
290
97
146
364
173
359
216
177
286
88
229
112
210
309
223
271
183
159
293
259
321
96
389
107
41
252
353
353
215
160
112
315
289
77
140
327
204
180
105
370
225
389
158
306
168
285
358
350
297
176
233
123
194
387
145
362
174
252
197
239
180
288
127
117
40
157
333
223
67
387
302
202
330
233
395
145
2
395
249
258
149
316
209
132
80
323
25
393
11
162
390
292
224
151
365
292
170
208
258
268
113
286
114
141
286
117
63
32
32
74
76
23
106
210
178
394
228
324
28
189
77
37
235
381
208
370
38
271
147
398
118
85
315
163
54
347
217
150
166
213
263
333
246
132
140
254
105
219
378
149
172
198
2
237
27
290
28
53
202
308
238
336
142
51
204
318
340
4
81
103
219
1
168
289
323
231
156
94
389
232
187
44
127
300
87
183
255
305
332
220
108
288
58
105
319
399
134
242
262
18
32
330
207
182
107
340
49
99
322
12
279
175
7
123
95
33
359
351
311
368
19
260
333
181
225
228
351
70
119
236
299
96
8
5
371
346
253
43
118
62
234
315
0
132
319
366
14
302
19
378
188
313
64
284
51
149
103
378
204
222
208
308
285
161
22
43
159
353
301
216
18
378
160
253
245
321
310
219
358
295
204
107
383
287
69
42
358
182
283
377
162
17
214
199
396
80
272
70
39
247
147
283
188
364
224
208
126
182
176
119
24
116
203
349
350
161
125
109
172
294
173
203
212
344
67
268
80
357
334
19
92
203
172
13
343
82
332
131
58
385
76
139
268
61
360
151
223
325
275
252
235
345
389
253
149
43
265
43
56
49
197
43
129
394
175
316
2
292
153
149
207
200
156
217
141
205
293
172
122
102
355
24
251
152
17
281
250
115
56
234
380
50
0
205
124
33
280
104
72
357
274
214
77
61
10
26
118
54
355
82
85
277
246
120
35
114
369
50
246
167
73
336
117
323
132
50
276
267
375
287
215
330
107
205
389
221
44
226
192
84
127
349
131
104
192
7
111
291
373
171
123
334
95
353
362
43
71
325
345
316
209
394
53
169
391
169
182
350
15
151
104
387
258
143
5
280
294
45
243
126
274
317
184
300
214
344
331
126
304
67
363
219
365
10
372
196
342
173
55
373
47
286
21
74
205
389
394
279
16
303
56
365
199
23
365
189
299
117
303
183
12
187
274
112
290
342
237
299
260
269
103
284
180
134
36
257
57
163
147
288
238
122
18
290
35
199
175
291
227
274
3
179
10
213
81
89
77
248
353
114
287
321
283
246
95
86
261
292
108
145
88
290
369
326
150
128
159
103
356
231
11
241
322
99
299
12
65
55
367
166
318
373
152
52
361
295
370
143
221
248
44
158
330
277
330
209
163
135
189
208
260
96
327
238
90
159
114
8
296
387
153
96
17
185
105
50
104
268
161
75
116
161
298
252
116
97
59
96
232
108
267
364
199
187
217
322
112
91
189
276
202
292
273
334
302
65
347
31
345
338
307
371
220
339
10
6
195
338
287
97
129
12
289
96
31
233
148
353
388
285
351
33
125
115
124
199
386
389
330
273
58
148
52
329
293
110
270
275
262
362
16
219
153
330
271
53
195
103
30
36
369
67
251
0
302
64
112
168
374
242
283
177
151
14
308
116
209
91
293
242
191
167
40
108
287
212
67
70
140
237
244
323
162
16
6
191
374
30
380
185
364
183
318
299
34
49
35
232
70
383
7
169
263
228
121
330
1
352
153
10
306
196
130
48
29
7
321
351
229
255
62
346
318
353
14
390
365
143
271
209
12
197
397
137
245
10
209
250
329
95
140
115
37
124
214
124
310
4
142
381
291
322
41
148
56
159
91
26
100
209
121
42
246
113
174
14
101
143
233
56
334
357
216
216
358
26
83
10
23
135
350
23
341
360
384
12
196
151
78
304
352
22
259
142
152
162
146
215
14
126
192
351
77
109
165
375
15
119
264
202
36
70
390
108
348
72
2
276
2
70
41
53
93
315
234
332
88
179
149
226
5
28
254
229
163
20
293
180
220
188
258
109
111
321
80
206
199
68
103
2
117
107
360
380
200
377
260
34
346
202
250
313
325
232
256
392
50
287
266
117
352
310
281
44
9
316
101
365
346
330
42
236
364
309
173
53
272
178
329
277
58
353
205
163
140
120
323
2
331
152
246
207
129
263
41
104
235
142
169
79
236
36
139
191
67
27
107
63
161
219
304
0
330
116
183
24
139
182
61
82
141
224
177
310
146
83
64
112
34
197
395
18
392
381
4
61
29
331
333
313
93
177
53
366
337
260
198
151
309
19
178
147
124
172
170
323
117
1
199
151
59
301
166
94
91
199
277
105
82
19
225
222
87
51
225
226
10
121
132
338
244
164
133
391
42
394
143
149
166
82
3
277
34
178
151
319
134
312
1
34
395
222
229
40
286
398
195
61
48
35
109
358
25
127
263
107
42
265
273
226
198
327
261
49
369
182
384
199
281
27
271
352
249
379
82
198
17
15
199
126
236
350
52
368
363
168
82
203
22
293
236
276
324
24
94
390
390
344
398
272
46
24
196
130
134
335
256
354
20
310
180
203
52
342
106
329
210
79
188
294
334
75
14
67
229
264
68
385
127
327
76
220
95
358
377
281
40
346
156
77
156
47
233
149
386
355
76
53
88
305
137
346
177
242
330
327
0
141
382
367
349
19
28
108
209
155
275
174
57
139
356
107
188
124
136
68
215
70
59
255
40
144
394
280
159
251
255
143
155
14
373
197
141
290
353
2
306
142
161
193
62
238
346
20
160
282
78
214
244
204
365
58
135
76
236
27
156
20
29
216
320
234
355
11
172
149
382
29
78
161
173
230
140
249
262
227
256
57
37
86
154
19
27
8
115
189
365
252
373
156
239
61
56
14
204
287
70
21
394
59
338
337
104
351
98
286
360
365
327
182
200
79
170
206
171
40
121
222
291
325
350
217
179
331
232
280
41
126
231
84
303
334
72
273
206
108
342
98
70
294
245
331
161
379
208
331
16
191
299
132
158
12
353
56
229
214
240
289
148
92
347
70
65
23
321
129
270
170
196
389
30
191
229
179
131
389
264
390
70
87
206
184
141
221
220
345
369
363
62
282
117
10
308
358
33
43
116
151
144
37
192
330
376
9
134
41
379
247
22
76
29
228
243
302
324
289
83
294
241
98
27
217
299
253
182
179
5
92
356
234
307
138
188
89
363
92
222
176
363
246
301
105
399
89
34
339
247
123
177
167
262
312
392
251
94
390
93
46
397
59
201
57
205
322
161
181
9
289
250
365
186
104
394
19
73
239
244
84
246
125
94
353
236
88
220
293
278
384
257
298
243
93
368
36
212
124
126
264
378
92
364
263
202
204
387
97
278
241
357
57
353
151
324
252
318
228
0
66
276
361
235
89
54
2
103
334
395
147
80
299
331
258
43
172
275
80
102
229
201
206
150
25
220
379
389
64
303
270
348
29
154
0
30
353
1
249
321
62
37
49
303
9
166
28
178
212
49
40
369
213
197
108
43
80
176
49
171
358
86
17
315
63
118
243
368
271
18
78
103
104
243
338
289
8
0
339
24
128
256
176
209
53
105
202
324
278
281
251
309
255
342
193
395
267
93
130
222
257
23
240
1
30
34
3
177
50
240
137
87
204
229
378
300
271
78
184
327
375
127
195
61
65
162
175
221
252
50
223
300
375
233
352
275
230
227
130
138
132
55
285
280
145
369
321
316
29
303
334
41
384
238
108
305
389
13
6
84
83
174
275
197
34
280
362
149
148
170
23
103
280
254
273
95
369
125
152
16
161
164
293
321
43
206
119
107
172
56
361
134
365
172
225
240
302
212
389
285
58
93
37
42
142
119
56
224
317
227
294
281
230
236
163
77
164
244
257
0
336
262
117
40
219
43
305
242
214
379
220
235
228
14
10
140
47
233
251
29
351
382
273
290
233
147
316
358
45
294
242
264
1
153
174
145
195
166
236
244
58
127
84
395
382
40
250
398
14
348
134
127
360
364
215
310
82
284
0
294
36
384
306
77
72
306
116
346
60
321
379
381
332
174
101
380
388
11
105
318
75
29
104
364
322
87
201
23
151
181
41
379
115
352
150
298
265
346
65
384
87
126
52
251
33
290
172
251
55
332
52
386
18
346
269
193
273
227
201
135
300
87
144
238
162
87
398
313
232
290
202
216
87
235
246
181
155
341
290
74
274
173
63
57
42
309
116
102
257
370
143
386
385
29
284
286
187
129
275
85
77
377
99
322
83
303
391
261
116
63
84
257
347
48
281
275
97
371
51
233
180
80
180
138
93
40
330
164
263
172
378
276
262
180
131
337
158
335
227
71
132
171
260
92
255
186
271
84
295
324
371
376
258
166
230
256
31
158
174
348
370
300
365
304
395
334
343
300
325
374
133
276
280
247
301
74
360
223
90
242
351
136
63
79
335
76
118
23
315
219
304
205
30
149
84
220
389
206
180
42
345
303
286
310
176
195
307
173
156
10
50
179
388
231
134
130
307
227
237
329
149
46
277
302
213
333
157
271
5
389
123
277
51
164
117
338
174
204
150
256
166
389
7
286
398
30
111
213
143
67
51
84
259
157
256
278
149
325
273
375
30
157
237
166
76
253
339
3
304
146
399
167
329
111
309
54
154
368
127
279
241
158
30
223
56
316
270
243
250
255
32
174
132
256
180
273
125
209
289
227
100
398
171
34
385
82
277
262
311
374
297
167
49
90
64
248
15
168
82
68
308
115
232
8
308
93
260
140
174
12
106
183
116
67
109
296
76
310
138
277
118
227
388
223
84
229
255
243
23
211
362
97
392
175
255
356
340
392
89
273
6
116
360
132
298
31
152
318
51
237
206
379
16
253
130
120
22
223
5
316
50
8
369
283
201
75
374
126
294
358
213
242
67
140
66
298
318
370
301
83
189
70
398
262
290
188
385
52
215
237
392
257
241
78
338
259
163
372
143
376
389
91
18
226
335
219
379
295
319
348
360
2
130
61
40
202
259
238
380
353
390
5
271
215
61
269
233
32
267
78
326
141
37
153
307
94
387
84
305
65
171
305
62
73
34
214
235
356
301
123
349
345
206
91
32
50
243
304
92
95
26
99
307
175
216
123
66
32
92
122
323
128
260
236
344
247
385
252
281
192
157
256
164
209
115
201
238
38
279
151
342
305
108
255
298
228
108
86
385
51
37
339
166
158
108
264
78
7
81
55
3
53
358
144
339
6
248
50
26
102
373
254
387
1
186
137
194
329
155
14
56
288
165
259
49
106
40
297
350
6
198
275
93
224
239
348
40
143
279
193
292
26
93
22
351
83
380
267
278
127
50
290
167
362
96
299
5
233
109
330
153
259
222
295
135
283
315
50
243
204
192
279
322
309
208
331
63
225
45
88
82
173
399
262
120
384
132
8
139
103
128
389
289
21
193
65
299
20
383
176
138
244
309
255
150
113
82
367
183
386
47
210
27
61
101
69
186
91
384
99
103
159
389
167
213
51
49
37
60
176
69
187
85
276
66
353
353
118
319
217
372
64
317
220
207
243
355
262
150
240
378
376
34
395
329
47
225
262
268
40
84
58
147
315
125
220
235
43
109
281
63
288
307
119
256
89
179
256
63
381
212
385
77
174
132
358
79
370
387
203
188
44
152
245
369
167
62
244
5
85
189
91
114
120
367
346
77
390
132
270
312
112
103
139
362
358
81
55
359
346
241
63
239
396
61
325
4
129
264
187
231
202
261
171
311
135
149
106
389
175
21
283
308
197
103
85
24
180
101
3
156
132
220
129
27
360
305
306
217
31
154
140
313
325
229
346
82
353
251
382
133
302
310
82
111
1
304
324
87
340
234
95
39
116
70
338
148
304
83
322
80
331
264
147
291
370
248
292
347
218
105
20
222
130
11
28
169
54
134
231
327
60
327
267
198
307
284
385
30
2
312
353
142
154
67
117
157
207
91
21
296
273
67
194
371
194
350
68
176
97
29
82
227
196
377
264
158
208
21
209
334
371
206
65
30
381
37
163
63
283
352
80
85
340
252
235
148
241
205
227
130
134
366
249
178
220
264
78
126
303
341
246
333
109
317
389
69
236
391
272
8
379
393
66
275
88
61
286
300
347
3
169
38
311
291
370
189
217
27
30
65
232
22
87
292
70
203
18
353
269
173
133
288
249
341
76
238
52
18
85
55
337
226
35
267
176
20
256
110
79
106
93
131
11
137
135
153
6
144
36
54
228
129
133
45
196
343
197
51
75
244
26
83
68
382
41
79
104
240
389
8
284
378
133
200
188
74
237
387
301
297
209
272
313
82
15
126
49
273
16
45
349
39
171
198
257
236
256
79
32
82
145
172
227
356
210
392
56
398
308
300
31
156
256
199
372
203
232
244
383
197
308
132
37
319
261
232
323
103
242
375
218
17
301
301
88
89
258
377
167
50
332
84
107
317
270
131
334
393
275
245
264
115
348
61
126
331
136
205
330
235
195
32
19
170
85
228
2
240
246
363
177
69
31
351
109
103
88
384
297
93
16
54
70
286
70
149
13
127
220
77
214
353
146
228
164
284
303
180
334
135
340
343
0
399
50
114
233
53
24
198
103
149
13
15
79
261
110
254
290
31
34
180
282
15
62
116
398
6
166
169
108
204
16
106
126
172
315
371
289
363
239
256
44
11
134
19
394
255
335
182
157
164
27
233
78
271
66
0
386
375
0
381
115
279
356
170
2
327
255
289
33
74
61
263
79
382
215
302
317
323
302
389
272
181
242
228
360
306
12
386
322
39
243
373
163
96
384
343
109
117
218
373
79
214
55
329
323
239
66
89
280
307
262
225
89
79
397
153
140
302
88
101
259
110
207
263
106
88
239
372
184
196
11
335
393
346
77
236
175
216
334
331
123
295
385
72
368
172
363
31
362
37
164
43
221
244
264
22
240
81
48
288
163
193
40
135
122
140
243
209
120
67
200
87
387
249
329
145
123
172
39
188
278
290
152
146
302
290
153
176
346
295
253
153
161
159
281
271
336
319
207
9
259
162
2
220
292
43
63
210
332
139
13
386
22
204
269
67
307
195
195
44
261
271
215
230
264
145
10
300
53
129
319
230
261
93
96
113
187
340
234
7
145
202
56
2
331
373
189
322
61
60
211
250
303
255
267
33
151
40
228
66
160
229
90
60
145
44
137
245
225
131
371
165
283
117
373
59
349
24
112
396
114
78
373
13
273
279
44
324
28
255
101
329
290
149
72
331
272
398
169
242
344
139
6
297
66
289
305
124
1
91
93
68
93
2
187
164
82
350
24
157
16
70
233
399
113
100
392
260
378
203
31
334
192
44
103
215
252
60
288
209
24
218
399
389
388
162
382
394
41
190
23
375
239
140
208
261
155
287
81
16
356
118
121
248
197
149
351
76
99
186
213
38
336
164
160
8
163
255
95
137
202
123
232
196
177
2
211
394
270
223
61
365
1
99
174
286
12
375
337
207
381
312
315
11
16
89
386
334
275
255
233
147
199
138
25
139
65
46
229
153
308
286
98
228
105
237
37
271
124
367
119
274
28
161
188
163
117
353
389
196
1
46
345
155
16
42
121
251
399
94
150
258
80
94
302
166
232
48
30
47
139
82
3
345
64
378
169
276
69
218
46
33
336
61
60
290
69
54
272
224
150
232
254
232
333
391
361
221
41
145
0
390
394
204
218
190
107
215
109
33
14
210
266
85
312
135
224
387
88
140
265
335
146
162
394
8
117
310
136
260
343
211
6
23
43
278
378
229
247
62
116
354
321
205
1
185
333
252
152
