357
2
95
321
1
194
97
245
140
343
361
184
24
241
179
199
172
74
355
285
88
267
279
241
391
370
269
175
251
385
290
186
265
259
252
73
108
122
63
130
385
333
0
233
256
397
222
198
374
202
40
262
40
354
278
171
52
284
119
45
231
384
268
20
146
366
211
71
28
182
123
332
357
196
89
150
79
111
88
154
364
284
3
309
47
398
201
32
252
274
286
364
114
263
133
375
18
177
370
182
201
204
46
331
382
310
143
333
309
314
162
66
201
216
319
57
261
76
392
232
324
11
398
372
155
120
175
181
392
162
310
106
171
32
364
13
190
217
58
248
285
189
58
32
119
112
65
76
231
105
358
86
189
42
233
210
266
390
314
376
233
266
284
354
380
117
14
102
335
164
236
124
141
79
118
329
101
132
337
215
188
225
393
109
362
222
347
234
341
45
291
60
301
43
169
89
172
292
98
148
179
87
135
126
179
386
48
119
395
234
85
264
22
192
63
281
347
53
97
274
314
264
370
255
10
54
71
301
84
339
108
62
187
289
42
377
218
363
97
156
87
335
9
9
110
93
47
198
132
246
211
205
315
131
380
186
258
96
93
99
38
252
288
259
339
117
135
61
72
46
77
292
324
337
88
89
333
50
274
353
9
311
292
66
303
293
218
220
366
123
65
244
185
104
103
153
366
84
258
26
270
195
58
57
279
25
317
379
45
231
196
235
325
74
309
243
191
186
390
24
126
204
164
120
299
70
212
7
274
181
289
67
122
262
342
380
236
46
384
247
372
253
379
165
381
28
384
59
67
226
228
50
151
259
142
102
368
343
28
311
386
50
398
61
213
350
294
13
364
312
348
16
386
301
337
185
182
324
106
67
95
138
71
275
301
363
342
31
78
80
71
194
167
218
101
341
209
283
15
336
86
230
251
367
87
286
17
297
377
256
148
361
321
324
104
231
6
376
84
85
134
383
101
216
324
118
116
334
102
123
105
241
179
123
149
37
46
223
152
233
243
39
228
21
67
22
304
249
103
139
62
33
93
327
374
35
197
303
280
50
369
103
216
285
274
168
242
246
30
253
126
72
399
174
196
113
203
364
173
150
3
297
266
3
186
190
134
233
239
29
258
214
36
118
31
310
273
148
6
352
172
373
103
296
369
116
54
104
290
62
150
171
126
158
359
46
82
332
102
75
377
28
273
213
230
178
272
143
248
134
392
48
160
78
205
325
68
221
253
358
329
15
217
327
257
257
82
284
109
343
210
164
367
227
56
103
156
377
329
398
95
367
271
265
12
12
170
162
339
298
313
7
289
145
288
193
80
166
392
97
310
2
76
357
306
390
24
357
311
196
227
122
389
121
180
12
212
8
183
23
31
138
215
86
105
204
116
338
384
50
8
225
373
346
160
38
358
292
80
274
182
346
261
110
319
257
342
218
244
337
188
215
278
370
380
137
269
213
301
258
70
198
234
126
251
285
239
276
113
394
399
382
277
150
322
264
311
79
160
44
117
53
256
34
98
155
38
162
188
37
29
340
378
321
394
83
185
141
364
97
356
183
242
304
215
370
114
312
203
271
326
206
228
44
382
52
260
243
97
283
51
183
354
21
19
265
44
175
207
100
209
8
256
218
127
340
277
321
303
43
303
49
341
126
374
180
240
102
300
301
343
278
355
4
75
30
157
344
187
196
35
367
330
355
169
253
176
387
378
356
46
97
121
146
11
188
162
364
291
15
15
321
369
252
202
249
372
310
225
315
73
290
180
157
301
209
359
213
252
115
105
327
63
42
295
343
319
206
121
147
191
279
378
278
172
69
103
89
4
326
322
78
369
211
103
281
179
305
198
348
2
61
320
0
238
339
149
31
207
359
371
268
98
132
218
201
164
280
13
205
145
155
313
252
142
6
396
9
251
258
202
7
35
237
226
350
193
308
92
263
114
346
256
181
331
195
290
399
185
72
213
302
128
160
6
194
257
66
156
126
133
202
360
247
49
95
358
372
372
187
76
306
114
164
361
70
248
62
182
106
1
353
56
107
226
193
267
57
351
206
331
169
130
114
212
174
307
73
70
340
339
327
104
317
122
266
225
38
284
26
107
167
312
152
370
374
182
331
152
64
111
114
166
340
143
38
37
299
167
246
315
317
7
248
235
111
319
295
325
33
264
290
179
235
331
392
83
330
322
329
165
275
115
338
246
232
333
384
96
242
228
247
278
313
227
242
33
299
19
293
151
125
260
275
303
54
115
177
34
136
107
118
360
49
96
381
129
58
21
113
239
306
75
387
161
211
37
1
229
301
38
107
51
167
45
319
3
63
153
9
301
293
80
144
65
208
167
270
44
79
375
244
191
266
382
276
361
100
146
100
325
252
39
180
51
98
159
284
331
205
392
164
367
20
263
190
126
272
70
19
296
98
336
316
122
65
292
213
283
152
327
256
376
378
56
19
54
220
393
237
169
216
190
296
102
198
114
32
277
290
6
131
346
56
336
196
384
362
196
81
266
50
396
156
269
250
61
84
158
375
316
72
10
255
317
50
253
73
174
65
161
261
170
122
44
89
267
391
303
378
316
360
9
310
389
237
298
222
183
35
248
317
9
352
294
254
142
212
55
340
93
185
287
290
300
62
376
328
124
58
40
338
139
325
52
325
229
49
156
185
387
84
100
299
396
116
137
11
52
280
90
85
119
0
155
333
149
388
336
354
384
262
145
94
319
63
53
65
39
126
20
82
43
179
317
59
13
367
91
179
112
61
221
118
344
132
177
66
323
92
275
154
86
6
386
280
240
316
168
37
305
39
364
286
267
216
245
83
14
318
320
93
8
149
363
246
291
209
70
67
7
236
332
250
228
350
191
281
386
94
238
223
201
269
298
143
99
335
63
17
165
282
12
23
103
280
186
238
90
257
219
88
399
77
149
65
8
196
368
19
170
82
224
375
137
106
17
220
31
224
168
344
18
228
62
143
304
254
204
297
217
24
159
243
112
304
8
134
393
399
270
9
190
205
56
37
81
96
254
253
327
284
248
255
25
393
4
137
301
340
31
336
285
17
118
34
162
245
90
304
284
357
312
156
61
123
62
2
282
129
379
31
273
106
336
22
291
305
171
1
16
282
321
221
299
382
164
385
218
344
24
110
253
314
308
391
46
280
255
255
69
187
286
278
230
361
77
227
324
135
99
79
276
190
309
174
226
320
332
120
379
282
262
321
86
184
320
153
149
343
170
155
81
10
234
44
96
262
262
58
213
9
135
245
375
267
359
209
4
379
397
91
47
352
293
50
341
107
367
267
214
151
241
215
30
199
298
231
374
347
323
242
360
115
119
366
265
89
168
193
248
316
120
227
371
133
141
383
391
252
23
141
170
206
257
388
169
287
242
294
196
193
135
256
170
333
263
319
351
113
92
380
302
236
208
121
305
111
397
219
126
349
146
30
264
113
163
178
91
230
233
1
187
11
361
293
275
175
213
242
353
88
58
81
145
227
8
372
192
249
287
94
312
77
315
262
307
307
66
325
21
196
12
11
342
395
378
114
87
173
266
45
298
181
219
356
84
223
176
32
18
119
232
101
119
317
31
202
291
167
211
304
214
380
108
154
79
80
125
85
76
219
322
373
367
38
398
325
155
258
282
315
47
379
335
207
300
377
271
138
381
194
384
119
361
58
151
2
26
293
181
22
262
100
87
242
129
146
277
368
66
79
365
124
379
0
69
397
37
167
30
96
214
338
328
307
395
377
253
46
114
39
118
315
11
53
231
293
11
16
45
201
231
243
6
207
17
311
144
152
297
344
299
103
252
368
213
367
32
10
121
381
166
56
28
107
74
311
140
197
357
321
8
266
185
323
278
62
180
99
111
384
307
35
14
383
129
162
24
30
393
14
163
223
29
328
78
150
232
390
128
32
117
249
303
364
104
268
328
133
81
37
99
125
18
27
131
84
68
117
311
366
157
207
348
292
215
311
283
348
49
106
169
119
69
85
221
324
55
132
103
136
269
6
252
178
228
178
186
44
204
283
0
110
263
75
345
329
173
295
315
42
302
32
312
84
320
185
251
278
173
8
265
368
265
111
9
348
381
18
9
123
375
335
91
165
346
266
125
110
171
294
353
283
138
377
166
179
192
73
29
135
299
233
15
20
151
81
100
218
211
24
88
173
72
363
311
8
44
301
221
347
169
380
311
272
346
220
52
382
262
191
25
49
268
230
235
116
339
362
249
15
94
176
265
221
145
337
337
30
326
345
138
208
330
208
158
315
99
105
145
224
96
102
128
330
1
319
31
17
271
363
69
122
16
152
285
91
73
100
313
157
31
69
2
118
5
73
37
19
123
40
151
127
225
130
66
8
207
76
274
55
134
392
163
78
137
341
106
231
318
51
258
329
136
154
232
62
280
109
246
265
277
205
135
31
42
83
267
209
315
46
167
90
60
72
290
172
230
26
181
28
205
396
353
375
129
295
33
300
253
306
374
187
133
82
182
105
7
299
89
389
236
264
204
323
32
227
245
158
38
245
273
6
17
203
125
0
144
317
323
244
205
305
18
159
356
144
319
89
296
174
371
267
316
107
268
278
389
325
328
196
135
350
11
14
222
111
274
224
157
325
374
350
44
293
333
318
268
70
222
287
265
286
394
7
263
27
217
246
291
261
148
358
348
320
291
264
61
297
25
17
27
118
92
102
253
390
67
328
156
22
386
245
388
124
178
393
379
270
41
252
161
220
297
312
340
77
337
7
291
101
385
158
62
274
245
316
261
173
43
301
12
304
303
37
196
214
46
54
83
362
28
262
301
390
25
244
303
192
45
206
71
132
158
352
31
29
317
7
359
141
155
169
359
133
290
76
137
250
393
343
18
233
356
317
79
253
54
161
358
312
315
128
49
396
338
331
120
137
339
338
129
315
54
215
31
374
342
180
76
395
200
380
54
294
109
370
125
384
101
262
62
71
272
283
161
85
198
334
391
193
378
214
376
68
357
304
148
180
193
296
390
327
372
360
163
165
319
294
350
159
92
135
63
295
293
313
101
349
198
319
291
339
29
173
264
352
338
238
396
220
362
134
110
313
358
267
125
324
118
153
190
248
185
144
121
38
50
40
186
279
104
322
11
57
173
267
38
382
375
188
33
7
392
39
182
372
248
284
227
396
148
11
122
184
379
120
162
165
176
346
115
87
66
178
191
384
352
100
376
46
181
211
290
255
150
350
70
261
205
344
118
102
333
266
259
117
325
33
300
88
249
67
237
208
214
318
298
214
250
76
391
0
81
187
129
259
94
314
37
207
215
135
368
354
42
36
86
399
98
295
215
74
353
317
179
285
180
350
312
329
5
21
46
387
138
385
69
311
391
334
184
254
355
223
193
7
28
304
137
165
70
72
261
1
158
337
260
23
321
80
0
40
249
214
379
70
308
45
71
374
290
180
194
320
394
12
97
357
269
355
265
201
338
83
399
365
200
383
4
199
40
252
181
221
171
50
223
10
307
138
33
45
130
286
41
372
274
106
179
61
330
231
113
218
179
59
261
321
242
42
152
149
349
359
132
37
238
215
176
239
73
57
283
352
28
225
314
230
205
163
10
278
107
187
104
198
167
186
144
296
230
172
79
175
101
86
316
337
384
115
327
186
92
116
358
207
264
337
218
176
251
373
10
344
297
290
36
269
224
148
132
378
191
230
214
317
383
234
8
344
146
165
338
393
115
80
234
95
215
219
119
210
238
190
23
16
171
346
301
251
203
138
378
113
101
41
265
41
347
116
96
273
309
258
382
69
59
147
292
275
175
302
67
240
356
293
337
12
228
135
369
177
170
197
233
365
116
166
87
278
387
217
247
256
50
299
339
17
305
78
326
0
354
216
282
20
61
65
316
53
90
287
232
101
189
42
81
391
242
361
274
202
284
396
221
154
16
184
359
100
282
16
18
17
223
144
169
393
234
153
129
174
293
231
176
181
398
156
291
216
263
225
236
46
104
227
140
218
239
366
20
372
0
342
176
67
182
250
7
122
386
334
371
298
254
266
365
141
182
324
266
220
219
44
152
77
1
91
110
251
197
159
204
202
26
191
243
315
361
227
246
59
17
269
53
126
188
140
108
54
135
317
238
43
234
265
357
51
197
13
213
351
230
294
152
70
255
198
285
200
286
200
357
251
84
77
194
180
52
237
295
336
197
6
215
340
304
288
208
123
26
65
178
80
194
210
160
62
88
383
18
123
22
283
36
251
332
196
292
97
162
253
326
274
309
210
284
201
76
3
31
219
60
201
398
58
47
87
202
154
109
177
179
322
123
373
209
124
44
387
156
83
368
278
284
202
159
377
222
183
63
320
43
175
81
64
86
241
171
20
360
195
342
61
126
203
343
350
331
306
192
224
297
344
45
22
193
250
272
70
305
108
280
44
206
312
78
203
175
318
317
212
308
229
233
39
274
309
331
303
375
100
28
67
76
272
346
254
303
6
117
370
265
17
126
177
151
42
11
64
231
73
357
94
73
51
105
189
155
68
172
21
131
293
131
94
349
329
105
115
255
55
287
56
384
272
286
65
21
278
353
158
300
171
168
235
34
286
243
347
82
368
110
337
5
113
391
189
270
212
26
351
184
226
93
284
221
263
139
254
18
198
106
40
78
120
395
177
92
396
254
162
362
296
82
333
38
248
337
257
278
63
169
235
80
79
61
298
1
381
47
153
168
287
191
164
147
160
394
376
353
361
140
236
237
281
285
348
13
237
96
67
175
15
140
105
24
91
377
286
15
302
6
252
17
377
380
398
32
203
152
231
22
291
350
280
89
82
194
310
109
248
318
382
356
180
230
184
20
130
330
138
88
266
28
85
228
318
305
212
122
345
308
48
243
50
99
360
10
371
277
8
372
339
127
36
234
192
35
253
120
170
377
242
208
314
310
307
320
18
324
187
39
185
374
280
207
380
190
115
319
134
90
292
50
189
334
200
295
257
126
350
246
128
340
73
53
20
399
328
349
331
381
101
122
153
208
386
364
363
228
352
272
49
108
77
76
164
317
270
95
30
82
58
318
179
348
120
383
167
300
379
134
187
358
160
16
155
72
74
24
2
220
16
183
249
310
6
128
270
387
179
101
308
125
14
333
132
262
269
330
69
359
388
206
225
264
208
47
241
31
304
312
277
177
388
370
363
184
54
332
113
177
332
152
254
353
306
110
118
227
275
66
366
240
149
328
142
10
383
235
21
51
156
342
112
349
204
323
33
238
337
314
223
278
20
312
388
3
81
263
247
199
51
13
333
337
110
22
32
14
235
193
251
255
169
303
247
73
182
348
337
123
93
391
12
285
40
297
59
163
164
29
369
175
74
240
306
70
21
350
357
273
299
127
22
302
219
257
200
211
319
95
300
138
256
101
378
64
233
130
83
38
103
31
48
119
259
393
8
20
188
81
314
251
210
361
350
302
3
268
202
354
151
8
344
316
322
142
285
22
306
307
264
221
342
355
115
205
380
394
33
74
245
268
367
366
277
128
69
143
81
118
314
83
196
200
223
112
256
240
29
200
67
310
305
43
35
184
43
360
5
123
83
334
147
41
150
64
81
26
187
294
147
40
133
344
292
358
95
173
100
177
141
287
97
305
319
382
244
302
237
263
158
117
199
16
309
5
132
317
395
308
151
84
354
322
256
253
266
399
40
72
210
366
325
146
111
293
33
225
46
317
362
393
106
76
307
288
281
283
258
191
140
63
244
297
159
395
179
273
67
108
156
201
136
33
311
308
92
249
265
29
219
224
366
78
118
237
238
355
184
32
142
385
32
77
198
387
174
144
26
297
189
39
387
311
377
367
292
286
205
281
208
396
154
311
396
94
28
150
59
355
306
59
113
13
254
30
179
194
28
77
391
348
55
312
276
397
17
218
362
0
49
214
192
376
69
217
289
283
170
128
88
396
60
69
160
122
215
334
127
25
260
149
357
132
327
184
107
122
163
259
37
362
246
77
93
367
97
260
77
95
371
83
36
114
165
33
81
244
231
34
23
233
358
75
371
105
305
128
98
377
218
23
185
176
271
311
122
347
390
206
84
222
157
32
166
114
204
123
356
138
305
398
339
114
289
157
298
90
327
178
147
268
332
158
320
7
64
146
387
250
357
130
295
211
264
138
276
143
110
387
110
386
299
240
72
367
254
277
4
102
68
268
174
199
277
146
13
334
52
225
4
266
226
160
11
156
98
301
85
359
157
287
222
145
74
231
62
64
298
74
264
125
292
382
53
184
310
125
365
218
2
24
169
286
31
91
189
39
240
134
397
52
292
48
263
123
92
281
191
298
97
357
113
148
44
304
241
144
283
331
104
332
158
331
251
149
106
218
193
168
89
305
335
10
332
162
112
334
141
313
313
215
96
169
172
155
83
185
245
145
257
252
150
364
376
372
151
59
52
386
236
210
296
27
140
236
29
270
114
175
20
145
386
329
319
48
255
337
139
178
149
321
391
23
350
247
378
22
75
251
385
293
67
385
301
3
164
85
228
390
22
283
348
66
348
157
89
319
381
251
47
219
305
395
16
154
111
387
233
334
300
223
320
58
77
233
325
351
328
38
210
260
306
236
10
219
131
260
246
171
24
99
320
170
239
217
45
50
310
381
5
54
241
394
281
34
63
170
255
90
329
176
175
67
277
211
21
282
82
307
93
131
132
89
168
152
261
319
361
347
141
63
237
282
298
285
262
202
198
145
151
167
162
76
193
186
48
296
174
4
209
101
0
149
218
129
121
31
0
366
152
340
159
28
301
391
2
7
58
354
243
81
72
65
260
378
281
234
52
137
64
97
268
386
353
215
240
179
130
249
140
382
101
194
126
128
167
80
20
230
53
370
74
315
367
124
322
208
72
261
376
57
271
264
354
263
374
339
28
275
96
332
233
341
224
166
114
144
81
183
163
58
328
208
202
154
253
84
231
131
113
307
186
266
2
135
181
322
118
49
316
189
12
213
211
288
96
41
325
188
330
374
61
94
234
78
348
358
240
69
114
151
193
67
358
46
235
244
351
338
154
212
36
205
379
7
144
38
340
42
72
48
263
306
191
240
249
82
226
80
83
110
66
282
345
297
365
27
365
28
281
208
135
315
174
51
143
141
65
313
67
51
332
294
143
331
256
154
374
342
31
300
354
145
192
392
388
136
41
48
219
253
46
122
127
323
288
34
25
377
211
49
363
160
381
76
325
234
59
202
366
366
215
20
271
107
322
394
26
169
19
48
287
300
280
180
148
121
203
362
209
13
112
205
294
29
42
99
89
199
188
286
241
381
289
142
62
47
292
332
55
118
269
212
223
281
170
344
176
274
82
269
192
47
369
162
195
60
116
289
294
142
395
311
47
256
216
192
238
9
318
292
46
12
163
393
271
372
257
272
58
259
268
98
339
324
104
313
257
178
314
137
54
232
110
222
94
195
95
367
176
24
109
267
94
80
22
154
315
328
175
11
378
266
95
85
264
135
21
83
377
3
289
131
4
355
65
12
23
88
29
346
23
187
92
45
89
110
61
31
239
20
277
192
94
84
71
163
75
3
110
226
292
341
10
375
246
126
22
328
255
27
72
120
355
219
26
285
155
100
154
32
116
198
29
17
295
327
172
251
232
395
294
3
182
171
188
17
199
245
211
310
199
353
291
277
199
246
39
150
195
72
247
349
0
320
271
109
271
15
303
157
26
297
374
227
145
306
238
386
78
112
207
232
33
324
271
218
134
344
385
249
157
89
95
233
93
27
348
75
326
15
350
23
141
163
368
172
221
385
64
253
21
277
126
186
371
26
148
381
80
344
22
326
17
137
219
288
222
198
56
14
64
66
246
382
257
2
234
382
224
194
112
118
0
373
310
277
70
223
299
225
92
388
2
68
58
25
87
382
309
280
322
222
22
355
260
157
238
29
133
271
4
49
1
17
222
291
121
347
65
80
162
84
274
4
241
18
310
194
200
59
2
124
150
345
165
384
223
140
146
167
325
173
329
116
186
266
88
399
283
15
180
194
264
389
230
47
278
87
96
375
249
61
5
305
144
390
134
191
334
354
186
222
108
188
390
35
190
80
269
85
343
92
322
372
275
235
230
269
361
329
295
253
332
73
334
331
7
369
6
381
367
389
278
266
148
339
286
93
375
166
174
327
112
155
79
380
237
241
210
280
356
299
131
274
11
313
64
151
59
376
305
80
62
191
125
147
321
389
112
219
296
380
189
327
237
189
139
223
341
383
22
294
114
315
376
343
30
352
347
57
244
366
331
316
138
340
171
108
334
244
356
263
66
166
363
338
101
121
138
38
102
395
23
123
315
330
33
296
27
61
309
149
393
261
192
312
207
386
218
259
101
321
253
309
242
84
250
169
139
6
151
51
71
208
139
228
398
56
359
123
332
399
251
134
100
219
185
38
66
39
249
121
16
133
331
280
220
238
358
251
55
334
60
250
214
236
164
20
298
336
52
61
167
144
149
131
219
278
214
29
190
103
387
386
253
11
4
275
169
33
137
58
48
295
386
141
392
299
52
235
380
22
47
336
380
200
362
3
88
133
2
373
388
114
261
138
312
182
261
35
257
314
46
326
226
240
260
144
299
48
142
377
343
225
341
246
135
293
244
338
215
204
69
37
374
182
99
27
77
341
191
335
52
298
299
190
342
181
331
273
167
329
3
79
282
167
362
390
399
397
155
107
79
138
32
18
361
393
324
58
189
36
55
189
149
149
267
249
161
107
230
363
201
372
161
218
200
159
133
231
169
365
240
387
29
86
261
305
73
342
207
348
71
125
318
249
271
114
310
14
203
372
247
386
57
210
179
300
67
385
225
265
17
229
15
53
203
6
281
285
394
129
59
286
86
358
322
51
227
198
67
49
9
125
176
234
70
228
352
383
118
136
369
157
196
39
153
374
103
63
86
351
86
156
224
146
359
278
384
246
0
95
311
153
99
15
133
254
170
11
392
396
71
54
228
177
12
214
230
213
196
293
391
119
299
35
319
52
237
294
268
193
96
341
34
195
105
59
118
44
193
301
372
262
258
247
34
70
264
234
10
156
211
49
229
29
235
133
363
346
13
153
361
247
234
6
102
361
92
300
126
320
256
107
257
158
188
247
68
381
8
390
292
200
222
173
94
189
302
37
311
93
24
219
324
178
319
300
313
123
231
29
229
108
256
55
175
319
245
251
52
292
45
57
63
326
335
343
78
7
300
328
257
248
252
373
197
265
206
205
337
7
253
167
318
111
175
163
79
134
142
16
375
80
208
275
223
28
335
47
72
346
63
383
235
55
241
33
178
61
142
273
328
62
146
357
111
40
195
394
225
390
319
237
29
216
165
248
24
34
109
17
326
309
263
24
275
379
16
326
18
154
205
340
255
109
8
303
367
344
293
267
26
271
313
0
266
133
317
61
328
72
75
153
364
341
327
354
224
136
208
194
166
259
294
329
174
333
360
1
215
11
262
206
23
101
300
279
376
312
33
320
212
135
302
49
327
204
112
270
184
64
335
117
288
21
128
273
360
249
54
150
229
128
197
214
223
167
121
28
106
268
317
276
26
209
5
349
314
8
364
77
242
181
308
342
60
118
295
224
136
188
355
393
168
41
49
226
167
395
277
82
327
146
251
56
119
102
175
370
64
328
32
140
253
294
317
319
91
217
214
17
111
159
103
224
37
224
295
274
365
371
204
208
307
59
189
398
249
43
293
284
244
55
177
52
13
388
241
323
39
58
5
61
70
381
244
73
127
348
272
336
272
312
83
318
84
200
58
60
262
365
283
155
381
28
67
141
281
188
149
310
196
341
146
97
311
298
58
255
245
333
145
318
361
171
279
77
143
43
12
90
65
314
83
239
102
385
86
287
357
33
51
31
242
386
97
355
391
381
69
239
317
387
145
396
291
385
306
72
60
231
383
80
330
330
191
129
285
154
10
399
303
311
235
182
4
301
116
335
133
195
342
256
157
218
3
242
290
147
195
386
308
293
184
144
98
174
296
290
252
254
60
13
225
163
271
347
30
135
159
46
234
221
236
85
65
337
113
187
7
114
371
383
103
325
4
225
303
213
311
198
58
160
74
33
268
105
228
279
393
229
394
255
65
9
376
334
12
205
176
351
383
315
371
36
262
225
132
275
195
290
261
207
169
193
122
158
99
124
368
183
349
46
326
131
88
109
284
160
224
267
303
269
137
259
295
25
45
357
386
173
303
193
342
228
392
28
86
35
234
322
163
59
116
309
361
48
273
333
144
301
115
365
126
148
369
145
313
236
29
175
237
47
16
195
205
60
61
138
93
396
297
157
341
233
209
51
191
49
240
291
276
6
133
162
238
308
303
358
16
297
40
179
117
151
355
279
227
351
198
270
124
95
253
149
101
236
86
338
11
92
62
204
132
93
279
136
197
200
301
21
342
76
201
82
322
198
279
166
223
275
33
1
241
250
202
375
182
356
173
65
98
111
391
389
306
144
167
209
170
358
123
132
373
371
68
181
15
49
389
263
261
223
177
251
269
52
312
122
28
386
262
277
167
17
42
280
231
123
271
257
27
184
161
200
156
61
328
23
59
132
283
133
98
337
71
368
61
76
137
120
315
220
293
305
300
339
196
256
171
324
306
370
18
128
24
301
390
204
56
371
248
340
260
254
394
180
333
309
255
259
232
214
333
151
0
268
324
358
335
99
50
267
348
167
3
303
145
351
3
276
250
8
176
47
250
11
203
330
318
162
361
269
97
72
222
256
341
366
94
298
190
186
47
361
384
60
294
332
55
261
100
320
343
233
283
161
26
323
398
247
262
289
379
91
86
197
302
38
215
226
125
155
360
11
54
376
387
275
176
327
20
94
152
121
291
292
381
36
116
340
114
107
143
356
299
136
342
266
201
149
126
221
250
200
211
18
237
128
34
199
96
119
371
49
90
141
260
244
165
351
60
120
294
226
53
309
139
279
100
109
232
359
5
251
377
171
231
154
293
376
89
295
281
370
342
126
147
129
7
279
170
48
345
167
171
100
321
161
120
168
259
279
117
295
142
125
122
116
297
93
159
151
245
397
173
366
335
56
42
84
228
130
8
160
145
220
189
104
105
362
91
262
123
156
223
235
395
396
356
204
341
64
17
104
392
243
123
294
371
189
54
307
56
132
243
143
349
33
139
119
213
144
24
104
364
193
247
161
271
291
76
144
218
26
250
225
143
204
340
281
151
134
127
359
362
187
250
389
240
374
117
65
277
141
180
40
9
197
281
311
316
179
241
191
321
66
328
147
92
270
35
262
81
381
214
361
99
246
197
212
108
304
395
95
255
264
370
279
345
44
392
58
198
201
356
262
41
265
65
380
212
61
187
296
396
58
129
38
82
96
326
302
252
253
310
139
44
256
123
2
174
49
99
203
227
25
376
206
132
82
87
13
140
25
187
205
144
386
182
379
367
63
316
244
188
24
355
186
112
236
105
306
387
26
277
315
79
118
76
141
383
348
223
340
135
13
223
24
119
275
375
171
225
40
102
216
178
30
39
212
356
371
228
264
351
9
138
209
231
286
239
74
300
172
48
114
142
253
305
167
19
192
280
343
12
233
135
9
162
202
380
107
23
42
351
376
369
363
391
399
4
88
191
174
211
357
232
153
158
2
8
307
36
216
363
355
294
347
107
55
76
213
218
276
258
112
46
137
206
356
355
202
83
133
1
249
217
299
356
250
286
56
379
296
92
40
51
221
316
144
101
69
112
68
299
87
133
369
67
62
160
231
4
296
191
399
357
344
45
124
120
113
351
130
198
234
230
266
181
384
106
13
218
323
244
377
110
194
219
125
279
94
46
371
267
198
317
227
33
194
163
74
30
175
79
303
104
318
378
172
16
46
382
398
232
388
231
389
35
9
366
147
73
199
99
108
288
260
215
309
56
308
116
232
320
385
191
147
296
158
307
181
169
341
330
7
82
259
114
374
232
311
250
85
94
291
210
377
359
36
31
14
107
12
337
301
72
276
89
30
133
306
104
300
9
186
5
244
185
32
325
118
384
4
297
181
188
373
293
139
52
265
15
287
349
2
60
278
86
354
185
334
6
171
193
78
319
235
10
183
336
275
175
333
240
107
173
164
357
59
117
240
367
78
344
88
133
278
65
25
95
162
126
289
167
206
396
286
185
282
363
269
46
354
44
23
131
165
161
129
379
152
199
369
107
79
24
153
227
393
283
186
313
74
333
377
393
116
43
209
364
180
293
112
13
230
377
83
49
0
66
169
261
145
198
302
12
225
303
255
237
203
349
126
357
77
366
133
316
185
114
292
85
363
248
117
31
332
193
148
31
200
132
71
213
106
152
171
82
252
137
88
100
157
160
371
177
38
235
290
324
73
86
166
265
268
224
172
217
10
43
297
325
283
85
289
159
239
24
115
246
68
297
42
209
350
195
210
230
20
145
10
278
149
342
220
154
27
63
345
392
172
76
344
186
273
93
44
214
32
200
42
57
91
357
312
302
71
43
226
66
351
176
283
244
16
264
295
105
374
353
295
354
309
309
297
153
253
51
188
183
286
336
21
157
326
319
229
252
271
392
72
291
207
379
178
37
51
229
45
195
303
49
101
54
328
210
223
388
278
88
33
319
339
179
237
212
388
374
259
338
199
126
21
364
94
70
161
181
339
54
310
236
19
388
380
351
110
306
180
224
324
2
107
195
52
348
249
317
13
339
399
363
106
101
52
42
208
230
199
219
62
59
108
371
228
68
380
325
257
395
166
358
158
199
155
274
98
203
60
202
136
272
135
264
236
359
96
86
204
2
58
221
313
349
173
148
240
326
220
292
313
107
104
0
89
256
349
163
62
6
278
170
122
153
149
332
85
362
240
235
170
19
118
369
209
236
162
342
132
157
133
379
168
145
222
170
128
193
34
187
273
323
356
165
398
173
162
308
154
369
174
275
86
191
58
181
138
154
291
75
133
119
127
287
119
259
211
58
264
281
27
123
64
304
115
333
168
215
18
250
169
97
224
95
317
351
240
297
316
326
117
361
258
157
44
27
59
172
111
337
277
123
388
75
29
368
335
36
40
196
236
289
302
81
96
237
76
251
294
199
27
144
153
299
208
217
90
60
335
119
13
238
100
395
313
319
4
39
225
11
124
92
316
260
307
231
253
13
273
240
148
271
159
271
28
252
33
211
29
74
108
183
260
393
167
127
367
243
62
64
35
259
156
125
101
342
247
306
362
58
341
299
272
222
158
26
254
33
195
315
198
302
184
290
368
112
219
85
8
336
45
136
391
188
125
392
1
133
206
55
139
31
50
79
168
157
286
288
154
380
58
48
203
198
64
273
2
326
392
115
376
229
146
208
262
25
317
162
147
263
177
84
175
318
161
292
130
153
313
259
395
103
63
66
374
216
361
288
58
197
81
220
165
274
286
330
144
387
282
337
321
78
224
287
332
111
384
334
192
326
399
85
91
370
36
35
156
39
39
159
233
199
119
5
289
105
104
100
284
154
81
150
137
22
73
21
153
244
55
181
50
46
148
144
109
37
217
385
162
149
260
369
26
52
46
338
250
169
328
369
173
334
99
129
11
327
142
154
317
293
3
130
355
199
56
13
138
361
227
382
157
338
302
315
254
277
212
2
64
54
367
53
363
175
211
293
117
258
178
31
93
335
201
179
2
335
174
255
383
173
346
286
38
67
49
345
230
62
55
306
246
269
16
218
190
39
164
60
326
279
1
154
138
313
247
262
61
250
310
346
322
311
128
255
282
274
298
40
263
314
262
200
161
204
130
25
287
3
347
185
357
24
133
62
240
288
321
55
295
317
369
288
36
180
157
112
314
286
19
269
391
10
206
346
173
324
47
164
340
259
136
322
274
390
266
329
270
82
134
327
349
299
60
381
134
68
208
189
167
328
192
225
144
345
304
378
338
190
27
139
395
138
326
126
91
369
209
385
245
254
365
333
33
279
204
34
363
195
175
343
285
189
68
388
96
78
264
266
135
178
83
22
41
149
189
190
311
52
389
128
235
75
48
331
200
321
27
376
116
24
169
193
111
307
205
235
344
12
139
182
316
206
295
89
46
328
98
195
183
268
364
382
42
100
389
387
358
185
260
208
364
272
11
26
57
186
199
147
371
182
251
45
343
254
5
19
85
111
366
361
123
328
247
133
150
198
385
371
213
301
55
321
370
71
74
99
66
290
51
209
292
27
192
319
227
225
104
216
372
238
72
34
132
89
196
120
134
63
371
204
32
367
201
395
251
45
333
389
205
369
269
290
112
206
287
95
66
120
153
279
366
128
260
247
92
331
269
72
210
66
345
232
169
340
324
208
109
298
230
279
249
352
370
60
186
148
28
288
273
138
230
268
324
68
31
2
99
2
278
79
299
115
382
173
299
14
366
399
299
221
185
244
288
360
63
335
386
172
128
204
395
212
275
216
310
210
338
55
342
70
72
363
246
31
325
395
45
378
294
364
133
14
343
300
131
284
195
156
288
265
9
101
248
364
218
87
356
97
304
238
214
89
179
373
203
180
45
163
193
163
324
28
334
370
159
172
266
393
31
105
22
254
93
312
201
66
395
124
93
306
43
101
29
363
155
190
130
333
201
363
116
67
289
79
71
48
219
82
120
292
358
322
128
50
295
21
46
194
44
280
265
92
2
271
222
147
73
268
388
388
332
251
146
201
308
341
239
137
330
230
28
235
168
112
399
130
315
268
187
10
370
136
373
270
261
20
234
370
310
392
399
371
220
59
188
135
192
24
29
161
256
378
214
293
14
133
194
213
50
222
19
98
41
210
385
355
36
367
200
73
140
100
89
389
31
260
48
163
21
251
185
333
330
180
52
343
172
142
82
211
240
316
15
272
342
232
71
98
62
362
244
238
287
242
101
306
190
305
131
220
5
216
378
383
36
397
268
80
0
227
162
155
89
387
303
319
397
354
274
303
210
169
112
345
29
233
323
196
329
243
192
101
275
204
161
129
319
390
197
194
3
377
272
85
307
245
42
253
202
211
243
210
41
327
329
84
130
44
332
1
97
213
395
238
296
394
213
266
124
76
255
87
387
129
357
260
233
197
270
170
22
373
62
229
165
99
376
317
104
41
143
11
183
391
135
347
290
345
298
169
303
301
343
398
304
148
208
276
240
64
76
297
380
111
270
7
289
181
363
94
72
340
71
361
109
127
243
259
213
177
67
62
345
78
321
383
203
21
90
296
54
8
184
143
73
159
151
218
347
115
194
343
319
134
146
329
375
70
141
46
130
186
117
111
197
336
225
51
372
218
207
40
49
186
241
47
94
128
72
298
25
91
262
70
396
355
187
156
147
265
164
60
131
363
194
155
134
77
16
361
61
47
136
291
320
394
81
247
168
336
183
351
232
102
149
126
228
376
54
16
291
171
370
113
217
325
284
0
50
152
344
197
107
150
295
261
181
262
274
313
352
204
123
18
228
336
57
395
77
41
136
353
138
378
375
166
99
381
32
8
80
239
14
390
45
323
228
120
156
27
368
160
209
18
291
260
123
17
212
192
295
102
392
399
274
398
35
66
24
268
41
356
286
254
202
63
133
14
299
183
45
50
155
7
206
372
142
49
65
378
6
82
34
146
240
19
372
283
198
130
240
166
115
247
55
355
125
225
260
113
259
210
356
217
232
288
137
155
31
240
128
64
202
202
339
399
320
65
52
352
345
211
150
398
265
285
216
298
80
263
322
383
361
37
207
171
359
289
211
77
187
284
393
272
177
276
380
94
152
334
346
147
60
53
40
71
51
279
142
205
36
264
233
250
160
304
134
195
328
80
134
100
49
155
14
17
72
332
235
100
4
290
397
190
267
268
218
90
121
120
26
390
233
375
76
238
0
168
129
215
256
52
225
91
311
183
87
280
20
248
48
344
309
261
331
296
219
157
160
257
100
215
346
151
83
226
307
174
88
236
337
75
197
221
254
228
330
354
226
243
388
126
226
243
120
289
41
237
260
99
135
30
109
302
131
250
157
45
363
166
371
55
217
242
318
44
353
134
324
306
343
368
344
260
44
261
130
168
76
385
6
143
293
342
94
300
11
207
340
94
197
92
168
208
210
11
249
53
107
255
335
289
175
389
189
373
198
375
358
236
305
54
356
262
71
13
234
234
168
278
92
396
389
34
256
381
372
206
199
41
294
366
271
198
179
118
112
335
298
268
214
30
177
96
364
62
123
373
388
349
170
173
208
303
24
190
177
111
34
170
241
272
9
215
149
185
341
226
345
128
50
118
217
124
190
194
37
307
259
229
159
341
25
138
4
314
77
53
297
16
36
41
211
270
134
56
385
275
211
7
85
233
338
341
150
179
36
40
295
205
268
369
326
238
384
94
49
219
365
292
228
52
179
300
132
262
75
314
328
92
215
230
70
100
364
301
329
67
298
101
353
102
32
61
288
61
368
204
154
387
247
157
144
380
74
286
196
210
109
263
74
209
220
263
194
216
102
296
54
277
324
364
308
26
334
116
45
23
289
35
159
380
335
27
122
332
34
203
93
168
325
325
91
5
216
237
310
335
354
148
324
88
256
294
382
26
138
299
351
111
120
394
195
125
171
109
3
64
355
44
362
67
67
321
177
60
397
315
149
375
102
373
216
139
380
125
60
163
349
304
39
131
108
96
371
77
323
156
172
131
317
14
394
269
267
395
9
376
114
221
319
234
6
169
121
165
1
370
376
396
4
50
376
123
83
149
178
208
290
109
263
164
145
314
280
15
313
150
270
180
306
171
109
28
396
390
1
129
172
153
340
267
122
109
229
87
171
46
258
204
257
189
87
342
91
74
14
297
393
349
83
63
168
42
325
193
182
201
344
359
269
76
394
297
69
118
390
346
121
48
275
396
117
276
250
41
76
102
281
39
177
105
369
99
356
50
108
197
8
397
24
255
310
277
358
386
270
196
147
392
240
68
369
389
59
140
116
225
202
49
147
3
367
111
54
221
349
15
106
239
301
144
47
133
374
82
136
353
91
143
392
14
335
388
320
36
202
203
337
96
10
150
282
371
72
114
3
355
118
195
157
357
384
372
133
177
69
139
27
60
66
74
126
321
362
279
256
397
376
360
91
20
221
220
365
212
40
245
342
18
53
237
278
38
249
43
31
78
220
67
183
285
136
144
26
106
188
3
213
366
349
169
36
339
5
303
109
27
19
187
320
371
149
200
151
347
70
389
159
83
269
294
394
286
378
316
312
93
355
21
23
336
176
55
345
328
152
200
66
394
267
306
122
203
133
51
298
59
348
69
18
334
85
247
110
254
348
46
193
366
174
131
223
0
280
191
294
321
121
328
378
323
322
334
28
281
249
231
122
389
75
154
384
237
244
355
111
44
32
338
30
9
255
79
267
46
70
65
288
56
256
161
179
249
12
65
228
24
25
160
386
222
349
30
149
23
284
282
127
320
336
272
398
370
381
5
122
289
12
242
278
106
341
96
37
109
116
354
214
20
259
221
42
21
321
306
2
67
47
360
382
152
203
283
284
127
1
62
229
306
381
55
181
160
175
190
84
30
10
331
66
38
306
201
95
238
263
232
285
324
119
214
318
364
317
19
181
154
22
149
282
83
304
176
162
246
38
159
297
386
142
123
163
261
15
358
76
287
272
254
340
280
168
184
382
177
8
17
284
142
128
367
79
359
362
21
25
332
293
14
269
176
249
363
247
281
129
161
45
224
52
167
236
220
183
225
109
172
115
274
344
66
307
392
395
396
164
391
393
209
201
178
340
170
329
161
42
111
171
247
194
399
327
191
350
12
224
48
132
273
285
73
112
243
97
207
388
303
313
274
228
377
116
374
170
187
217
99
53
260
312
8
266
333
334
270
389
137
4
63
378
277
40
54
245
197
326
149
377
223
172
35
231
388
334
110
139
242
247
16
91
325
112
252
315
272
136
248
384
363
222
221
382
109
324
393
222
372
37
387
40
392
98
295
74
4
267
348
41
156
309
190
176
259
355
237
330
127
331
116
204
243
330
226
96
276
396
345
197
212
136
352
281
185
326
336
359
368
112
74
269
293
242
171
221
70
314
230
245
77
16
15
279
397
298
203
92
9
54
49
263
298
243
51
130
383
392
106
274
147
314
5
104
206
342
13
254
296
41
341
80
142
27
42
87
393
379
296
336
23
248
196
111
310
48
312
157
146
242
91
373
246
221
83
217
367
328
384
393
56
149
36
223
3
86
7
55
191
30
175
261
117
183
347
241
229
337
46
386
63
231
71
332
118
135
28
129
388
172
394
346
165
195
54
244
299
55
289
194
303
240
208
181
235
62
81
162
385
145
348
239
24
201
133
364
169
325
222
179
257
55
63
271
56
133
26
93
113
175
183
273
261
177
34
339
75
69
142
392
22
216
47
200
299
74
317
104
71
276
13
340
217
307
56
90
231
140
183
161
377
76
256
35
85
310
139
331
71
258
283
48
306
1
12
264
391
10
284
3
368
192
148
137
101
397
360
345
23
397
203
188
17
247
251
192
395
176
103
287
172
56
271
195
96
13
308
266
220
65
175
361
73
239
268
182
329
11
43
21
144
59
17
397
102
54
277
132
343
64
105
243
363
109
92
325
153
339
177
199
189
119
348
183
199
284
351
348
71
87
327
369
265
170
10
216
319
350
368
92
362
226
377
202
88
390
15
312
309
397
260
50
353
178
182
290
173
326
387
20
395
391
266
287
172
124
225
144
357
141
112
116
197
256
172
224
139
376
219
47
176
70
37
51
308
287
134
258
398
288
181
379
298
195
331
175
43
73
195
78
98
167
119
352
355
283
65
83
360
212
354
38
322
349
335
94
4
207
350
293
205
397
162
333
126
215
29
6
98
326
284
299
266
126
394
106
154
394
391
365
188
199
256
41
93
366
348
352
220
232
214
90
92
280
330
74
247
94
160
79
301
178
107
332
336
364
248
204
352
394
111
150
362
39
120
217
247
338
357
10
286
288
386
309
326
156
157
256
78
305
200
311
29
302
144
218
330
122
151
51
370
362
253
292
133
376
291
247
308
151
391
14
212
215
60
301
59
116
26
106
258
354
300
252
72
60
373
141
5
16
10
305
320
230
44
396
397
127
294
274
156
93
111
352
278
275
89
105
60
195
287
392
179
332
263
373
210
368
299
302
181
279
146
226
141
238
155
136
178
244
257
339
333
107
96
359
68
275
129
252
312
287
318
55
221
163
312
43
313
134
19
296
383
261
226
332
93
208
83
3
393
318
35
209
194
169
189
90
124
176
131
133
320
127
351
369
395
15
276
24
95
65
239
2
274
15
51
317
98
205
124
104
271
262
289
159
303
69
379
234
171
116
224
150
174
91
397
363
372
287
112
127
342
383
250
388
48
129
229
116
177
350
378
81
136
156
73
371
159
346
95
331
341
361
75
240
69
397
0
362
162
199
294
90
253
218
216
326
370
47
382
353
148
281
91
353
140
398
107
179
366
29
123
273
205
82
346
318
252
350
30
243
388
131
229
271
54
163
218
3
148
124
278
5
183
283
360
247
98
239
285
310
232
172
25
220
270
178
360
318
141
244
22
176
272
22
389
101
353
354
81
250
77
300
114
287
330
59
185
157
20
120
222
154
306
104
25
386
375
40
183
38
38
110
189
2
49
372
99
330
393
322
243
329
222
122
14
50
336
366
89
211
47
304
132
15
251
226
64
63
30
28
61
12
116
6
74
345
353
244
374
277
340
344
280
154
144
248
141
323
25
27
260
5
187
123
211
353
81
196
51
237
294
184
217
271
277
72
189
106
221
8
364
383
324
58
218
211
372
174
198
363
385
114
162
54
225
380
143
379
297
311
129
335
288
321
219
78
354
343
350
143
101
232
37
168
149
315
368
318
81
275
243
206
179
170
64
115
74
63
349
325
102
263
132
232
353
152
127
328
141
236
178
184
161
53
82
281
265
113
118
37
44
189
233
371
302
111
319
301
379
274
166
57
184
139
202
209
327
338
281
220
23
127
192
383
242
169
114
228
227
90
365
399
150
259
6
91
95
345
282
343
244
381
38
4
373
18
141
164
361
179
17
191
192
33
73
170
206
171
248
289
165
36
250
327
138
59
362
386
188
29
86
321
199
323
124
165
229
365
375
157
1
24
120
279
245
182
274
218
37
76
185
314
10
146
343
71
28
140
57
38
106
388
155
90
335
365
224
206
348
83
224
120
312
194
88
75
352
366
28
261
239
146
332
226
234
61
143
50
320
6
164
339
178
348
198
291
15
336
78
21
239
355
372
302
43
48
44
349
67
236
365
282
152
194
251
275
11
195
262
224
236
183
103
139
233
172
77
230
29
348
1
172
5
193
102
79
19
71
141
372
386
257
231
309
191
85
350
234
128
75
360
9
282
49
384
258
355
344
45
2
233
15
273
260
6
86
290
254
151
240
12
25
397
219
254
333
333
7
11
157
70
263
346
236
116
154
387
298
56
26
228
180
311
3
17
13
281
262
39
200
122
48
51
37
136
151
377
167
110
31
96
369
182
303
155
119
194
149
122
146
22
357
248
366
43
285
200
64
223
350
165
113
344
277
98
30
296
59
68
218
377
97
75
175
343
96
15
97
255
339
322
170
248
56
240
140
84
394
36
90
262
346
10
205
233
138
340
259
285
29
61
344
279
213
129
146
74
275
124
254
88
121
103
123
307
165
244
374
79
194
75
196
0
19
352
328
79
289
218
321
47
161
286
152
191
115
87
298
86
173
48
287
375
34
398
220
247
174
237
18
218
73
307
308
301
263
261
1
115
211
340
142
193
337
328
203
172
137
209
230
79
118
103
232
323
8
233
255
327
34
309
163
71
351
109
383
166
171
270
305
4
48
248
391
352
209
158
256
29
220
194
183
84
35
376
368
331
240
382
339
76
137
58
64
360
153
245
185
225
370
149
153
111
82
96
23
312
333
107
385
14
391
269
326
92
286
10
342
296
203
107
146
382
286
19
375
306
292
216
62
334
281
214
14
242
35
368
392
81
66
353
155
314
207
96
273
151
155
159
13
93
147
22
110
31
310
288
328
148
261
238
64
164
90
396
169
194
111
285
44
322
183
152
133
182
17
103
381
159
173
304
140
133
318
68
188
164
87
396
143
339
291
359
205
285
165
384
9
350
103
58
362
223
105
294
138
198
291
377
315
14
101
338
119
239
205
316
227
98
55
286
127
18
318
132
269
51
68
19
301
84
373
135
353
7
359
147
346
22
197
233
55
255
24
249
285
73
354
170
307
176
114
264
286
57
347
14
146
232
165
236
308
144
220
317
268
297
287
288
157
155
65
73
328
130
63
36
98
267
298
343
183
51
125
125
261
10
232
50
8
137
227
153
176
75
350
375
123
279
399
83
135
161
328
105
287
277
113
318
143
196
159
129
390
209
203
357
163
309
381
231
298
57
288
217
375
30
271
2
76
355
53
367
110
100
323
194
225
187
399
226
317
19
311
272
105
127
134
247
148
87
393
106
369
186
389
282
300
245
267
106
23
206
313
10
43
13
229
207
284
389
267
240
366
34
377
44
150
209
239
352
104
79
38
12
10
48
292
274
1
33
160
276
366
297
207
254
75
112
243
17
136
237
199
279
350
131
30
227
389
210
287
357
101
227
197
289
398
89
312
165
88
48
108
17
354
338
200
82
292
201
117
330
62
320
371
26
364
116
10
51
200
53
236
386
243
2
282
118
257
63
31
299
315
16
219
284
103
23
209
21
141
340
220
326
350
31
112
161
56
390
190
199
109
50
398
296
141
31
351
345
170
333
321
139
113
29
397
69
88
124
244
396
15
148
283
276
268
257
205
213
166
326
105
143
0
179
374
378
291
291
18
293
216
217
348
198
95
72
74
36
37
276
19
166
96
167
238
33
301
44
81
199
194
85
328
34
143
228
104
97
276
166
313
223
214
11
219
65
236
220
41
309
252
365
114
22
264
23
193
243
35
343
271
212
102
303
361
156
302
234
97
199
353
149
289
278
35
282
55
223
64
11
35
178
183
33
147
370
356
44
98
132
50
213
154
60
302
147
65
261
398
287
88
387
172
232
204
134
142
353
343
52
167
255
385
299
281
23
137
151
266
108
175
198
327
351
343
285
18
189
240
76
65
16
2
293
239
131
329
190
382
256
137
291
241
346
325
287
132
216
177
328
97
131
335
39
275
309
375
222
370
72
10
258
169
224
298
382
168
396
276
345
23
20
11
283
332
357
19
130
279
165
128
315
126
177
209
116
296
381
199
241
355
297
42
102
32
282
211
270
379
97
27
333
101
294
31
241
146
356
90
85
333
3
98
172
192
29
195
144
41
139
122
218
270
250
19
50
197
135
310
34
168
116
150
356
268
379
36
275
354
49
11
131
158
217
126
129
73
213
252
119
60
332
234
45
153
160
341
212
305
77
136
0
58
360
311
305
114
174
83
193
280
110
279
59
135
342
7
27
382
39
327
287
365
395
157
25
361
8
117
73
164
239
52
125
139
397
30
264
281
121
68
241
345
222
159
178
293
214
337
69
152
303
356
368
14
254
68
14
48
259
126
86
285
229
52
51
109
134
280
346
191
140
75
325
382
102
300
256
327
43
63
60
246
374
282
275
53
95
57
330
55
179
2
117
0
338
174
208
287
278
385
166
318
215
207
351
251
328
286
388
395
258
346
156
171
251
95
340
12
223
219
355
253
231
257
224
213
95
385
38
44
109
291
334
190
189
20
297
386
286
333
174
7
320
285
162
149
162
15
281
74
150
64
213
53
125
216
182
76
24
364
281
390
159
235
49
41
293
159
359
226
193
301
318
175
9
157
217
385
52
171
161
389
131
281
282
241
302
291
50
308
9
48
252
180
276
118
12
36
181
134
229
188
123
189
9
107
347
212
159
91
115
243
187
30
169
277
383
25
187
313
69
67
49
363
387
5
103
295
182
77
325
48
206
142
92
184
237
357
330
356
237
271
288
248
109
307
163
290
140
288
328
188
54
321
258
223
8
148
393
353
3
261
174
113
193
31
221
255
288
330
13
111
365
170
102
91
30
50
176
6
102
368
380
125
274
365
147
178
391
275
275
352
162
395
16
314
35
238
92
325
150
318
391
265
9
336
346
194
188
200
128
21
233
121
343
32
363
306
372
77
38
332
65
6
160
69
335
102
177
174
51
201
146
269
192
208
242
300
301
249
152
337
63
184
381
367
138
161
241
300
124
126
328
142
398
183
353
136
350
100
241
389
23
227
304
195
363
245
290
25
219
381
140
41
224
136
212
4
208
288
240
184
85
148
54
261
53
166
72
97
156
244
327
121
46
152
145
70
229
160
304
56
363
117
212
101
117
100
362
256
47
156
30
92
105
4
2
340
307
331
239
184
305
168
80
27
241
220
365
198
106
250
113
62
249
227
30
120
130
102
297
289
317
163
324
148
192
222
75
246
130
226
39
206
42
244
180
106
45
63
309
32
90
56
315
375
73
179
377
242
145
139
139
143
42
292
316
14
260
52
187
396
353
105
355
137
153
78
385
149
69
356
66
382
136
179
241
113
79
123
14
308
233
81
292
188
319
345
88
222
280
154
172
219
145
270
34
280
395
127
246
246
389
334
43
345
215
367
265
184
175
13
376
182
287
130
354
176
53
324
95
238
268
178
24
213
322
366
63
311
306
192
331
349
252
195
206
276
348
304
84
140
115
223
85
176
386
109
381
155
5
323
313
309
108
122
124
62
370
353
105
350
61
205
9
35
136
372
367
339
268
154
182
191
388
135
287
102
261
68
273
248
384
136
153
98
378
339
136
77
44
338
250
112
185
241
46
245
335
95
272
25
344
196
33
370
263
100
196
209
39
61
158
35
319
25
243
38
259
12
40
234
83
129
4
57
329
89
71
253
241
129
350
398
130
139
330
73
117
53
85
189
382
78
181
227
96
68
207
131
38
260
139
89
257
53
317
286
226
346
210
395
342
206
53
266
91
394
156
176
261
212
371
35
325
308
379
329
151
191
71
135
46
59
383
142
70
170
285
94
75
341
290
143
8
393
130
53
206
62
57
282
294
322
388
211
74
258
264
381
332
329
375
131
33
316
26
335
49
366
36
53
162
42
38
290
382
61
158
238
107
229
361
33
68
162
90
104
112
185
25
250
382
366
357
50
259
201
20
385
143
215
161
166
120
205
158
82
390
43
372
353
87
191
34
79
34
29
113
321
365
52
333
214
128
10
222
224
358
137
307
259
145
50
124
241
58
305
143
181
272
60
0
277
140
55
148
196
235
361
148
128
112
332
397
57
18
29
17
120
249
150
322
110
270
250
331
165
250
361
190
217
217
355
376
127
150
120
398
280
34
322
173
219
159
397
314
194
264
7
297
48
239
371
215
394
120
207
314
242
335
322
168
396
72
95
9
395
82
65
306
150
105
261
36
90
384
389
107
150
96
134
228
356
92
276
377
29
167
300
344
103
368
56
84
140
173
274
166
310
170
125
45
192
112
318
92
3
236
197
177
357
300
276
7
382
193
119
367
364
131
116
33
126
75
321
236
156
318
226
45
210
365
234
113
378
94
92
69
220
249
203
77
111
97
29
252
283
363
110
339
213
308
81
250
115
355
201
121
302
258
278
115
9
124
363
43
283
322
90
72
305
152
187
93
319
265
392
38
313
7
154
282
135
87
187
70
324
345
212
101
331
305
119
258
288
371
15
43
209
323
111
374
33
5
315
115
13
58
108
132
360
27
286
199
244
211
71
364
79
117
229
110
353
121
255
169
90
178
43
151
25
397
197
139
72
27
359
196
115
225
185
390
244
67
88
106
245
79
230
246
24
181
283
399
67
366
243
193
246
52
342
160
153
181
359
249
20
378
42
116
37
57
360
293
156
238
13
202
145
269
338
357
186
322
94
10
94
20
361
145
55
354
343
307
210
8
180
203
218
141
113
290
152
209
158
345
272
301
200
345
234
98
160
56
5
19
383
197
346
394
4
356
366
315
378
146
310
34
127
30
180
63
173
229
49
246
260
190
91
160
287
89
365
252
252
259
281
32
259
238
55
84
396
95
66
398
242
1
35
103
206
128
358
237
153
7
85
388
232
97
196
266
76
374
183
323
16
270
195
28
363
184
221
5
162
69
305
40
370
181
244
99
279
289
396
96
120
90
17
279
34
323
338
146
121
385
40
154
85
26
128
23
279
353
143
91
380
125
141
314
375
321
7
161
334
37
178
309
253
330
284
104
337
19
137
245
341
196
155
379
322
142
203
390
115
204
217
272
377
215
177
234
145
22
223
203
394
298
137
279
275
39
12
235
267
191
398
259
254
187
270
108
71
328
14
389
398
318
292
385
358
308
385
186
2
355
109
295
129
282
395
259
182
386
295
2
235
39
160
296
389
179
362
327
77
183
151
297
150
28
16
196
311
84
77
357
251
225
239
158
131
41
279
233
164
379
229
129
185
21
180
52
304
327
379
221
52
187
340
134
140
376
280
311
92
233
381
327
381
398
23
145
242
78
234
269
205
347
264
236
69
148
129
258
146
173
14
256
203
139
73
198
249
13
250
249
57
199
266
134
255
145
348
40
257
115
243
290
316
368
114
370
94
58
114
245
185
148
12
347
251
172
386
180
308
177
338
85
133
297
316
290
213
210
352
104
181
203
35
228
215
289
134
237
153
100
49
373
167
120
47
283
50
267
81
10
116
295
336
216
281
396
5
122
382
360
216
43
44
385
302
280
342
70
302
194
201
95
304
160
146
87
115
216
40
99
366
117
147
20
222
327
123
167
51
216
1
305
172
206
181
171
25
240
23
192
47
84
84
308
328
78
349
349
214
145
106
230
33
181
256
298
297
313
130
359
330
271
89
317
278
231
141
68
244
239
19
325
279
221
48
108
59
102
267
242
8
291
8
52
64
118
310
33
6
209
356
124
329
384
118
112
233
70
108
182
326
244
80
285
155
189
217
60
76
388
186
275
137
173
57
152
32
7
219
147
204
104
272
134
129
226
113
299
252
323
207
313
295
79
328
272
159
96
112
326
19
142
204
356
64
22
207
208
320
208
337
335
365
44
119
300
212
326
59
339
240
280
344
360
206
120
166
60
1
308
287
146
352
148
392
4
21
384
246
291
2
187
300
361
314
211
288
378
99
199
7
390
12
218
63
48
204
69
226
68
338
117
267
73
250
318
213
1
217
13
118
94
310
122
36
92
142
390
125
127
312
202
162
143
173
282
305
32
121
351
40
195
282
353
347
389
373
85
117
334
56
158
208
172
247
256
336
257
350
276
244
255
52
227
282
132
261
168
269
4
235
354
96
260
128
40
325
299
339
238
87
392
145
1
386
143
354
178
39
374
288
157
216
38
362
78
171
336
340
211
383
138
126
60
42
138
232
62
16
130
147
130
312
290
152
204
7
136
57
201
174
265
97
93
7
241
376
115
161
354
37
10
248
382
34
20
362
306
209
82
17
292
81
64
17
17
27
187
172
319
212
48
128
174
80
350
344
346
105
151
308
46
333
270
53
142
260
276
271
178
30
316
39
332
397
284
187
284
116
199
348
202
340
303
352
139
314
80
80
362
316
358
80
285
64
43
86
41
247
70
280
174
368
117
14
89
3
283
333
262
310
63
86
141
273
349
354
186
293
385
328
352
164
160
61
132
313
6
117
83
326
175
180
298
19
241
96
335
56
273
92
394
168
191
291
215
284
104
19
223
275
257
293
208
32
247
30
259
329
395
368
266
37
125
100
157
235
34
62
393
140
264
37
18
39
182
360
345
243
364
30
313
45
275
288
73
237
165
167
135
90
206
202
14
164
235
290
359
70
202
250
180
331
295
280
257
74
230
241
36
323
291
257
196
356
106
345
132
376
167
271
274
270
19
275
340
58
237
16
258
319
393
152
346
1
169
276
213
273
328
172
267
265
118
302
105
249
317
156
361
348
352
267
113
213
247
139
286
294
90
203
198
120
321
315
351
219
200
330
207
39
238
295
192
46
335
10
105
349
197
168
102
56
385
176
169
200
26
338
77
235
367
161
13
150
363
171
58
217
17
34
265
72
130
143
333
237
99
237
118
280
342
87
188
347
184
105
55
130
273
216
125
219
210
174
357
332
270
55
296
141
308
336
265
269
88
331
286
376
341
208
367
227
19
121
184
114
247
398
48
99
60
283
396
82
133
116
89
130
82
92
201
56
281
381
279
75
160
258
56
270
377
42
295
81
114
388
339
60
299
89
369
364
237
188
108
316
74
255
216
103
176
90
63
271
30
11
73
238
189
41
49
3
216
324
350
344
279
365
94
182
223
220
127
378
147
294
138
378
242
40
303
41
169
331
192
277
68
110
2
55
327
386
307
205
57
225
230
175
346
147
246
115
220
64
383
214
318
93
366
62
235
283
313
47
86
174
110
129
364
217
249
384
199
76
88
138
199
177
110
111
14
171
356
381
11
87
248
41
144
203
189
25
276
224
139
246
2
368
47
205
85
221
344
175
130
164
358
66
86
12
375
43
18
130
3
112
51
353
68
141
395
347
208
245
193
188
23
158
289
68
304
115
380
351
269
346
14
273
387
54
143
87
205
237
98
383
23
247
161
34
21
89
349
84
140
15
27
223
116
8
114
19
209
65
263
282
325
155
196
76
84
220
25
169
175
265
359
57
373
289
55
59
85
227
131
361
85
395
230
207
369
218
225
100
338
7
335
171
36
126
165
266
62
389
350
257
202
152
229
233
32
304
180
129
240
392
5
227
177
379
351
121
312
225
373
294
248
341
399
376
106
229
369
179
200
283
213
354
34
176
133
38
51
309
41
4
42
254
175
124
138
201
215
190
123
296
213
268
251
383
4
60
95
17
15
242
80
253
97
52
316
232
185
301
376
211
338
138
8
384
69
334
207
327
247
399
274
84
131
390
360
18
258
343
219
282
73
262
387
135
360
101
104
272
86
377
7
103
140
30
292
107
397
49
226
58
112
399
159
320
272
387
1
87
216
399
201
355
301
303
216
323
327
266
114
57
30
362
372
327
214
385
336
208
398
222
214
396
39
142
335
324
292
81
198
318
108
42
174
97
242
197
196
40
252
80
289
207
147
142
132
141
28
230
91
223
261
264
303
200
13
66
150
270
83
96
140
119
394
3
205
394
206
181
127
210
149
39
207
212
214
369
278
122
121
227
26
15
151
88
318
206
86
135
399
263
16
279
196
363
93
166
274
141
108
83
200
179
202
87
73
342
246
69
336
284
92
170
218
373
193
259
88
252
390
129
78
87
5
53
151
276
176
242
371
297
351
108
72
28
397
198
324
210
364
287
91
209
305
160
97
28
362
128
366
351
353
110
186
245
56
324
92
206
250
394
17
123
21
270
315
69
363
77
351
325
178
75
122
330
252
192
172
212
188
42
82
61
290
391
368
254
387
310
343
201
83
226
208
368
166
27
156
161
177
192
162
304
245
277
170
338
15
32
34
281
228
87
229
208
252
323
348
199
185
89
319
74
371
350
17
380
347
366
153
27
131
180
186
213
367
68
124
281
191
184
75
235
304
261
73
152
264
88
75
236
364
142
138
0
364
172
161
66
206
79
155
183
40
125
3
267
98
287
353
26
352
292
72
263
375
113
141
345
394
130
197
398
57
134
209
239
265
0
227
224
250
257
69
242
55
115
122
207
13
170
261
327
65
296
195
335
90
280
317
379
171
391
314
325
0
372
173
307
112
156
149
241
139
60
226
286
299
110
384
224
188
41
78
103
171
125
169
63
320
28
144
274
145
43
260
184
73
344
147
49
161
342
249
58
297
318
81
339
374
241
271
174
214
79
88
194
279
89
301
67
316
333
40
293
8
119
136
398
127
158
214
114
379
107
269
358
330
16
372
157
187
272
368
325
291
351
220
121
41
236
186
182
91
304
246
340
289
112
161
28
317
256
56
92
334
360
210
288
307
296
157
375
130
280
162
395
67
181
336
251
341
373
257
108
127
117
190
298
320
86
294
99
312
352
264
260
47
219
184
380
103
302
282
385
271
258
290
135
152
390
342
26
287
387
242
143
248
338
237
35
33
236
305
342
186
229
218
367
67
87
43
364
134
66
252
302
391
224
27
13
147
103
79
352
18
134
129
64
237
322
142
393
287
213
274
35
231
387
270
385
16
108
50
176
344
343
10
215
32
94
337
86
246
226
307
76
124
364
243
162
389
83
180
3
158
30
179
42
153
188
204
322
251
318
347
313
150
389
399
298
322
113
49
338
365
392
83
23
254
268
74
245
259
224
329
397
98
323
226
94
27
33
210
352
390
288
390
165
242
236
305
366
316
227
392
394
321
205
27
391
155
348
206
281
332
68
309
70
119
18
164
192
167
249
275
310
146
258
381
71
185
311
317
317
295
64
202
330
327
32
330
70
351
98
347
39
159
93
3
280
344
168
338
390
101
106
17
336
117
38
291
281
324
95
27
369
210
356
96
169
285
310
229
140
166
8
215
53
53
5
268
370
300
341
91
92
207
289
104
161
6
194
335
42
35
317
79
306
356
11
113
115
223
176
168
59
106
184
193
356
196
375
198
164
2
202
100
343
128
166
128
321
259
225
98
231
136
268
142
338
117
129
312
94
262
79
385
74
35
349
130
131
43
271
143
13
6
192
353
302
118
140
137
338
137
264
278
347
389
271
45
125
198
346
319
159
368
366
115
354
92
311
115
22
398
397
345
230
6
1
209
367
27
298
352
294
378
339
9
203
19
74
217
389
301
292
35
141
260
195
83
3
314
270
255
338
39
32
358
300
294
295
20
152
90
73
9
210
226
361
183
90
336
299
377
224
10
289
159
194
42
369
296
165
38
1
285
254
127
298
364
267
135
345
119
306
229
21
235
290
339
122
22
347
51
387
275
345
58
207
7
214
10
151
224
130
266
383
199
38
133
163
371
310
346
364
189
20
369
388
60
193
195
20
4
398
26
71
82
281
370
340
29
221
166
392
170
114
395
67
80
184
349
339
235
360
296
95
62
255
12
369
142
365
283
189
301
184
173
350
262
360
230
32
109
341
64
93
352
371
0
32
105
76
394
332
93
353
379
308
80
234
41
210
277
388
246
54
388
241
191
201
238
53
127
231
239
333
38
270
296
272
302
139
361
225
207
363
14
20
103
229
20
258
254
86
195
258
306
324
109
106
280
321
293
241
371
343
1
121
148
84
384
290
282
264
292
146
197
326
78
315
285
276
213
244
256
186
361
320
35
239
183
101
314
290
57
40
250
118
189
144
221
2
246
40
54
367
368
26
212
357
369
308
347
355
288
21
270
101
7
97
227
78
246
86
223
85
139
22
55
259
159
187
225
214
111
155
272
230
138
233
200
151
0
330
50
227
43
190
188
224
314
331
286
288
277
62
331
140
140
33
67
108
55
173
71
213
259
236
166
199
41
277
58
211
56
320
116
285
310
76
13
338
154
265
322
399
49
326
57
345
151
284
95
27
229
151
85
254
192
320
76
168
259
179
96
32
356
274
342
59
82
184
89
248
268
118
193
291
193
124
210
261
269
231
305
97
164
18
323
331
167
240
323
198
132
74
164
272
389
372
192
47
159
58
348
263
70
5
278
234
71
181
16
334
267
149
389
296
56
254
266
279
71
184
306
4
52
25
240
23
35
311
190
220
63
81
375
353
140
284
90
146
256
253
184
43
215
257
137
187
255
188
30
118
135
134
358
145
201
244
255
60
6
134
306
371
171
307
319
96
49
399
202
371
252
341
174
13
346
87
238
370
301
309
303
85
300
189
265
197
249
127
159
71
98
86
26
53
84
315
228
280
46
308
177
65
81
56
255
332
320
373
337
258
160
189
270
378
50
141
238
379
35
336
293
214
2
107
127
100
184
67
300
114
164
182
124
212
51
213
243
179
87
175
138
197
379
358
289
350
196
71
192
353
119
77
58
294
114
192
68
390
170
158
159
390
264
180
36
34
143
23
329
390
340
294
384
23
21
144
163
229
204
25
126
260
203
92
303
387
71
76
272
11
220
304
383
1
295
283
159
380
223
188
12
211
273
376
27
107
66
113
344
395
136
66
279
284
273
9
121
9
239
235
40
91
301
94
193
318
49
147
97
195
99
70
98
355
113
6
206
31
183
291
307
295
111
97
171
166
323
2
393
116
351
12
144
315
175
313
98
230
329
264
96
45
227
397
369
134
243
359
16
380
320
146
136
341
241
346
275
35
48
199
61
224
20
96
86
157
254
251
306
291
289
6
346
152
322
266
383
22
315
107
204
80
262
166
379
151
181
54
4
160
325
355
51
145
182
27
93
124
365
248
174
140
240
280
116
211
286
97
171
95
322
388
122
54
392
188
256
54
364
80
209
271
100
105
201
276
215
67
233
80
119
347
35
227
277
297
62
230
271
264
125
359
178
180
148
184
201
153
219
151
87
362
74
341
384
337
387
42
18
296
367
341
37
355
369
353
336
204
374
313
142
114
224
229
291
257
394
67
313
304
26
131
40
324
344
256
275
76
121
336
40
4
129
374
326
183
72
316
216
298
217
344
272
19
281
227
396
359
0
60
212
66
305
266
127
140
50
122
80
32
321
378
362
50
30
161
122
140
258
213
56
173
277
56
384
106
68
239
346
386
181
311
7
196
287
27
8
353
187
88
182
66
334
187
377
97
242
285
212
210
181
345
389
350
47
389
337
347
271
102
345
1
212
180
331
350
43
82
47
88
103
163
25
335
304
229
387
46
137
311
346
107
10
318
256
7
220
106
230
351
309
67
226
267
247
119
93
393
243
68
27
156
329
221
238
135
20
97
174
128
0
253
124
40
141
191
286
264
244
349
131
12
141
223
195
217
78
228
14
190
348
36
79
116
333
281
127
365
370
278
343
136
223
284
257
132
173
281
293
87
146
107
37
241
341
33
154
45
309
121
254
273
331
384
90
280
140
379
368
300
205
38
359
276
392
197
238
207
75
69
23
393
18
86
225
275
132
15
75
148
323
265
168
189
4
302
34
398
88
248
233
348
199
359
209
9
337
335
222
219
379
146
77
183
280
258
395
379
306
146
12
162
250
108
0
203
152
60
360
126
252
334
299
124
15
152
51
309
124
233
328
169
331
304
18
24
130
195
89
165
318
175
317
187
145
183
82
266
377
214
188
207
241
390
316
200
258
136
48
183
258
10
289
125
125
69
326
376
54
242
203
180
98
316
283
177
45
121
281
177
299
241
150
342
67
249
90
308
154
337
296
137
332
132
48
227
52
395
99
84
128
89
240
241
226
25
109
196
43
295
191
42
302
299
134
333
161
370
239
255
57
249
306
124
83
285
263
37
132
132
311
166
78
29
283
98
378
118
58
302
252
356
123
186
59
364
148
59
307
297
100
156
394
68
140
106
268
158
31
351
265
392
388
80
12
207
320
186
77
126
294
6
354
103
305
356
226
11
53
311
111
110
131
289
351
24
152
108
168
30
105
25
117
317
80
130
40
157
72
217
93
113
379
65
109
78
294
103
19
193
74
219
23
290
162
0
278
226
11
197
24
14
314
371
249
242
274
135
85
377
347
357
160
233
200
101
183
148
289
242
244
161
257
392
174
399
74
32
177
125
357
300
15
33
205
109
234
89
217
149
289
363
283
254
257
43
387
305
214
143
365
217
324
299
115
243
391
124
237
83
362
23
153
189
189
344
312
186
303
155
285
91
82
285
225
346
87
253
144
382
53
141
90
347
138
119
250
162
125
358
331
64
70
62
48
121
390
310
20
35
320
398
184
354
170
397
69
247
394
39
304
311
256
341
222
333
231
328
148
66
154
102
306
185
246
13
55
383
129
214
182
16
127
299
216
184
5
112
108
183
91
173
205
150
121
125
203
28
150
199
55
66
367
61
68
137
148
28
261
234
78
385
188
111
260
308
203
162
222
335
180
110
350
151
44
10
82
289
380
94
213
362
295
51
344
173
264
302
368
355
143
379
84
368
347
277
331
137
298
243
337
99
359
137
1
20
117
369
45
132
119
185
314
347
22
398
386
359
285
195
180
364
274
78
304
197
182
240
369
30
277
160
203
125
90
94
155
194
100
314
397
296
228
313
280
200
58
160
3
242
323
391
113
393
335
136
393
312
57
279
153
151
142
297
245
26
84
239
206
9
190
158
85
131
373
258
32
166
77
61
42
177
232
150
96
119
209
389
105
381
236
178
126
117
25
134
122
373
260
142
105
50
362
22
3
235
160
110
346
342
170
74
39
132
339
252
266
162
228
170
180
200
221
186
391
44
188
102
124
301
181
167
136
389
82
264
152
184
232
174
47
51
268
107
260
186
99
111
293
18
275
295
289
350
222
85
392
52
244
42
65
250
251
6
150
254
282
212
217
278
78
316
159
49
160
111
290
226
151
210
151
342
91
353
1
1
121
222
13
257
226
283
200
320
349
307
65
162
330
146
5
33
15
380
60
11
375
368
22
117
17
26
123
120
264
212
125
69
241
165
175
354
214
350
321
179
143
272
34
383
107
366
202
37
197
396
36
229
2
86
316
90
355
219
279
348
366
87
165
203
14
89
185
296
106
381
185
309
164
88
309
388
39
108
294
174
29
139
358
183
46
268
244
207
11
374
217
58
294
141
163
359
59
273
309
360
300
29
161
320
373
262
253
345
196
249
64
91
94
42
374
180
236
123
305
263
131
372
1
215
378
285
53
219
142
75
238
95
270
101
46
334
334
245
323
3
324
20
326
217
131
42
151
87
380
121
149
261
41
280
205
329
114
386
18
191
196
221
73
372
140
242
102
366
255
192
244
304
302
334
128
25
201
142
375
148
393
282
165
290
204
108
103
50
188
245
90
46
36
344
364
316
391
95
99
86
340
222
16
93
73
106
303
244
270
149
295
287
113
302
378
239
65
69
232
50
182
61
388
78
265
253
133
9
272
281
44
290
20
103
262
338
112
232
120
168
263
312
192
243
123
330
79
42
171
115
146
135
95
11
34
106
44
75
116
276
224
132
307
326
288
134
358
201
329
98
43
77
34
170
143
53
30
74
184
30
95
53
239
5
4
249
300
351
221
223
299
262
202
365
398
263
387
245
378
302
250
331
293
193
390
130
385
348
320
306
374
96
314
323
212
280
340
145
356
139
315
229
304
108
99
147
144
256
58
306
321
206
140
112
352
362
386
291
6
307
20
248
329
253
359
273
398
76
203
217
317
196
387
246
62
153
12
137
216
325
46
371
113
125
68
75
193
219
134
330
272
186
370
187
319
187
7
19
298
67
382
250
126
357
27
375
234
77
340
245
151
386
237
373
149
140
190
110
337
156
398
82
374
99
339
171
7
170
164
369
134
76
185
155
136
79
185
55
37
294
148
194
202
214
214
68
262
107
175
84
207
359
158
31
360
282
34
79
347
300
318
343
247
252
27
249
122
93
277
155
365
331
172
110
109
117
336
261
37
19
25
373
50
143
33
341
41
290
215
74
382
235
285
313
276
326
313
60
32
202
37
68
195
284
65
384
187
232
341
136
234
269
232
356
148
342
43
165
180
392
365
299
215
43
349
88
282
225
366
142
150
103
128
362
370
360
54
321
221
99
305
392
127
82
379
64
391
202
151
41
234
342
362
14
236
370
334
360
57
173
92
331
251
178
4
321
55
57
330
273
257
233
80
349
23
59
257
15
94
140
199
39
122
139
248
296
105
301
320
119
344
343
83
57
337
216
80
153
261
120
378
66
13
356
56
88
313
179
215
235
15
227
174
184
168
131
231
117
331
103
206
18
25
36
126
129
275
140
292
293
104
20
308
1
211
120
252
219
221
172
170
316
170
164
84
154
302
131
61
44
123
91
26
170
211
259
236
21
274
273
331
230
129
115
113
395
54
202
221
91
169
260
396
28
314
86
373
154
340
68
332
111
82
276
276
375
126
137
312
346
250
221
332
360
150
59
5
364
221
365
16
177
21
59
211
109
399
203
316
338
353
155
197
204
231
66
328
217
249
212
298
190
243
238
171
248
8
223
86
64
12
66
388
216
349
161
121
377
248
169
87
137
255
222
179
27
110
248
102
389
276
70
296
347
248
39
47
314
318
210
373
22
99
9
321
251
7
155
349
282
195
70
323
381
228
265
231
107
288
390
348
79
330
183
70
16
71
271
244
24
272
53
367
358
367
113
295
108
362
212
388
239
39
138
370
245
230
218
336
80
253
115
74
238
97
55
41
110
318
88
343
93
147
72
198
143
89
182
376
247
201
109
157
78
104
333
214
190
51
15
271
118
144
387
117
392
237
375
169
362
78
296
307
49
238
117
268
220
137
121
5
120
111
86
53
227
75
291
59
133
83
266
195
307
213
309
152
232
42
63
307
145
246
16
63
19
245
308
352
380
304
226
136
98
173
265
7
142
97
389
326
104
190
226
191
114
39
78
36
274
186
344
179
39
238
185
124
350
378
167
336
65
16
390
325
321
269
357
139
277
275
200
262
265
166
110
183
246
1
358
221
134
49
190
294
356
245
232
87
381
284
256
365
351
0
242
285
304
284
300
120
285
383
378
373
164
385
122
126
383
18
121
222
5
282
120
339
146
276
140
36
16
373
147
90
208
330
257
263
311
255
339
42
391
309
207
137
356
308
229
377
69
269
62
196
231
394
197
189
302
81
142
223
224
281
104
206
272
243
150
18
77
293
218
190
283
274
379
238
21
324
259
168
278
339
374
139
336
299
72
374
219
256
43
228
204
220
182
291
197
97
163
28
137
170
67
318
315
57
143
232
151
395
240
366
316
185
61
119
22
4
34
153
104
65
11
282
66
264
338
8
33
314
57
44
195
156
107
28
63
321
358
77
124
36
27
303
100
89
134
343
32
351
95
153
324
107
158
5
158
21
210
288
59
35
52
252
234
37
355
120
247
322
172
11
270
236
315
359
158
105
301
228
217
265
274
333
158
103
3
142
338
396
237
392
121
213
122
365
52
158
81
360
41
89
218
10
387
298
47
369
286
341
11
132
160
17
52
103
398
8
366
322
231
89
323
302
67
181
308
154
145
246
323
376
106
23
256
29
207
95
369
44
289
43
235
101
385
211
50
172
258
275
124
74
393
223
100
347
167
115
32
195
31
209
225
342
43
350
384
245
257
389
222
210
324
232
373
174
380
152
288
199
290
394
348
269
156
131
42
271
101
98
315
312
243
36
86
138
97
265
149
28
159
201
15
253
331
86
136
284
128
70
94
384
280
163
115
68
170
274
166
165
379
360
149
238
130
106
40
287
152
327
304
53
185
282
92
18
309
326
399
374
120
375
374
30
45
246
365
200
56
75
115
377
393
232
215
261
171
22
228
386
336
287
227
29
162
128
210
253
20
119
374
274
222
182
297
308
310
65
277
206
112
180
47
56
378
203
45
194
201
334
268
361
150
189
54
372
205
147
107
84
240
88
193
255
165
292
132
78
260
297
335
39
397
221
276
340
163
69
177
240
15
376
147
186
330
292
136
71
319
181
6
229
100
369
385
344
239
108
23
267
186
194
382
84
360
277
139
361
283
241
233
357
2
197
242
153
285
103
380
120
107
240
249
111
15
24
130
289
230
397
273
99
379
305
236
305
287
100
61
59
154
345
24
206
104
111
204
337
214
109
93
372
399
134
141
54
130
273
108
150
373
83
348
281
345
70
239
190
208
90
126
270
57
61
83
343
197
105
119
370
320
295
207
22
100
382
346
384
164
242
267
232
330
123
266
69
105
40
153
254
200
397
209
286
122
116
291
174
144
173
141
235
32
374
354
252
170
162
264
176
336
178
349
267
120
352
260
116
13
178
153
6
32
106
306
290
144
190
180
108
322
367
180
114
20
8
370
329
330
113
101
184
94
23
152
286
364
250
358
167
296
125
361
119
167
164
344
35
248
38
155
243
75
191
87
109
384
312
117
339
18
334
155
287
347
360
53
358
45
157
236
39
229
399
221
363
182
234
262
108
307
112
145
154
281
187
273
98
228
0
178
305
177
74
314
18
26
14
113
280
211
95
203
165
354
118
209
145
37
8
172
166
131
28
307
119
305
234
25
176
275
166
160
383
84
71
110
282
143
253
396
397
37
182
264
102
63
162
270
102
52
19
316
173
0
300
365
245
128
257
368
54
312
78
231
328
310
394
54
141
84
311
4
61
245
284
269
266
205
392
361
392
254
52
215
237
182
147
319
164
49
325
103
99
345
226
212
212
82
29
209
252
131
31
391
115
136
281
217
135
87
154
372
73
239
297
282
354
16
95
232
106
374
352
319
321
135
218
286
40
392
399
303
371
97
255
378
51
64
350
230
354
318
321
216
232
92
94
359
11
97
358
357
380
154
355
139
191
300
168
98
12
380
309
288
158
193
183
75
356
291
398
231
95
367
0
163
57
341
31
21
347
198
247
106
126
0
158
295
57
315
156
44
237
150
143
101
82
280
169
258
377
351
41
65
210
226
138
229
146
393
251
144
286
19
41
59
132
228
81
363
15
156
81
15
247
355
142
119
274
72
298
130
222
374
178
70
34
199
313
92
273
128
59
75
124
358
251
308
356
323
224
12
137
28
49
164
155
305
47
369
391
3
191
259
359
155
348
160
59
191
224
397
24
296
80
30
87
375
341
384
117
104
357
140
96
383
81
14
173
241
376
277
288
173
127
290
112
25
289
205
21
350
127
117
203
84
265
135
399
270
125
342
219
381
373
70
95
332
382
374
14
191
323
200
74
152
47
372
150
118
194
399
190
41
176
347
130
24
123
334
359
347
74
20
222
397
379
185
106
227
289
326
200
383
190
128
373
260
32
55
102
385
1
67
273
332
259
313
233
130
329
81
38
317
331
201
367
112
156
223
359
227
258
43
228
90
159
309
33
302
158
22
378
155
234
397
29
26
202
228
101
333
301
254
168
195
263
253
269
304
168
235
204
10
19
319
396
271
61
319
181
54
39
53
123
272
165
99
82
48
86
60
247
174
349
150
208
318
393
353
120
74
218
148
349
251
289
170
2
129
157
351
64
345
79
71
147
299
14
253
209
326
284
225
270
131
157
131
64
210
13
252
100
72
236
159
47
24
173
369
315
13
45
81
34
237
283
376
352
30
316
50
382
4
164
87
194
340
351
342
79
170
368
371
127
193
359
19
262
177
226
156
323
380
208
203
172
262
18
84
113
186
36
258
363
276
368
345
15
163
238
273
178
285
1
353
16
381
358
347
251
181
270
310
379
91
105
163
64
175
216
161
35
81
75
330
83
239
377
246
48
127
36
325
185
107
45
349
19
155
288
75
45
319
205
360
360
174
132
352
62
311
39
371
240
314
34
300
279
323
288
5
78
390
68
0
75
316
358
242
71
106
329
158
197
339
5
342
292
323
252
245
354
362
13
228
34
267
250
157
322
92
33
239
188
310
77
208
186
369
52
164
12
113
184
76
370
371
75
2
182
280
50
253
37
269
88
324
185
166
35
64
326
373
115
60
135
234
247
205
104
188
368
316
164
102
362
236
23
135
191
370
222
213
387
293
397
26
82
188
214
107
98
99
201
258
295
62
347
332
37
368
210
229
118
37
372
203
335
227
397
168
5
137
42
378
5
98
66
365
321
334
368
50
321
129
219
314
38
139
324
206
355
367
3
197
165
171
82
9
175
11
84
336
270
391
293
308
207
129
225
62
266
332
354
275
118
357
94
373
220
5
312
14
186
85
58
318
218
393
365
233
71
191
211
47
306
246
201
262
73
90
263
340
277
8
312
257
55
386
338
345
202
5
229
24
85
95
235
344
192
51
185
316
158
34
238
4
380
100
375
160
31
141
374
21
65
267
45
322
349
290
205
8
56
304
119
351
297
374
220
390
142
254
389
9
132
3
246
248
377
251
316
296
357
215
91
186
254
371
386
154
220
178
242
204
47
47
12
1
38
45
358
343
255
173
211
394
46
104
276
352
269
48
8
165
327
248
362
2
60
6
144
18
117
167
387
370
284
351
283
340
70
3
314
121
185
124
205
133
343
24
264
115
335
38
329
9
16
331
192
153
109
3
3
258
83
80
148
391
111
117
312
213
327
371
216
308
164
349
159
311
256
157
360
208
282
44
150
269
224
29
173
360
98
57
344
258
368
64
158
119
243
128
129
51
368
245
267
145
238
28
21
287
312
302
282
105
274
385
45
72
387
362
102
73
118
271
323
108
302
134
121
155
77
48
146
201
90
359
164
167
336
258
208
384
176
379
51
61
127
62
336
320
7
44
176
186
190
191
336
305
292
189
321
273
75
51
63
362
346
323
131
229
75
60
313
181
300
194
1
9
285
164
83
105
224
350
100
330
46
152
209
263
231
299
224
394
259
310
41
80
204
141
258
352
149
202
135
345
354
352
352
220
307
269
226
26
310
63
241
237
308
238
175
333
365
275
37
355
1
176
393
87
82
325
369
147
118
394
182
284
103
315
121
158
92
342
189
360
383
277
284
247
284
255
0
230
260
298
17
366
163
394
394
23
206
333
360
241
391
192
384
166
190
282
341
384
391
55
220
54
263
239
258
188
111
19
11
197
204
117
63
341
306
381
80
248
327
95
349
15
6
243
69
298
88
254
343
289
46
143
166
345
26
137
168
110
271
301
177
63
186
318
260
90
340
239
309
308
327
207
175
141
0
70
4
396
154
359
110
69
41
48
140
137
64
222
272
175
15
21
109
24
39
355
85
193
380
362
315
25
350
233
364
352
243
336
57
234
188
77
133
216
370
278
337
124
206
85
54
178
343
341
175
205
304
265
17
86
108
278
181
269
253
235
54
352
258
324
337
204
231
225
383
84
327
110
211
241
268
263
190
49
248
338
336
367
302
57
279
365
345
203
386
303
18
351
228
197
265
245
372
218
45
288
145
216
201
283
245
345
292
383
145
389
174
151
98
196
192
82
296
242
232
290
167
276
347
188
224
391
388
311
356
154
57
37
80
139
21
110
22
226
288
388
164
166
380
186
16
394
45
10
356
285
59
135
64
43
103
210
104
97
310
265
161
187
338
31
144
385
5
272
280
27
139
10
153
307
153
391
217
86
160
219
210
383
114
198
300
165
294
128
278
211
190
283
259
267
68
142
361
215
117
322
25
266
395
263
317
293
254
380
279
272
53
216
109
273
346
324
175
261
309
9
114
130
301
80
292
132
388
233
71
155
345
384
330
5
337
1
375
163
292
119
268
267
181
339
143
14
323
288
176
145
104
197
339
190
204
194
169
263
307
319
209
386
42
248
72
109
307
68
177
127
298
9
98
327
232
245
259
33
237
308
192
104
108
357
25
35
159
359
340
169
171
102
46
194
281
51
225
303
297
87
353
88
165
147
285
295
229
309
221
263
121
210
1
111
155
299
351
153
81
189
115
283
57
57
388
382
17
398
77
293
21
104
166
208
358
112
373
212
222
10
335
138
88
329
36
246
371
180
271
96
260
167
164
213
93
313
183
113
252
223
354
106
164
228
142
396
380
255
198
154
131
250
43
166
104
178
21
376
68
61
102
314
168
354
389
192
241
104
312
372
358
64
102
66
295
19
138
27
2
78
254
71
286
29
392
221
245
123
272
261
77
326
352
182
193
322
263
292
266
384
373
382
161
231
255
393
68
28
358
263
372
128
221
79
374
387
309
386
19
278
213
30
105
162
195
376
376
381
160
89
78
392
175
343
381
55
397
260
330
251
239
158
120
71
262
127
394
38
148
208
124
300
158
15
315
66
44
211
114
91
2
201
288
91
19
147
148
174
256
3
388
30
99
393
81
47
361
83
75
36
162
18
215
249
12
334
161
41
108
191
228
76
48
14
79
119
260
370
206
117
332
146
178
360
145
276
262
304
56
152
272
251
5
74
354
273
399
4
180
0
50
40
123
305
67
160
65
34
179
196
200
31
296
216
120
163
202
278
153
300
6
24
177
294
171
97
178
244
249
351
127
126
325
4
150
184
136
9
269
290
84
233
12
245
207
278
123
163
161
113
121
234
73
243
122
91
129
380
312
197
184
304
165
153
387
232
95
133
378
109
289
279
235
312
347
320
144
224
268
187
284
156
297
244
22
108
326
94
79
388
335
227
318
34
89
372
382
347
276
109
77
325
341
169
222
101
10
166
250
88
311
165
189
264
44
393
365
304
314
69
24
199
174
9
292
168
106
313
327
77
138
352
326
116
40
177
388
5
43
78
264
191
235
158
382
56
161
228
25
124
32
329
337
111
173
129
212
125
316
178
247
237
378
19
343
107
320
360
339
327
334
237
219
235
71
231
310
7
114
230
121
226
178
61
272
367
200
142
363
229
136
8
122
37
309
390
217
100
363
161
390
112
327
80
239
385
27
198
162
273
232
291
246
83
277
216
265
65
329
57
370
171
38
302
110
314
159
309
139
12
195
66
267
164
323
376
248
57
67
99
215
183
20
268
329
314
315
24
398
201
25
198
248
108
21
241
81
287
137
161
176
165
99
335
96
126
276
304
167
348
243
224
63
111
284
370
267
179
377
267
173
217
232
63
240
113
90
25
333
54
121
17
40
374
94
160
396
395
353
333
217
311
193
35
99
149
41
163
146
75
377
145
202
349
12
94
152
73
316
233
212
110
21
190
180
93
124
199
386
36
325
313
127
201
268
133
236
151
303
70
383
83
222
371
349
368
314
100
150
399
230
227
223
273
373
71
348
77
198
47
59
156
363
346
382
387
214
367
198
269
174
202
168
195
183
372
314
231
303
166
136
375
385
48
332
216
352
66
393
192
253
202
20
202
334
381
146
320
284
86
23
101
297
192
194
98
223
99
338
16
323
298
153
229
268
263
146
37
202
363
268
58
4
17
350
320
172
72
41
31
376
254
113
363
68
381
249
322
65
348
42
114
93
110
18
236
204
30
262
51
334
276
166
147
255
381
328
266
198
337
60
47
246
391
268
239
298
104
147
380
220
319
200
90
144
187
130
145
397
352
21
277
151
392
174
23
178
218
172
5
335
53
9
158
382
267
340
116
252
385
207
189
136
127
168
340
33
278
26
373
346
302
391
57
339
143
45
290
22
373
295
346
255
295
125
171
230
250
296
168
329
199
180
245
62
165
40
100
378
52
122
87
378
394
379
61
234
209
294
376
215
128
276
6
20
147
267
278
365
28
115
396
362
333
235
166
253
141
221
367
172
104
183
32
53
343
196
13
279
51
26
294
204
306
199
213
56
168
181
173
52
100
43
300
308
21
243
53
99
332
308
0
176
369
85
380
390
44
286
97
6
212
272
349
6
293
138
375
221
312
334
116
165
391
69
372
214
315
143
372
222
156
42
186
339
36
133
182
341
35
234
323
90
270
394
387
398
46
301
91
13
93
313
23
189
296
185
78
242
91
359
329
96
384
158
125
313
138
364
220
383
29
160
349
281
178
373
390
269
177
69
212
283
60
307
168
248
0
279
93
32
239
84
147
230
227
115
106
338
317
94
206
244
144
366
141
56
387
68
148
347
234
104
26
68
80
68
358
135
336
220
140
92
310
29
124
81
369
134
78
187
334
239
75
103
271
276
351
273
38
330
354
4
138
41
127
322
220
383
347
273
61
297
211
101
44
188
265
365
398
125
53
148
156
192
211
33
69
389
47
257
89
25
156
167
102
79
36
368
157
103
361
225
354
231
396
72
332
187
127
324
172
70
11
277
160
377
243
157
45
324
72
93
263
116
139
287
275
122
93
292
312
388
14
129
273
331
348
118
22
180
28
176
93
365
396
291
89
112
258
113
228
157
110
91
159
124
204
348
248
62
305
188
321
270
335
315
78
286
91
76
284
88
111
43
308
357
307
292
341
16
261
395
397
267
125
27
94
95
220
138
360
337
363
279
399
96
139
14
310
22
259
73
102
323
184
396
339
88
85
140
66
210
328
359
169
93
84
147
85
185
342
297
364
67
357
2
122
157
209
377
140
343
361
184
257
103
145
196
337
172
74
355
276
395
251
127
121
391
370
269
79
325
334
291
112
265
259
252
225
