180
26
220
363
376
68
338
108
225
363
246
232
312
150
116
144
352
333
4
385
15
367
250
333
99
104
199
48
146
225
367
243
145
100
72
178
382
397
47
196
73
82
9
296
373
339
34
171
323
314
260
286
126
309
148
169
260
233
144
132
257
382
29
243
234
128
31
146
344
60
63
388
223
234
18
9
121
317
21
91
86
49
250
208
256
254
393
379
252
164
69
23
314
112
344
244
89
263
65
209
55
353
109
5
17
329
0
241
209
357
222
156
186
194
212
147
349
230
162
266
141
195
381
397
313
307
183
246
346
313
316
89
56
132
51
90
239
383
117
102
223
290
185
154
311
159
323
80
307
273
20
339
109
321
63
334
220
177
306
36
173
117
75
214
254
218
145
9
180
213
319
223
22
151
262
180
84
45
79
61
27
0
179
178
347
185
352
44
256
148
355
178
207
130
123
291
247
366
338
203
250
328
359
158
100
294
203
112
262
224
18
321
285
172
228
254
179
25
89
26
225
204
368
28
112
36
210
386
231
145
267
335
212
144
323
150
9
3
147
397
312
36
129
152
338
315
379
251
105
7
316
226
81
305
190
91
15
60
251
345
94
49
115
287
27
242
398
123
37
242
99
107
304
384
152
163
158
90
353
222
279
158
305
386
170
222
17
187
296
276
364
312
259
333
52
196
152
336
193
210
153
318
393
197
119
182
87
316
307
260
102
5
48
201
231
216
159
301
133
31
20
248
26
73
90
25
50
117
271
333
214
323
332
364
281
197
226
183
204
366
139
286
46
294
294
181
78
66
78
186
165
249
283
110
184
237
160
244
325
390
59
73
31
374
284
209
84
367
327
247
245
192
391
166
136
37
373
13
86
306
29
394
240
187
169
154
259
76
219
397
184
54
108
390
12
202
316
315
232
192
239
352
76
391
60
390
264
63
224
315
89
341
59
269
29
5
264
81
379
168
172
356
345
77
49
32
255
233
2
104
99
43
266
342
383
116
12
273
114
294
390
382
348
188
207
289
263
332
317
12
248
138
107
384
290
97
235
45
302
180
22
219
387
103
247
34
340
22
221
180
75
336
185
257
149
348
370
49
341
360
167
354
28
189
346
299
386
135
49
112
101
340
378
139
270
54
95
87
195
355
347
353
88
204
238
365
212
394
159
352
115
95
109
354
160
369
112
230
6
156
288
178
181
167
298
50
122
170
165
189
6
204
194
391
263
134
306
192
360
303
195
355
127
65
253
83
215
384
345
297
351
334
222
225
119
90
390
219
180
27
339
234
47
351
9
179
144
243
308
346
15
214
185
211
166
151
144
130
200
342
278
101
252
318
170
113
13
305
131
67
200
205
78
344
251
311
70
44
99
190
167
130
183
61
204
318
60
33
158
118
177
299
82
155
221
95
97
243
397
37
300
99
222
37
285
121
234
77
48
113
364
210
327
68
87
142
255
80
269
369
97
337
151
229
266
266
327
299
392
76
187
80
331
100
360
284
201
374
9
189
38
145
361
361
304
117
305
358
352
219
395
196
393
30
332
89
311
40
39
65
394
189
44
231
169
32
67
50
337
97
58
171
258
173
172
303
354
32
334
292
396
103
280
261
125
198
351
370
282
279
316
201
342
151
298
72
364
127
305
93
158
2
55
7
96
275
101
148
46
142
22
234
259
16
179
239
294
333
213
307
62
217
266
66
33
121
174
156
303
351
96
284
171
93
140
149
245
69
379
137
361
230
183
387
271
38
385
368
117
84
91
227
105
136
178
271
124
224
191
378
111
200
399
77
73
31
184
146
43
270
343
224
3
340
55
81
284
252
174
323
377
394
360
52
153
18
139
225
5
11
168
165
62
300
46
367
41
53
260
360
77
86
54
382
166
122
287
209
208
14
131
220
360
38
20
396
73
240
305
127
167
136
330
355
214
120
67
384
362
377
84
34
330
364
16
159
171
170
385
362
260
46
211
291
285
398
217
215
240
122
335
76
122
363
55
145
47
336
148
300
144
12
313
258
40
337
121
374
252
136
338
338
84
135
306
223
151
392
2
98
398
388
184
156
110
391
223
19
235
354
105
246
282
275
137
91
229
271
234
238
55
52
303
85
93
174
354
91
234
182
232
157
40
5
163
247
29
363
96
258
281
90
145
140
72
161
352
220
113
43
96
145
237
241
51
177
355
383
40
218
58
186
57
202
358
220
346
16
354
147
345
132
130
51
285
21
260
377
381
5
20
222
199
356
149
184
61
175
328
395
364
90
76
310
70
356
111
165
301
1
354
172
399
224
148
152
317
241
109
126
137
169
122
78
235
279
388
53
227
39
164
164
357
144
154
310
314
168
123
255
387
26
11
63
272
286
223
67
276
209
370
69
248
212
318
350
3
392
205
90
56
103
243
377
35
58
211
43
258
320
274
322
153
162
31
322
80
239
65
113
163
126
213
83
183
212
78
300
1
349
392
228
77
79
238
121
88
125
355
103
335
378
16
148
377
117
8
7
87
228
60
346
377
374
117
326
164
314
85
143
230
130
120
311
295
379
42
50
203
399
1
54
393
101
264
396
257
156
96
48
354
85
103
348
44
290
75
58
278
209
182
100
298
168
291
110
20
221
107
343
69
104
213
111
393
393
67
144
19
39
119
383
250
283
269
158
291
227
262
144
231
303
265
263
304
236
27
32
24
86
293
136
250
220
106
23
120
158
79
83
220
97
368
329
318
308
8
276
46
89
207
69
380
395
80
333
399
100
81
267
68
178
155
288
301
384
208
351
209
50
99
271
359
310
137
42
259
61
344
198
399
211
360
103
39
191
342
152
148
385
319
120
251
0
0
114
85
387
348
269
210
109
82
116
103
265
237
60
166
95
164
159
29
362
212
195
129
97
0
316
110
333
256
138
26
388
85
303
369
208
396
361
204
236
207
393
280
30
213
62
279
206
256
112
314
13
149
105
321
259
364
17
273
199
191
323
226
251
126
63
273
218
46
124
295
284
120
164
290
361
242
6
358
233
291
75
370
137
332
95
319
263
103
1
123
334
39
24
133
226
155
207
367
22
386
317
185
218
307
104
62
45
34
28
295
178
0
245
334
357
235
337
32
315
288
241
224
165
27
71
244
257
263
268
318
139
296
70
143
191
80
64
61
222
387
103
358
110
69
178
69
277
67
7
67
129
179
210
35
335
86
319
204
266
227
43
152
363
359
214
123
72
83
239
211
196
289
97
388
36
29
169
370
280
313
68
128
129
199
295
122
189
371
327
129
233
192
284
236
361
189
219
39
250
325
59
395
212
391
360
187
175
255
186
310
394
189
79
149
374
268
175
311
9
276
164
287
123
209
202
302
21
232
277
297
209
127
340
89
32
328
184
326
389
25
188
276
337
187
212
331
380
69
19
41
94
37
86
389
179
202
242
74
99
297
68
42
73
340
22
251
154
328
180
294
100
64
269
315
218
191
243
386
57
92
61
65
265
195
107
303
160
124
127
330
6
351
59
128
19
139
392
221
162
106
161
139
328
170
242
339
74
341
102
191
161
345
233
360
242
203
230
19
33
147
29
326
202
302
244
347
328
150
55
35
200
100
349
341
213
7
70
192
269
356
395
84
9
131
226
21
25
245
123
98
357
125
125
137
391
76
97
87
294
326
297
112
110
368
341
48
0
273
370
229
241
75
117
288
203
187
249
293
346
125
8
201
151
336
97
160
123
363
290
353
191
39
254
254
196
315
27
100
85
6
157
240
119
27
356
253
391
225
217
350
343
114
392
42
154
117
324
309
207
386
307
329
306
199
240
370
370
385
296
13
288
80
17
133
292
56
368
349
95
25
317
101
160
286
250
66
18
216
328
393
344
261
284
394
216
398
372
353
102
74
378
379
289
57
335
336
323
4
117
136
174
305
305
240
310
210
302
94
169
64
37
5
210
253
35
8
197
318
100
138
391
350
21
66
293
212
322
329
120
383
26
274
337
250
54
391
93
230
147
314
222
94
281
4
190
94
374
136
119
23
186
238
387
386
195
386
287
382
99
19
192
211
316
207
115
249
255
266
251
10
348
22
268
20
391
125
216
310
367
166
270
323
19
25
127
68
150
318
242
135
157
12
30
262
6
5
267
381
23
394
108
62
263
154
280
74
275
51
342
158
105
284
322
268
133
232
238
103
30
182
396
374
218
120
315
49
136
198
159
10
231
23
181
292
29
241
365
2
269
53
187
202
91
221
126
314
102
171
333
335
136
3
373
321
162
329
108
39
47
224
265
345
235
168
300
183
338
305
103
122
224
387
328
393
225
118
383
130
89
92
322
331
243
241
348
350
260
14
70
282
177
13
251
393
53
372
153
63
56
255
43
253
379
17
148
123
206
152
350
66
60
391
228
51
317
181
334
8
367
346
200
384
129
236
80
163
357
236
326
360
147
295
219
164
267
34
11
129
33
121
169
233
78
170
134
249
207
61
388
367
131
156
20
304
118
1
391
341
82
180
296
296
79
383
222
131
389
233
80
392
227
159
253
289
172
7
124
356
261
166
10
157
385
73
24
211
85
196
346
150
189
338
397
355
207
311
37
346
112
334
112
39
311
370
347
366
164
186
180
375
66
232
73
123
8
182
279
395
159
152
224
196
46
299
380
96
285
354
364
222
364
292
214
206
196
197
399
397
277
315
98
394
246
399
78
23
85
368
264
106
81
291
220
258
168
16
280
272
264
185
355
180
246
288
273
67
284
151
291
271
69
197
39
289
302
37
350
383
160
220
157
51
96
63
21
116
23
6
368
251
289
396
32
189
192
74
30
24
225
239
242
221
378
296
330
100
25
386
63
151
254
329
337
355
162
249
176
330
325
207
155
246
79
216
361
254
1
185
211
68
286
397
237
63
386
226
295
356
25
210
108
25
104
52
247
296
78
111
135
359
12
334
244
245
82
392
343
50
29
159
166
371
122
370
32
143
151
190
353
312
218
362
63
258
42
176
396
150
262
60
373
228
326
14
69
190
126
58
260
193
225
141
265
393
333
112
361
292
332
315
247
68
349
35
240
332
165
4
365
16
272
111
114
162
132
307
349
77
189
49
349
325
242
377
11
27
325
341
10
228
239
156
112
390
303
106
20
372
160
214
243
126
303
360
36
15
304
182
330
32
381
224
360
284
317
42
254
47
29
150
337
132
370
112
291
399
158
42
165
120
17
93
140
357
166
215
174
135
246
147
265
384
133
319
146
216
356
282
98
287
373
51
49
161
23
160
11
308
31
27
197
158
323
371
1
84
264
290
107
350
153
324
115
341
375
379
195
264
200
33
188
93
32
393
190
122
335
56
44
78
255
51
17
224
87
87
133
376
234
97
107
153
73
136
85
116
47
81
365
391
83
339
246
186
275
375
164
148
326
17
162
80
346
65
151
58
179
241
336
192
178
383
337
119
320
247
344
357
121
373
341
237
336
378
3
210
304
210
168
138
73
142
79
55
60
168
374
143
299
192
115
73
146
150
178
150
191
375
361
387
42
178
217
44
393
322
270
186
157
196
209
257
105
36
116
226
47
22
57
385
89
205
70
2
81
197
59
119
268
252
33
4
208
51
38
31
196
270
71
47
54
68
323
379
206
283
387
282
183
51
337
314
309
278
110
328
355
134
240
43
92
86
389
177
235
250
309
199
232
17
297
22
339
182
0
16
158
0
68
160
379
161
147
240
164
34
93
290
199
180
116
126
240
154
278
76
346
349
311
133
230
46
307
372
192
169
342
49
191
308
122
171
57
385
72
12
224
37
35
258
345
0
315
245
157
274
228
145
371
191
185
303
261
116
14
304
58
148
247
279
67
353
350
82
281
120
47
14
1
122
103
111
261
388
115
65
204
263
325
64
347
243
318
127
11
59
109
150
16
368
248
309
121
388
17
25
293
358
347
298
163
283
65
57
178
127
354
11
256
322
92
377
181
354
255
383
292
395
287
31
315
376
269
305
44
55
235
377
284
350
392
323
213
210
166
242
382
265
82
308
262
87
78
331
282
187
343
279
69
133
124
269
132
373
60
80
96
107
393
271
127
91
77
122
4
252
316
203
376
261
92
348
131
184
85
123
270
340
347
88
296
161
234
219
373
217
275
135
177
346
73
155
90
385
261
193
234
8
15
92
346
302
212
112
353
149
53
248
324
213
278
213
85
135
275
61
334
284
116
40
364
95
332
64
255
204
43
233
166
194
88
176
8
121
199
357
330
386
256
326
354
322
114
28
136
119
111
81
379
377
254
8
171
41
38
75
168
335
295
160
226
321
260
395
348
15
211
203
237
269
308
288
122
386
95
130
189
125
80
206
344
261
395
91
381
79
209
211
313
259
38
261
113
347
64
126
116
305
5
136
129
155
274
364
269
344
113
361
217
131
293
333
308
50
150
269
181
116
165
228
51
310
194
254
353
21
120
264
209
218
331
389
194
5
39
105
53
195
307
185
349
5
244
215
23
73
200
78
304
208
155
353
205
245
258
376
278
174
310
13
73
58
243
324
113
393
291
352
76
246
83
296
344
97
40
259
100
341
357
256
95
134
269
49
9
228
96
172
5
324
286
357
366
354
276
161
87
141
274
260
231
69
107
327
337
138
393
338
108
323
140
118
378
324
99
72
323
73
179
118
321
84
196
317
334
34
272
27
286
124
249
336
101
208
113
115
344
4
336
152
398
339
386
324
197
111
47
373
273
130
131
321
201
362
154
271
335
72
272
197
258
250
62
346
330
145
97
200
193
5
204
211
12
195
134
42
49
371
344
175
307
135
322
355
315
256
356
120
101
91
85
287
87
206
168
379
22
369
160
309
40
393
151
356
102
245
262
25
57
100
27
157
127
35
80
354
299
74
297
133
272
375
196
33
130
187
175
33
317
45
130
200
184
388
37
397
27
25
263
167
111
360
66
49
28
216
151
264
30
45
371
347
174
357
352
70
97
96
357
72
283
90
65
114
248
349
342
290
134
12
56
200
88
277
237
48
232
386
138
75
265
332
341
112
394
243
326
333
30
320
331
385
282
326
394
330
184
385
397
246
225
223
278
137
268
304
373
64
155
366
191
301
273
355
182
55
224
319
18
128
111
3
226
251
355
309
364
92
396
78
140
305
116
84
301
76
131
399
146
350
13
2
318
134
56
104
48
118
61
303
193
195
274
125
379
151
168
196
324
305
165
351
342
228
191
118
368
244
55
335
378
5
372
90
343
328
311
97
54
357
267
258
44
270
157
101
17
242
184
396
269
390
275
389
187
170
237
214
353
155
78
86
127
398
152
53
343
285
106
348
236
368
274
171
178
304
2
300
126
28
65
237
337
340
109
291
160
84
173
382
62
148
251
117
390
225
304
92
355
120
243
289
235
134
218
150
314
244
192
256
46
41
307
158
111
304
372
201
219
257
92
115
83
289
64
313
172
288
92
24
248
210
276
51
319
384
313
398
328
266
25
353
44
186
250
33
364
49
256
73
100
217
347
80
181
376
389
188
10
293
373
167
351
77
144
210
284
209
382
243
396
33
153
75
276
105
399
313
268
235
317
66
153
58
96
15
43
189
95
163
216
223
320
386
370
287
216
13
84
76
357
95
330
300
289
343
15
158
257
85
111
55
331
184
239
214
383
136
3
278
274
240
286
192
397
164
335
63
22
200
80
229
153
46
187
277
198
165
171
195
274
51
395
333
203
24
88
161
361
199
97
252
289
148
33
261
26
139
278
31
258
168
357
253
148
271
253
181
295
361
98
109
26
92
380
217
66
145
66
255
343
79
177
137
54
69
65
161
361
106
157
261
251
53
313
95
388
84
115
195
56
337
301
82
260
345
209
177
268
273
317
292
55
23
63
251
57
32
276
53
294
164
344
333
206
304
28
264
183
372
236
102
195
192
246
374
239
279
297
325
121
33
389
159
35
268
146
331
181
211
100
244
131
9
355
101
86
254
154
325
319
157
393
357
338
389
326
283
329
368
47
395
80
31
42
130
254
360
19
191
219
339
151
288
33
172
182
124
269
249
8
47
274
114
68
35
78
221
179
202
113
164
395
331
273
134
142
345
53
367
265
229
177
4
4
329
291
154
132
138
6
277
19
214
13
26
354
181
233
249
9
79
29
376
166
177
60
55
84
80
309
317
205
285
116
169
57
17
0
44
392
63
11
331
349
251
81
18
127
297
84
246
120
201
254
79
152
35
137
285
65
250
40
104
237
284
349
352
110
41
234
65
22
345
178
170
32
385
12
398
5
133
72
159
45
287
131
387
367
28
385
232
343
218
390
167
268
40
223
263
196
45
330
172
79
226
362
90
97
126
180
365
350
276
101
360
291
387
188
93
366
205
113
146
371
324
349
321
104
218
41
396
90
40
213
36
297
273
273
389
166
33
138
102
116
200
383
249
294
34
172
312
209
108
56
21
233
211
181
255
191
25
178
374
110
60
4
86
308
8
126
292
106
18
96
36
320
156
233
392
341
95
239
61
344
39
194
208
128
285
324
62
221
176
209
377
191
236
338
135
133
337
76
25
144
142
161
91
187
43
306
50
58
221
358
323
372
82
120
138
388
214
117
90
146
124
82
99
354
43
151
61
134
51
348
72
101
226
190
47
378
25
133
240
281
101
394
239
13
100
80
170
93
265
74
112
233
379
387
224
29
158
214
175
235
66
345
296
314
356
50
386
296
160
106
361
376
31
220
359
115
386
300
3
267
198
236
210
34
374
226
129
125
250
286
85
102
60
308
50
105
55
333
203
168
54
321
163
113
162
91
28
201
340
186
14
37
376
245
79
392
40
34
181
165
312
14
163
238
171
397
384
280
3
298
233
399
74
280
353
128
361
62
35
220
357
357
122
208
177
137
277
33
311
82
36
58
276
167
163
293
297
243
19
301
148
346
96
271
193
270
297
334
71
222
339
67
398
273
310
96
247
327
124
397
98
27
292
220
302
325
28
226
292
150
276
169
318
141
45
81
38
292
324
64
77
345
51
108
59
305
96
262
323
198
236
277
162
205
146
158
227
368
138
286
62
230
379
232
254
84
267
9
163
225
65
226
347
72
73
175
332
69
303
364
91
19
204
367
171
236
30
32
337
197
353
361
351
238
162
351
123
164
221
157
203
218
115
295
38
227
290
19
266
9
248
132
324
273
69
254
8
177
61
221
338
112
141
37
339
57
323
93
191
287
34
207
86
179
268
141
313
246
206
118
41
240
373
320
198
324
311
69
89
288
294
220
58
144
36
231
114
396
357
2
173
24
73
395
299
332
0
227
29
7
295
188
210
189
142
48
260
75
273
202
88
193
325
110
218
322
359
101
24
175
33
287
375
134
270
295
389
375
130
373
125
388
145
52
326
267
329
78
153
104
286
101
223
352
364
355
275
8
304
282
305
217
333
226
17
226
246
61
139
253
61
288
49
280
90
137
30
110
24
63
351
76
274
398
318
23
313
354
81
132
173
150
162
315
337
206
110
336
285
66
328
94
239
230
218
106
323
233
24
96
398
216
269
193
255
351
76
71
302
263
23
163
185
368
126
339
20
73
53
123
154
24
80
108
13
0
74
67
363
269
4
91
182
243
310
186
273
362
131
13
348
212
169
222
375
243
38
109
127
129
20
327
105
186
373
174
187
35
193
98
83
249
348
298
181
39
68
202
86
134
142
50
186
302
258
286
282
104
3
206
156
273
298
144
342
188
103
77
301
141
165
329
369
340
172
191
166
134
167
81
233
329
265
229
131
358
41
31
19
149
193
214
84
80
259
383
244
34
216
363
19
244
257
372
190
307
183
106
378
184
132
308
297
326
173
159
362
252
131
46
176
12
163
197
373
134
194
37
194
264
271
54
365
10
84
56
135
24
324
124
242
306
201
395
255
199
315
89
24
57
385
72
239
162
297
213
357
350
59
173
245
111
317
308
203
59
369
147
81
189
287
66
327
243
265
27
304
244
34
118
227
270
197
162
209
63
1
123
312
135
342
158
392
304
326
182
320
198
326
134
321
57
144
389
382
65
161
231
83
130
90
75
240
198
252
6
221
282
308
90
208
118
277
160
245
224
224
61
140
129
134
276
203
391
310
249
346
63
252
336
237
394
186
133
386
207
30
74
294
227
351
157
343
84
90
28
342
12
113
222
209
69
388
305
258
288
246
156
292
180
303
55
222
9
315
353
79
42
66
74
70
166
9
7
182
41
51
353
50
123
317
70
184
125
327
15
9
248
265
233
55
215
312
391
380
312
24
370
73
316
169
130
36
150
71
123
178
275
162
56
122
285
339
340
127
211
388
344
44
51
107
206
125
142
295
208
87
369
206
370
193
107
76
289
140
152
116
174
285
173
295
107
349
105
393
233
208
67
52
339
33
220
364
227
373
338
207
240
72
188
261
11
376
0
38
369
396
88
340
366
123
253
136
230
311
187
253
355
110
211
330
137
307
355
148
63
364
305
53
302
120
8
109
207
217
121
355
204
161
228
192
229
55
71
97
113
173
65
163
370
176
147
50
226
126
393
364
294
308
117
322
203
279
220
155
52
48
5
385
320
359
270
282
269
275
16
85
217
165
363
94
199
314
51
99
383
259
245
154
325
105
128
111
371
299
130
122
210
91
97
66
390
263
338
98
160
16
159
381
86
2
113
27
163
78
382
210
335
309
72
365
357
135
159
31
336
4
29
172
322
22
24
340
127
212
18
294
133
108
18
300
269
335
26
356
91
398
162
226
204
33
56
267
201
46
289
167
81
115
356
254
255
104
292
309
176
324
224
52
362
127
129
356
397
165
195
201
249
387
105
90
116
344
139
96
289
104
344
210
287
101
54
365
66
79
171
288
95
394
291
125
366
247
80
175
213
363
138
142
271
190
387
232
70
61
12
345
116
117
332
366
248
59
117
65
55
175
330
31
183
55
386
185
100
112
75
256
260
179
382
45
250
322
348
3
330
52
31
269
153
13
7
288
356
0
44
188
197
107
190
235
229
292
163
348
273
122
79
256
10
263
238
375
92
351
93
50
40
210
119
269
86
120
103
289
37
132
325
156
226
252
359
168
132
34
242
381
310
256
330
286
356
346
100
74
6
356
203
132
230
63
225
62
205
34
265
89
233
397
191
178
151
45
278
389
16
332
5
18
221
159
334
71
351
142
267
151
241
343
164
147
63
264
90
132
369
193
88
12
101
21
170
241
190
169
369
206
239
111
64
297
79
371
283
319
90
369
87
249
318
355
32
350
60
37
110
15
41
263
312
258
145
172
98
89
395
273
217
44
199
149
368
389
20
236
253
219
147
10
37
171
206
276
313
53
6
381
48
335
353
304
335
129
292
32
279
87
336
301
124
74
1
256
362
349
92
362
258
53
345
295
59
225
143
123
125
113
104
76
273
344
340
151
177
58
203
161
38
197
92
156
119
346
252
368
63
245
380
74
281
73
200
230
261
153
119
76
311
157
239
110
360
282
155
232
39
267
304
361
389
121
11
216
376
165
291
21
59
135
95
181
201
308
355
75
289
205
356
149
111
0
315
89
167
145
359
283
97
98
294
192
172
113
116
271
336
269
183
233
176
76
71
306
393
2
366
223
184
103
144
20
122
269
284
238
303
299
45
175
280
194
239
188
173
67
165
241
82
133
75
359
361
271
242
157
142
216
232
71
173
288
373
381
63
337
157
64
382
385
64
118
103
310
237
178
346
270
291
205
227
289
364
377
121
174
96
390
154
389
66
174
131
220
246
218
31
75
397
181
82
150
2
176
57
159
81
66
152
207
75
259
51
396
159
183
270
64
275
168
209
356
209
293
144
139
333
398
364
323
30
394
91
357
70
92
9
26
258
294
96
117
169
22
275
394
56
185
114
97
377
157
293
216
383
70
388
237
308
274
268
150
328
360
42
324
102
319
164
257
204
271
55
95
150
275
185
1
126
187
223
279
309
365
51
379
300
190
87
278
237
296
96
357
303
189
280
232
381
192
82
97
21
249
348
131
370
338
78
32
221
88
161
388
129
396
223
35
259
136
120
309
10
38
3
144
359
107
69
101
257
74
340
392
27
237
241
358
369
257
133
84
368
354
94
76
248
191
2
42
330
390
0
167
279
30
154
278
14
191
53
307
207
196
68
88
333
316
351
29
281
24
275
193
384
290
283
36
84
334
150
56
102
52
343
106
30
127
126
372
27
1
394
170
365
138
223
122
175
139
276
375
153
16
5
294
82
248
329
149
351
143
3
34
377
327
197
253
299
59
227
398
229
261
361
79
349
188
348
18
202
126
89
268
277
323
390
9
136
370
373
228
57
59
362
68
199
94
220
392
92
48
349
293
178
398
289
238
65
134
15
204
213
51
60
137
223
122
228
32
342
371
286
61
211
327
330
3
326
41
314
137
396
293
294
281
373
293
361
320
139
49
332
326
30
58
315
57
193
298
141
306
43
250
175
354
9
21
345
19
174
398
313
109
290
369
11
47
315
149
258
261
285
33
235
255
184
341
140
170
259
280
265
357
268
297
67
304
123
164
341
379
375
159
366
12
53
2
372
377
23
159
345
159
66
48
209
395
238
238
11
200
386
239
225
235
61
40
49
340
334
100
255
364
140
367
98
58
329
102
265
24
199
0
363
70
207
384
158
297
275
148
152
194
310
348
246
141
82
225
30
151
299
194
394
398
262
98
327
144
346
102
74
269
245
48
304
219
332
143
232
124
12
5
39
291
341
145
289
329
390
178
168
205
188
51
285
340
89
361
349
181
254
106
98
288
388
90
322
9
395
272
199
27
364
131
91
231
140
6
119
239
244
226
349
5
207
334
112
41
361
259
155
180
94
170
192
87
257
108
226
153
176
237
30
296
44
0
3
93
225
50
181
355
225
242
9
336
242
286
190
205
299
287
129
93
98
234
134
383
298
190
210
93
344
182
180
192
250
177
370
131
255
68
374
40
264
218
77
201
159
232
318
311
28
377
294
67
344
216
240
276
316
148
12
36
303
318
227
176
115
78
215
152
170
167
288
371
344
5
266
57
14
363
170
164
221
252
238
10
173
195
240
341
166
65
42
222
35
337
300
18
293
174
291
369
11
143
99
147
230
42
39
234
221
258
132
106
12
122
221
335
304
380
102
222
18
184
258
176
367
213
230
140
276
291
391
387
44
191
332
143
279
203
297
14
362
26
294
168
22
146
114
361
206
77
7
80
306
373
252
119
369
386
110
244
374
341
197
16
170
377
215
2
137
337
247
298
244
156
323
374
243
395
373
166
269
4
0
230
396
36
225
351
100
195
118
316
295
107
49
186
142
211
91
163
374
172
252
9
1
185
151
50
312
254
305
397
60
114
233
153
246
338
203
354
190
391
335
378
49
293
5
30
330
130
194
248
281
257
352
162
84
294
286
270
29
241
69
211
311
396
133
253
45
44
42
210
247
250
175
51
116
272
83
326
13
370
195
350
368
20
210
258
384
333
231
97
319
162
14
206
9
149
94
378
23
162
384
162
100
14
33
200
363
5
225
250
194
228
100
172
327
337
130
6
128
378
43
0
307
309
198
2
160
324
40
101
248
338
217
255
153
311
220
309
364
284
351
249
46
374
280
139
52
243
130
208
6
128
247
36
295
260
54
57
94
190
199
305
26
95
133
73
125
283
271
217
170
225
59
107
296
59
257
302
4
57
49
298
222
341
229
20
281
249
124
263
39
265
379
55
211
247
381
295
175
120
214
20
285
84
124
375
73
169
109
155
375
284
242
53
35
220
34
311
369
41
84
231
60
311
338
339
228
234
197
168
203
251
300
287
252
238
60
361
139
248
139
298
127
362
285
164
324
285
213
112
328
76
347
169
53
229
99
353
20
317
120
108
366
381
34
356
351
186
221
74
354
226
190
99
20
215
290
329
111
301
178
381
14
215
11
349
213
219
287
91
88
307
158
103
362
273
331
351
190
70
133
297
6
342
374
37
348
118
353
366
235
216
282
310
273
135
344
175
264
276
333
231
30
89
134
179
21
361
253
258
40
332
74
254
120
16
297
364
213
349
359
138
255
94
147
90
320
378
173
340
33
16
138
293
268
43
75
101
388
104
384
178
18
136
5
87
314
367
147
364
387
47
69
126
206
229
24
90
371
170
282
67
187
95
22
67
3
336
143
399
202
83
349
308
242
315
10
77
184
369
316
291
352
371
135
253
325
253
344
19
128
249
160
160
263
54
46
316
55
255
108
272
343
241
371
79
242
135
359
105
107
227
337
379
194
131
143
232
397
355
250
180
37
85
267
131
275
360
92
300
7
263
389
265
374
202
361
172
398
10
290
216
133
135
193
393
391
302
127
195
173
31
72
280
126
80
107
60
25
102
392
365
80
227
169
344
313
315
153
102
389
271
116
183
353
228
22
367
243
103
188
126
347
86
274
170
281
393
331
176
274
26
168
376
217
174
95
340
23
7
8
380
398
130
185
126
162
241
133
276
259
280
318
356
184
32
87
162
390
81
377
28
62
270
41
214
305
251
351
362
371
340
392
263
259
150
382
151
14
287
30
145
33
338
212
220
206
11
44
306
158
246
215
388
216
257
208
21
349
175
73
2
91
79
228
261
139
162
160
266
10
314
107
10
130
17
49
15
351
374
337
32
334
298
287
73
256
133
287
362
210
337
264
154
241
4
143
98
320
87
385
223
16
292
239
259
290
330
92
295
115
301
130
124
230
216
248
117
183
256
151
41
221
397
192
264
128
23
339
64
190
242
249
245
299
351
107
6
173
199
91
122
49
364
347
279
223
169
114
58
5
171
143
223
173
276
399
331
339
345
346
396
293
325
346
28
155
258
232
176
300
102
4
75
79
126
345
113
47
371
87
123
129
319
254
358
324
184
172
98
132
349
85
207
82
69
27
199
81
258
399
176
392
228
59
216
88
45
357
98
11
10
314
131
309
285
60
189
72
238
284
208
362
218
14
363
373
223
294
6
313
273
7
109
53
258
219
397
341
284
257
375
253
284
126
279
207
90
202
56
19
152
45
152
32
380
271
199
364
327
372
136
348
353
278
226
241
261
173
60
101
51
27
320
371
71
317
72
300
137
237
140
293
131
77
134
349
262
340
143
398
127
257
78
362
83
318
355
280
327
53
296
163
314
293
386
142
108
246
26
105
254
250
378
303
325
389
275
135
290
373
96
368
263
275
142
194
155
394
171
214
41
315
251
47
2
30
22
189
38
191
65
65
259
343
202
14
295
22
4
367
146
96
309
200
298
22
128
291
224
131
148
24
176
269
256
358
267
371
318
28
72
277
94
365
268
86
1
350
334
97
225
362
179
8
295
149
324
337
150
62
320
64
313
169
347
367
324
382
299
192
340
193
202
44
234
19
337
167
61
15
337
387
74
261
124
396
48
343
148
389
171
306
113
253
149
285
29
390
292
104
305
2
168
117
379
45
282
55
284
134
9
140
290
269
194
92
93
307
340
134
193
85
145
211
119
337
205
96
324
70
272
240
372
352
11
198
112
360
270
176
85
118
319
145
317
166
258
142
319
212
364
129
211
302
138
1
159
154
150
327
55
144
5
2
381
226
373
3
297
241
156
390
314
37
306
223
294
294
65
254
29
392
226
218
285
323
363
209
322
110
1
177
370
13
226
173
371
204
292
203
242
69
335
45
30
218
251
85
141
85
218
111
147
399
55
140
334
179
387
325
370
270
63
166
276
238
270
21
198
279
70
18
250
202
115
229
369
173
81
0
77
374
128
188
275
367
72
352
281
76
233
12
160
9
188
360
393
131
344
361
66
54
230
151
187
62
273
45
348
95
167
387
217
271
4
362
40
313
195
270
299
268
254
308
272
310
295
7
332
353
248
178
312
105
391
227
197
89
322
23
280
360
179
289
186
307
347
286
82
184
180
381
377
330
243
12
7
143
311
232
53
208
349
320
249
125
53
347
145
323
244
32
177
111
380
119
392
213
36
236
86
264
146
227
1
83
112
265
38
340
80
288
383
169
224
397
375
52
222
249
102
332
182
162
312
185
34
100
39
213
237
228
227
134
139
75
220
389
210
249
289
389
309
34
322
313
279
164
273
200
305
77
18
160
281
226
106
58
44
108
79
202
161
201
114
290
67
219
264
104
227
99
245
4
272
213
334
161
246
294
366
35
383
220
78
352
148
8
259
1
209
391
245
100
163
239
361
123
163
28
145
110
204
159
359
68
156
177
66
365
268
338
198
302
222
137
249
111
336
1
318
366
122
148
120
356
254
128
336
334
109
70
280
148
40
220
140
103
388
128
82
261
225
291
327
107
60
279
0
342
206
130
258
146
238
238
328
131
247
260
242
309
351
204
10
138
338
229
373
89
150
87
76
152
77
371
169
210
118
304
309
311
178
142
231
127
95
157
300
167
318
142
92
305
340
34
398
177
85
358
44
254
381
102
369
372
20
107
0
361
218
306
127
355
266
162
342
63
121
261
232
173
81
294
222
218
118
392
288
117
219
78
246
89
63
82
222
272
253
104
139
312
26
110
17
339
193
173
330
347
87
53
222
69
90
166
91
267
210
307
213
41
115
382
255
158
64
296
241
108
306
14
142
18
93
133
161
302
274
271
182
375
38
45
228
232
204
76
162
120
358
93
16
198
42
89
69
281
290
202
81
140
156
307
215
344
350
340
55
17
52
61
58
385
201
215
289
264
316
79
38
373
376
70
194
109
32
83
244
121
165
301
382
193
260
31
160
91
199
138
349
10
317
210
21
181
107
39
298
220
201
136
27
194
206
218
242
264
365
232
174
203
20
77
174
141
129
176
29
105
39
20
97
319
138
65
164
236
358
93
253
40
66
258
377
325
283
19
58
22
318
383
171
349
45
334
398
234
350
193
302
81
311
350
262
335
204
331
21
90
242
41
290
119
300
49
146
84
31
384
110
50
392
284
81
147
194
18
88
287
252
286
7
120
357
261
286
147
235
242
274
381
215
271
393
8
96
395
399
225
40
28
266
260
310
176
394
262
274
4
89
329
97
197
394
70
147
105
68
107
5
52
67
210
233
64
110
53
196
230
153
343
362
80
10
143
295
42
147
368
310
244
57
259
332
376
11
197
323
376
288
67
187
170
15
397
79
56
68
238
259
71
165
56
394
67
389
377
330
169
121
105
243
157
367
65
322
159
2
281
176
111
37
198
99
30
391
82
373
267
341
310
82
160
86
281
168
123
281
209
225
96
270
224
398
277
166
329
378
48
43
314
13
78
345
125
323
367
351
276
78
278
272
378
133
268
92
353
248
77
33
179
84
94
65
195
72
158
362
324
186
247
281
225
358
139
274
84
97
232
299
34
202
135
52
196
58
260
38
287
104
146
320
78
360
313
360
289
120
61
128
136
208
102
20
108
12
28
324
40
7
301
122
273
244
139
275
362
140
183
103
305
125
150
8
312
333
71
163
394
71
389
322
109
396
321
386
29
184
193
326
109
54
57
180
286
277
117
8
387
15
9
276
185
13
318
99
65
303
34
295
9
271
379
105
122
61
283
297
175
182
49
228
277
387
216
285
245
199
281
183
330
96
99
73
129
273
150
134
362
0
135
180
60
155
316
119
264
326
2
263
370
376
88
38
223
138
328
256
322
285
35
294
212
323
84
121
308
159
237
264
257
30
126
255
326
325
50
218
334
10
399
281
233
245
144
127
0
9
138
271
69
155
372
353
376
214
351
142
28
31
138
234
183
165
9
39
194
5
335
78
272
138
330
86
190
228
367
395
376
396
282
47
358
80
73
299
114
389
321
42
266
396
168
378
136
286
244
183
344
291
205
86
332
379
2
187
179
362
42
164
389
317
322
73
155
220
359
311
178
199
387
295
344
175
263
364
346
18
273
29
42
128
104
48
329
5
169
9
275
130
110
194
238
93
392
153
135
367
375
185
306
234
21
60
358
52
217
294
23
208
131
43
300
84
159
194
178
93
180
111
311
241
243
316
141
179
29
294
140
136
304
109
66
232
394
213
303
83
12
126
189
276
97
182
61
189
74
321
235
325
301
342
27
100
361
233
239
198
184
41
200
328
163
343
356
14
64
359
317
143
25
40
19
135
137
33
118
305
191
233
366
171
124
241
298
240
76
325
303
173
71
256
250
362
288
141
193
283
244
157
268
171
17
22
219
341
204
309
88
387
171
274
394
95
32
173
266
326
96
336
191
12
215
273
206
287
192
257
120
52
35
244
380
278
24
294
291
399
180
314
335
42
101
347
317
332
232
79
273
282
212
165
244
317
72
22
104
240
272
55
130
182
159
61
204
241
238
222
197
304
143
255
244
356
233
139
334
263
161
221
67
339
22
152
3
171
207
202
128
173
183
214
371
198
350
261
141
335
305
83
189
384
79
83
52
236
152
385
319
165
266
115
260
329
359
86
378
208
47
94
62
120
126
331
119
274
288
289
358
41
71
214
320
384
52
187
275
286
41
123
314
186
121
383
323
381
51
98
77
171
180
348
283
274
58
233
217
343
67
139
187
297
297
34
174
227
198
117
397
22
214
87
80
370
367
342
68
394
49
19
64
252
260
235
301
386
385
235
41
46
47
256
238
266
392
395
322
137
176
345
262
161
190
230
156
176
263
294
15
84
94
243
389
204
370
173
295
152
162
104
322
116
389
318
13
300
388
351
275
270
393
62
208
84
197
140
307
57
345
128
348
118
25
62
173
166
397
178
142
141
181
363
277
255
308
24
107
205
262
119
320
258
133
296
223
129
187
216
159
9
131
313
363
225
53
18
291
56
390
256
373
182
166
126
239
102
353
177
321
143
117
290
181
156
2
294
344
159
382
10
316
326
273
294
68
37
297
125
334
329
300
341
71
302
66
59
228
243
315
251
57
181
167
337
23
257
19
328
256
206
172
318
15
354
113
277
191
108
72
358
106
33
54
103
94
50
315
342
152
61
157
105
235
260
366
185
217
159
267
151
140
19
194
166
314
289
150
237
324
385
159
312
356
81
378
236
122
168
283
115
74
189
186
374
271
268
123
336
220
395
343
369
65
376
192
387
130
31
81
236
277
70
319
389
236
201
133
145
172
116
96
348
300
83
305
26
263
389
30
15
372
5
34
385
289
318
235
40
177
394
112
2
20
25
120
195
353
181
88
167
348
206
70
351
119
171
10
313
366
182
384
387
26
187
341
60
206
289
3
100
21
23
174
63
1
250
347
139
264
43
246
230
140
186
8
48
178
37
343
51
10
168
170
227
243
370
135
89
49
214
35
110
129
120
182
191
150
240
161
123
92
365
199
288
11
14
76
229
230
97
76
108
303
93
67
150
7
304
385
58
349
250
40
398
231
23
218
75
83
242
260
379
88
79
39
234
214
48
58
213
288
162
288
320
125
4
392
28
141
334
380
30
338
142
72
302
56
141
337
38
353
361
317
117
49
286
137
323
247
381
115
277
157
131
85
13
266
132
41
219
172
140
41
112
394
350
148
381
151
347
351
186
241
356
142
352
278
287
208
123
5
152
249
252
283
26
153
211
231
36
197
383
10
247
102
0
361
7
317
331
384
236
317
158
192
354
101
380
369
272
109
9
204
65
134
163
257
56
35
322
134
258
311
210
362
321
4
313
331
95
293
5
390
111
121
203
200
320
97
201
250
147
99
149
275
135
185
381
27
366
398
193
298
23
169
72
318
239
29
189
233
203
7
94
302
227
347
51
45
361
12
33
193
270
39
368
384
23
353
133
191
374
240
51
263
153
46
22
129
198
124
75
189
86
325
352
298
178
76
387
387
194
55
6
160
261
4
287
62
343
389
216
249
181
8
153
39
117
107
189
222
64
366
101
309
241
163
189
396
215
167
233
275
183
389
182
299
38
37
107
159
89
125
350
2
380
175
245
20
272
115
76
271
355
236
98
301
342
71
156
369
130
16
193
51
239
303
62
303
302
377
334
355
19
308
26
257
327
117
386
139
66
43
399
299
278
306
330
29
344
266
13
121
331
203
201
323
77
363
149
73
332
335
83
367
179
122
293
390
351
365
125
64
128
28
295
205
222
208
128
39
44
176
346
353
85
103
142
113
256
316
118
48
355
241
39
206
152
270
350
395
247
157
226
347
238
41
268
306
167
180
238
344
101
234
64
347
291
129
96
309
341
389
222
365
359
8
164
100
118
70
56
9
263
378
203
352
378
347
36
323
284
212
356
134
282
190
116
250
339
389
140
149
282
278
365
311
70
385
274
6
163
95
43
313
187
363
371
55
190
378
111
76
178
270
135
327
64
214
50
384
198
152
275
43
61
135
270
30
96
332
114
124
168
383
374
227
234
42
258
164
82
60
368
277
25
142
33
279
58
34
174
396
278
1
153
176
363
73
190
315
138
374
199
110
358
57
126
256
116
351
290
93
281
99
180
399
243
76
234
58
327
1
134
13
75
93
397
124
158
383
72
175
116
338
10
178
230
40
104
315
117
341
44
240
61
288
169
63
232
47
184
212
398
303
124
224
102
70
94
18
396
267
337
235
288
282
132
95
14
132
285
177
228
123
320
340
287
356
347
394
105
363
133
23
371
254
199
9
80
4
237
36
84
173
327
113
85
332
67
166
131
161
229
95
59
319
304
96
71
14
42
134
7
177
313
101
142
343
56
301
200
189
21
62
131
245
296
257
303
378
382
242
341
367
73
68
17
128
345
127
36
244
252
132
364
28
127
268
240
100
145
370
184
43
396
151
149
373
110
197
45
122
176
61
223
75
248
93
248
250
96
12
361
122
61
153
153
46
373
297
54
305
177
264
197
63
312
328
104
55
394
97
149
10
140
348
47
74
88
141
194
336
159
302
91
229
114
60
371
189
393
184
306
33
13
249
322
340
75
181
187
132
321
93
229
396
77
392
366
302
267
31
262
26
353
80
114
210
29
15
236
352
28
40
155
275
345
88
237
153
238
186
147
251
300
262
58
78
155
299
230
95
74
107
346
180
152
1
159
55
248
157
21
4
29
106
378
69
43
11
197
184
332
2
35
383
293
222
94
281
292
107
310
290
60
262
72
35
152
296
279
201
70
240
338
136
63
188
120
19
323
155
17
304
197
148
263
120
101
215
215
91
68
103
224
1
83
15
272
177
189
31
129
365
309
364
325
330
381
150
315
110
91
261
312
313
181
279
135
145
283
307
300
154
132
183
275
136
346
38
38
265
342
239
288
209
96
17
235
116
113
341
73
111
276
188
219
14
101
52
160
198
17
121
229
155
336
211
229
258
192
134
113
44
386
183
48
193
81
277
318
256
263
127
10
91
248
344
203
383
274
386
318
261
113
386
337
149
347
282
55
219
364
311
63
113
232
54
141
366
168
321
195
166
381
360
341
35
100
130
374
46
42
356
291
125
287
197
222
294
175
10
100
64
226
39
85
173
14
213
309
397
156
335
60
362
260
246
228
188
66
332
146
351
200
320
121
377
195
5
278
318
253
34
351
87
212
137
233
281
296
25
36
188
340
211
249
171
291
106
365
37
272
144
16
369
253
133
167
301
308
36
205
244
116
6
162
203
314
174
148
17
374
292
249
248
250
63
17
84
342
67
317
97
114
89
283
47
150
112
157
154
245
298
90
267
15
31
21
384
94
109
270
167
203
211
119
301
290
307
90
373
304
357
16
346
389
199
309
326
171
30
320
113
156
141
217
212
187
111
160
16
91
174
291
69
348
101
376
199
52
138
118
398
283
165
94
266
353
39
381
322
133
386
125
145
346
93
5
319
196
228
216
385
53
176
382
125
297
224
209
219
153
223
381
45
11
23
164
40
107
143
280
287
283
328
253
117
123
122
392
241
356
201
317
294
31
12
319
138
327
56
54
51
128
168
169
129
374
366
74
152
11
283
27
195
91
136
79
282
47
323
200
349
112
377
32
98
363
136
225
314
109
110
240
174
105
305
103
317
283
19
176
219
249
225
340
106
377
388
123
235
180
387
188
14
100
49
276
99
3
37
312
27
28
157
119
196
333
56
320
77
13
93
36
24
60
259
281
355
189
333
249
19
246
60
317
173
128
32
1
69
272
47
388
236
65
39
393
130
175
357
101
149
216
214
160
320
350
246
29
226
25
345
364
140
191
120
249
323
140
372
342
271
348
19
156
139
54
307
330
338
59
326
144
277
323
364
113
29
379
189
146
289
166
266
314
172
199
20
18
149
227
362
360
221
308
159
367
359
350
175
296
194
146
110
167
326
159
89
149
247
131
72
102
376
331
154
243
191
14
199
43
317
389
263
154
210
210
247
184
136
210
50
388
284
121
136
53
16
374
369
251
234
366
351
61
112
63
166
398
290
309
91
355
167
188
128
278
142
71
231
373
279
213
113
90
215
206
147
296
65
344
6
61
137
203
297
258
127
15
253
172
227
175
57
383
135
330
357
317
372
7
38
14
286
207
179
224
116
384
330
321
260
299
175
83
321
168
62
11
302
43
43
117
352
110
263
160
376
26
87
232
46
42
165
91
154
197
137
182
197
188
138
138
67
324
390
205
26
116
110
350
201
370
41
341
69
338
238
280
382
68
251
109
351
194
396
333
133
331
184
31
120
375
79
24
164
398
46
325
31
53
386
265
162
45
56
72
388
83
179
89
277
21
208
8
278
165
393
345
395
241
124
276
283
260
25
348
281
363
268
28
347
61
296
170
268
134
352
231
211
389
360
244
392
394
96
231
346
378
120
367
272
52
215
282
281
264
74
15
82
135
310
306
364
383
124
46
106
71
271
152
252
246
225
312
200
348
125
28
132
110
331
135
293
8
281
223
250
309
379
177
189
142
343
211
68
236
226
317
374
74
53
371
368
134
89
111
359
135
145
83
331
49
229
7
98
99
157
189
354
196
185
346
142
18
313
61
320
98
394
86
257
124
108
5
200
394
385
51
33
193
250
271
171
326
15
328
182
396
276
242
257
337
82
196
384
141
151
398
86
270
118
54
257
268
176
214
26
171
247
354
287
170
202
21
229
128
118
256
390
78
223
108
386
358
145
162
211
211
210
361
24
231
141
83
154
13
316
119
237
153
239
125
22
307
324
28
145
232
188
254
315
222
319
342
146
229
310
8
16
18
327
44
292
212
42
77
80
347
82
314
205
125
193
131
87
117
246
380
356
296
187
321
152
183
9
355
394
396
30
368
6
66
380
59
59
158
194
181
156
118
267
248
286
24
245
201
380
161
304
7
253
116
6
255
155
20
7
21
284
31
380
157
339
241
45
138
7
253
394
276
39
318
49
185
365
65
298
362
160
159
312
189
386
289
333
193
331
43
229
12
77
279
138
139
106
385
192
216
62
218
178
47
79
272
113
142
251
133
28
399
161
352
132
12
294
221
184
108
109
384
46
392
146
175
43
339
377
180
60
348
167
202
100
50
123
233
119
108
49
134
285
366
186
260
7
217
190
193
368
120
63
257
28
196
281
145
181
66
132
156
144
136
58
317
205
282
207
342
231
65
218
56
95
266
50
93
119
200
137
241
112
77
34
41
118
207
385
62
10
196
75
296
327
323
153
369
219
211
251
356
116
57
99
149
342
256
194
54
168
175
34
34
298
267
200
381
153
214
123
43
183
367
251
58
235
100
138
111
198
4
142
37
186
213
140
20
280
213
135
303
240
248
395
242
86
186
107
3
182
161
374
231
142
224
349
316
94
33
303
186
7
307
376
235
119
157
286
374
113
160
88
39
189
152
32
216
260
379
86
39
293
179
347
360
333
185
132
97
205
258
24
396
248
22
372
247
272
114
66
378
174
232
114
216
74
55
260
192
37
205
74
161
310
270
388
221
169
148
232
76
96
300
139
79
106
123
313
20
167
276
218
249
116
382
178
321
1
73
128
51
327
176
130
164
293
189
109
15
263
58
83
219
370
230
192
203
95
0
84
366
25
13
17
142
323
3
107
266
186
184
281
263
202
222
259
162
390
135
348
73
81
222
298
205
243
262
369
207
55
358
144
166
275
136
28
199
170
67
136
354
267
395
38
91
234
125
129
117
221
92
107
279
307
245
273
212
116
356
283
182
272
40
239
397
306
141
48
276
331
8
81
261
29
94
242
34
195
188
219
211
295
108
217
196
165
110
386
304
100
86
192
341
156
143
68
234
14
293
360
384
115
316
349
181
94
102
367
316
197
344
330
314
330
290
209
48
177
157
163
0
157
56
203
314
178
13
122
303
167
90
315
111
295
189
283
65
41
66
321
277
100
253
67
342
300
182
276
78
260
69
227
136
47
291
118
165
236
254
166
179
198
378
126
278
73
389
363
238
383
297
330
171
164
77
337
19
204
30
383
199
141
303
21
265
86
296
121
343
381
249
330
92
219
189
326
76
370
181
30
175
171
208
227
159
366
106
307
252
349
353
306
83
211
322
67
151
122
206
30
141
66
375
205
25
360
29
153
103
185
318
72
118
291
2
284
234
382
5
82
195
171
302
329
341
368
143
339
343
177
250
357
257
314
46
108
91
3
115
5
146
290
282
299
290
93
100
233
272
74
46
13
228
217
113
17
88
377
84
183
204
111
72
39
3
308
171
247
7
177
212
132
264
47
183
119
127
239
394
277
139
45
259
230
145
76
374
124
338
236
387
301
366
159
390
331
348
217
387
67
108
127
14
49
155
179
34
302
255
280
182
35
116
10
15
194
212
181
48
358
141
71
242
112
92
399
159
116
279
387
48
59
3
77
291
102
230
50
162
298
16
332
250
75
91
359
275
375
121
375
375
116
255
39
312
385
134
104
17
215
188
166
163
41
334
202
295
114
310
223
13
50
108
299
106
8
282
18
15
207
337
348
48
286
210
64
248
84
280
123
33
334
340
181
146
383
371
227
375
181
201
62
234
198
317
103
33
160
55
303
330
251
175
295
33
44
36
75
179
312
8
251
200
95
93
235
359
11
83
252
155
318
83
101
384
39
270
336
73
22
220
303
149
106
171
130
156
277
13
372
290
372
62
171
99
339
298
0
87
0
164
398
186
82
308
220
91
25
221
97
380
250
166
99
213
347
84
399
148
80
188
122
358
283
315
293
47
316
153
322
119
52
376
278
188
291
197
231
151
122
70
183
109
128
366
246
127
180
47
85
360
12
238
270
245
24
227
372
124
284
246
293
265
186
286
244
148
113
387
132
240
53
43
389
138
154
233
295
90
89
350
243
310
381
52
298
252
245
209
142
263
264
115
73
216
22
40
334
324
256
393
2
216
289
146
41
130
59
206
352
195
350
98
30
223
107
15
61
117
136
117
294
272
284
149
181
316
124
216
7
290
244
96
349
112
320
292
369
13
298
300
325
119
89
370
87
298
2
37
153
89
10
101
204
230
368
189
375
4
140
258
283
72
382
24
90
308
255
42
172
119
8
376
312
357
167
189
378
319
350
141
83
383
399
306
219
26
339
176
205
339
89
245
383
62
386
163
382
313
317
285
348
128
272
80
263
93
397
42
337
158
268
375
135
56
280
33
362
2
132
165
20
198
46
265
279
367
162
328
26
189
163
132
311
316
161
45
365
238
363
303
354
326
392
314
281
390
375
166
321
121
327
349
155
276
190
6
293
128
317
99
248
263
334
6
75
75
222
51
163
184
294
247
176
109
390
36
280
247
191
204
183
332
314
64
327
2
35
359
80
370
156
98
115
28
103
75
282
219
126
17
154
382
90
164
55
239
324
317
81
147
197
335
289
83
362
89
395
393
264
188
11
331
329
312
214
64
204
73
36
92
14
112
90
222
67
117
395
335
260
84
323
163
204
150
347
209
395
102
305
195
103
157
310
203
136
147
311
5
102
304
377
350
57
117
207
295
197
32
200
98
278
38
76
218
21
333
27
27
2
223
48
206
71
205
190
118
328
164
378
287
266
264
9
348
72
345
17
17
371
119
242
191
33
150
327
23
298
217
297
368
48
165
316
166
107
237
208
325
259
27
366
164
129
71
188
273
288
263
254
250
179
283
375
20
351
56
128
213
32
18
286
143
344
365
197
15
290
366
285
246
166
127
182
390
171
149
58
348
40
381
172
52
243
77
289
256
150
188
138
30
221
288
201
167
70
212
318
238
18
184
169
250
374
224
187
217
215
53
371
14
179
301
50
395
83
114
158
7
97
219
165
72
124
252
368
220
13
387
75
121
229
127
266
193
350
393
384
88
3
315
384
107
391
36
195
379
281
395
76
92
115
292
14
77
65
364
68
362
223
321
316
145
163
10
227
284
7
347
178
277
128
355
156
172
327
107
336
272
351
20
221
114
390
25
23
374
371
228
54
81
114
282
215
314
89
40
388
178
236
27
88
280
369
4
365
124
172
178
96
156
256
398
200
270
10
234
26
202
170
143
282
237
177
85
320
284
342
41
53
66
202
235
93
37
231
270
36
157
80
48
14
367
96
260
176
314
38
179
271
98
266
329
367
299
296
120
371
173
297
387
271
71
363
16
262
50
89
390
239
316
252
379
224
50
121
160
143
2
349
294
118
359
39
57
87
64
177
176
29
322
293
31
178
138
186
185
167
6
34
124
359
236
78
211
24
31
89
121
215
397
206
108
369
279
256
51
341
298
151
168
302
392
71
118
29
308
298
124
343
15
137
109
13
236
317
96
109
246
43
9
115
14
380
234
231
208
58
367
8
293
308
195
94
179
340
287
233
371
345
52
373
222
239
183
109
372
82
175
50
38
173
144
27
168
367
184
325
235
174
0
208
59
271
386
71
276
284
369
323
4
50
22
114
290
294
54
275
66
44
231
231
106
150
173
124
269
359
99
300
7
107
371
327
153
361
230
56
217
69
204
187
330
265
93
238
221
346
352
297
27
0
381
72
301
289
192
374
347
171
78
5
372
289
336
59
154
278
379
161
34
112
239
7
15
328
260
306
55
59
246
259
140
241
148
386
181
353
147
113
159
291
288
230
106
129
291
348
387
380
232
106
292
30
200
363
263
198
6
378
208
291
188
224
268
64
373
64
399
365
64
211
352
164
27
244
208
129
261
85
198
293
357
303
15
105
208
69
118
38
338
33
112
267
316
115
309
101
309
51
175
207
106
144
354
310
283
129
183
73
192
168
203
288
56
327
307
338
230
54
327
340
396
41
266
144
137
366
57
384
366
209
131
39
177
307
328
47
362
122
193
215
256
371
173
214
58
29
109
82
17
83
172
231
82
178
164
170
291
144
18
239
173
356
341
285
183
54
359
367
116
244
387
141
251
218
261
248
251
18
58
69
176
232
161
277
83
29
186
116
81
380
299
275
20
90
20
46
40
198
263
33
57
252
378
123
291
224
107
179
207
214
322
390
35
175
170
120
226
130
133
355
17
242
150
234
302
372
203
380
279
208
354
307
62
388
338
32
139
66
341
271
328
101
346
302
220
12
22
209
149
203
213
321
114
236
242
335
349
148
320
40
322
396
144
106
161
143
230
232
62
52
341
153
24
150
18
171
147
50
36
287
383
294
305
74
137
259
275
87
258
144
177
143
236
268
35
323
8
31
261
24
144
139
259
343
168
40
376
192
158
107
169
385
49
82
207
89
27
140
379
311
264
224
383
138
180
321
353
78
128
3
325
99
372
184
119
40
129
328
241
285
356
277
319
325
187
103
88
187
365
268
177
13
277
395
271
370
1
164
203
366
176
188
60
272
181
238
111
380
399
264
95
259
172
266
22
373
104
202
261
228
277
56
258
376
36
397
219
121
9
273
378
190
11
14
209
171
225
228
27
80
88
295
228
360
340
31
179
234
103
287
46
32
158
95
313
92
133
274
228
359
122
243
162
131
354
36
345
382
104
259
212
231
338
74
375
71
15
274
97
71
256
35
136
243
330
210
296
288
131
299
243
146
360
196
218
324
147
52
81
114
372
287
48
231
98
107
3
33
51
298
175
257
352
163
161
190
256
349
86
47
109
281
363
21
385
397
114
331
359
320
29
212
171
210
29
117
344
153
188
50
289
231
6
53
44
360
217
361
55
383
357
382
261
138
265
380
22
20
140
282
345
202
17
3
30
52
278
384
366
343
86
61
354
244
1
47
57
385
333
365
238
41
323
143
319
137
211
316
101
266
301
190
299
293
174
249
223
302
185
136
49
48
157
124
350
201
381
53
76
352
339
306
137
179
159
106
276
170
271
239
33
163
193
274
301
25
345
185
215
92
16
347
227
230
308
140
12
277
253
339
114
233
307
207
227
334
371
357
322
40
325
295
319
251
325
216
137
185
70
194
121
231
259
192
70
210
243
264
248
234
312
366
377
248
289
355
122
397
293
265
10
170
152
61
319
229
254
44
241
326
199
54
71
111
48
297
368
235
324
116
343
188
196
206
49
387
343
206
68
133
258
360
86
165
292
384
387
68
106
153
151
244
267
66
262
168
70
267
175
93
245
327
78
198
393
236
121
324
306
35
50
85
343
111
122
43
330
94
154
171
293
296
44
315
278
217
149
165
138
18
388
203
295
176
4
300
340
368
282
153
71
249
58
334
357
331
38
275
82
166
7
101
54
234
317
178
304
210
150
363
229
233
389
41
219
349
319
145
323
371
167
306
170
128
151
99
102
363
211
148
102
289
376
194
10
113
90
257
302
213
201
283
182
275
86
245
102
301
212
356
273
267
388
212
129
35
314
81
212
326
213
154
31
44
23
52
354
137
355
239
244
362
388
78
152
77
35
370
318
220
78
236
332
97
88
243
99
246
143
58
196
31
129
181
175
362
209
193
377
88
253
331
381
229
113
317
40
38
160
310
79
375
10
205
339
120
282
237
350
176
229
270
27
6
96
144
109
310
218
235
94
242
197
274
263
321
328
32
156
29
18
44
80
261
66
342
175
25
306
54
81
305
118
195
300
82
384
399
379
142
172
160
370
336
237
285
198
378
121
347
210
113
140
24
391
62
37
347
54
60
55
180
8
301
54
325
162
112
371
11
255
398
292
283
6
183
240
177
340
271
251
382
1
332
2
51
365
87
395
311
201
143
161
275
188
279
141
99
319
231
246
366
93
286
74
196
201
218
116
382
42
11
14
369
48
208
142
228
278
376
221
19
29
202
365
32
320
235
172
15
234
63
240
36
81
287
27
23
255
137
2
129
154
191
240
209
386
26
128
54
260
139
275
203
154
94
204
150
15
38
363
373
311
155
276
194
118
217
11
321
342
104
110
111
299
298
252
218
243
383
258
216
26
335
119
82
210
191
248
130
255
25
240
54
265
202
24
197
227
40
182
379
82
310
91
8
155
216
29
295
3
167
145
319
142
324
76
126
166
283
146
335
298
212
83
87
141
47
44
215
245
67
16
385
139
195
372
209
53
295
266
152
142
74
391
306
284
117
391
313
263
60
48
75
224
346
75
344
95
131
63
30
214
180
165
396
354
310
200
14
51
44
309
374
56
67
362
279
28
148
115
224
155
282
195
143
259
289
131
178
52
284
104
385
191
47
272
356
265
329
201
23
350
39
266
144
210
71
78
89
118
186
284
362
21
245
26
285
48
328
301
156
78
98
224
274
41
329
311
214
81
148
9
127
371
233
389
95
244
20
269
194
36
203
95
355
124
308
286
286
220
254
270
331
141
209
226
388
334
256
297
333
262
306
38
21
262
59
335
33
368
266
73
126
56
62
354
327
79
250
248
167
249
144
369
185
345
21
363
391
34
304
178
64
175
321
282
24
48
85
321
392
343
217
131
164
174
311
330
128
345
0
126
39
195
19
165
377
201
254
280
62
146
170
139
234
175
343
249
291
292
359
380
260
360
165
97
216
264
74
127
191
125
238
340
155
382
22
376
254
22
347
146
356
266
124
227
134
310
172
27
240
53
334
383
251
370
373
329
299
204
53
107
305
333
363
353
126
98
61
322
153
388
135
35
380
298
285
77
121
125
11
256
237
199
173
167
322
360
2
343
160
154
2
282
254
220
291
226
391
189
90
19
253
87
382
21
338
137
280
307
381
161
147
152
348
231
299
297
279
194
267
195
119
386
47
12
219
173
170
58
314
19
138
336
289
44
122
380
50
354
322
145
266
313
381
49
331
306
333
238
165
132
115
137
112
242
265
217
283
43
38
179
135
27
272
93
176
182
363
155
308
334
123
233
42
24
352
41
318
235
150
183
166
337
354
354
332
362
0
283
213
243
183
319
11
222
257
15
79
351
259
129
161
368
233
18
369
241
336
102
375
248
54
16
74
174
67
157
118
172
69
262
105
58
164
118
221
339
190
134
1
261
137
289
207
338
367
66
266
190
59
21
316
207
352
181
312
53
134
244
327
186
350
39
36
349
248
340
389
122
125
296
97
289
34
247
198
150
191
12
157
255
321
201
339
6
190
286
99
218
206
316
332
23
275
105
131
255
15
93
379
121
90
360
276
288
27
17
209
144
5
3
272
196
282
352
262
70
228
265
177
170
338
85
26
129
195
69
312
379
122
203
155
253
43
82
16
46
197
281
42
304
250
286
384
376
6
385
371
59
198
104
192
218
376
319
169
306
325
86
179
353
12
366
390
172
158
53
348
132
224
320
200
106
146
331
46
215
63
146
212
22
305
47
243
64
253
310
79
326
266
108
4
84
264
80
301
105
342
366
372
267
111
268
170
353
125
256
271
126
268
41
188
131
60
272
34
6
273
224
293
353
129
56
232
292
159
44
286
304
252
180
61
343
73
168
214
154
321
293
181
217
350
190
269
399
191
240
230
266
14
171
95
208
331
218
111
335
326
149
320
86
177
42
258
166
329
66
265
66
213
77
83
27
348
378
244
395
236
187
211
332
24
37
344
86
170
297
75
13
158
397
53
330
193
46
288
21
198
386
305
97
344
66
398
144
293
348
332
17
161
355
16
161
77
7
260
59
272
18
205
242
183
195
395
358
383
147
342
367
279
51
127
178
301
156
247
180
58
1
343
244
244
8
247
41
117
85
192
326
253
384
187
182
48
109
92
399
328
212
360
341
300
264
334
160
335
100
345
148
55
185
205
344
348
165
29
303
357
350
306
295
70
274
185
4
392
57
167
214
237
103
276
41
392
309
63
147
152
201
133
313
328
50
148
4
198
136
383
315
398
192
274
352
115
186
379
16
255
249
144
23
165
345
302
271
333
307
259
67
222
51
375
247
11
387
16
291
60
305
238
395
391
232
272
316
341
123
284
0
241
121
124
168
12
370
95
262
164
380
89
232
385
41
309
372
23
168
306
209
16
307
312
233
9
59
274
365
26
139
364
157
289
111
304
263
187
64
391
366
378
13
234
351
192
108
61
297
165
257
47
50
143
9
154
272
340
12
193
141
193
8
240
292
311
100
335
36
321
224
151
143
156
327
351
332
197
277
82
70
117
222
345
300
48
211
70
253
37
352
100
76
314
384
98
139
374
108
176
45
196
46
22
127
334
252
355
46
248
148
285
48
6
181
345
70
286
285
91
113
308
231
212
390
118
386
298
344
85
185
342
117
85
6
321
381
169
333
124
143
205
99
219
216
265
70
269
64
386
271
150
26
358
274
180
382
237
5
206
357
251
269
279
181
3
347
24
33
164
160
7
110
76
174
313
104
204
17
394
369
29
209
6
75
379
106
99
22
380
381
154
154
279
244
141
313
328
300
99
237
263
73
9
29
65
271
277
333
208
188
315
127
390
353
363
63
70
351
52
211
47
396
109
352
286
234
113
391
18
69
270
296
45
334
227
191
231
337
299
346
191
269
139
392
322
276
321
347
253
129
205
362
396
297
296
332
278
3
240
125
78
204
374
229
144
174
72
185
348
19
184
103
37
313
205
124
60
384
305
259
247
310
202
45
196
28
243
15
172
158
71
112
141
255
219
325
57
42
47
326
67
57
308
296
213
299
308
161
169
395
7
314
252
151
284
74
17
323
318
120
258
229
75
50
19
215
58
239
18
163
35
137
362
377
387
398
238
393
130
327
325
236
324
286
280
21
384
26
146
212
228
7
324
392
45
325
19
129
183
201
110
31
28
264
388
380
358
123
319
325
71
340
292
299
157
292
14
94
276
263
153
23
268
359
379
391
168
2
103
332
330
20
257
270
121
388
358
80
158
326
102
180
251
306
114
233
395
369
222
291
149
168
372
14
63
268
73
76
26
3
181
274
145
243
295
244
241
69
161
91
41
129
21
32
118
345
169
159
58
197
90
255
254
103
380
365
96
265
374
75
267
206
232
236
49
294
119
160
297
200
391
384
287
151
74
68
244
177
49
99
251
260
372
365
170
36
202
134
328
350
352
124
31
368
170
44
217
269
40
310
302
4
325
12
366
122
358
119
81
178
202
250
70
51
364
30
237
300
256
142
322
69
290
318
284
290
368
266
133
257
17
211
391
345
92
69
110
203
350
60
21
365
285
180
171
292
20
370
119
259
69
321
94
361
87
185
149
298
40
381
304
145
72
283
265
370
139
141
232
12
302
315
25
109
120
147
4
243
15
326
137
336
248
122
234
238
334
135
138
40
125
62
357
362
218
236
72
240
208
109
381
120
196
313
11
154
270
191
111
342
39
309
114
240
127
119
34
66
377
377
154
151
327
206
53
160
330
186
293
398
63
265
66
195
175
378
179
300
338
199
97
109
312
62
139
13
4
14
338
214
31
127
141
37
67
297
254
267
241
326
370
230
393
384
286
332
193
285
135
19
88
150
104
338
323
60
260
39
340
26
319
245
143
274
16
210
374
106
396
143
99
260
367
130
8
343
139
368
59
359
103
26
315
41
223
189
1
7
393
125
174
186
66
110
306
354
16
385
109
215
310
121
29
281
346
105
320
397
171
336
13
121
344
390
221
32
327
64
358
349
378
362
23
206
12
88
220
191
74
19
64
262
332
255
258
75
119
296
386
303
12
152
270
184
184
82
118
218
327
302
290
225
219
145
343
159
299
275
260
229
273
396
255
296
148
95
12
35
146
204
136
279
288
150
394
147
261
66
336
107
110
54
300
367
114
4
28
151
140
147
114
324
49
229
191
379
229
125
217
268
345
218
228
301
323
144
35
376
261
55
385
223
130
190
76
306
224
250
130
21
109
145
57
249
161
397
5
334
235
62
264
343
348
259
81
222
187
382
380
0
303
269
378
34
166
237
305
372
297
353
35
5
109
342
105
303
60
276
10
396
302
139
2
230
174
232
100
238
387
25
336
42
280
197
55
169
49
46
259
200
313
202
241
240
217
179
48
391
63
69
359
115
245
157
38
148
279
143
292
27
268
395
164
364
377
156
107
171
191
128
192
3
235
127
316
167
37
211
321
365
267
91
113
39
357
233
278
230
162
97
272
390
19
93
65
168
198
342
62
79
341
125
123
113
220
273
377
365
219
280
170
216
140
388
303
98
268
389
360
16
319
192
354
91
129
53
187
238
245
79
389
298
378
314
135
105
218
185
279
266
247
301
252
375
52
359
262
237
344
379
74
268
49
358
48
182
142
171
47
368
153
366
106
387
106
71
338
70
191
32
62
246
68
351
78
203
92
215
49
315
340
114
386
284
364
341
347
293
264
24
81
78
200
291
317
145
184
203
280
116
336
388
108
128
21
299
252
309
235
114
43
342
8
68
167
375
192
102
375
86
18
337
26
38
308
41
138
159
195
115
224
334
285
140
173
11
343
133
374
68
292
202
215
203
150
352
257
164
297
142
376
101
369
201
90
292
85
35
293
267
238
385
125
238
139
199
119
31
237
228
329
172
382
335
1
31
164
187
111
28
319
57
326
269
391
385
153
81
323
136
118
43
282
34
126
363
133
214
254
292
20
218
365
41
78
353
182
303
178
1
94
1
356
246
332
204
38
194
8
32
395
0
280
113
343
149
132
281
37
170
227
397
144
1
288
3
346
392
222
340
293
94
205
23
95
92
338
87
173
361
122
117
198
229
353
376
29
27
205
301
106
255
11
315
310
50
270
220
164
290
289
45
245
344
23
139
199
373
202
37
138
100
341
23
285
326
350
382
265
298
59
104
358
185
380
316
149
350
238
393
37
88
311
230
391
159
206
52
311
47
174
65
168
184
76
11
155
178
360
281
336
20
199
229
312
342
123
34
71
367
1
308
101
329
234
262
176
347
208
174
184
267
109
154
321
239
314
146
312
98
127
83
24
298
262
302
79
399
221
316
45
276
249
151
295
388
164
247
42
332
165
293
63
252
387
359
199
44
185
282
92
316
160
19
322
307
226
201
158
253
30
88
184
357
36
257
37
225
172
38
383
8
117
117
247
149
221
198
208
75
155
341
115
165
175
299
232
358
286
180
396
274
227
100
149
25
97
25
158
342
352
115
272
267
186
200
394
180
28
251
264
70
224
192
299
271
46
105
67
380
319
367
207
228
60
148
55
388
190
245
331
320
0
353
399
313
178
148
44
235
392
356
250
370
14
304
344
88
278
231
137
271
323
154
253
104
193
102
333
150
110
377
237
151
260
398
247
250
252
160
65
220
259
311
396
8
35
376
35
31
178
147
212
108
119
384
376
204
328
267
374
313
94
122
272
324
376
255
21
251
13
362
291
199
252
97
105
300
227
130
332
130
207
21
339
230
213
171
205
379
146
253
127
100
126
282
245
59
374
193
373
298
215
89
169
47
296
259
118
283
26
130
173
158
378
399
174
92
142
377
320
355
209
391
36
282
370
214
290
243
240
43
213
149
169
6
150
240
310
231
32
178
364
59
164
349
288
144
165
97
36
111
363
278
290
98
397
298
264
342
82
46
17
346
396
215
143
110
191
390
71
116
299
165
368
174
221
201
384
301
4
290
366
123
185
201
249
141
236
200
264
217
257
109
98
398
141
100
1
290
267
139
393
80
90
323
357
367
61
28
143
4
87
132
315
125
134
161
8
334
310
318
45
276
235
275
282
33
27
53
136
126
343
348
69
68
303
39
156
262
329
256
131
306
92
27
3
222
136
246
391
323
376
65
299
59
218
290
132
125
21
144
115
105
102
225
220
85
365
67
331
17
393
197
38
80
23
215
317
26
301
329
100
63
266
169
52
350
83
386
118
124
147
42
115
206
73
135
303
37
266
349
108
356
93
148
223
54
339
217
281
104
226
239
76
104
56
88
251
188
29
208
190
93
134
72
397
161
396
281
29
277
195
398
359
299
221
306
265
58
391
74
158
125
94
155
181
215
11
115
50
227
2
383
333
333
13
219
182
154
77
200
136
108
128
57
328
104
48
122
43
4
174
395
146
98
14
49
268
209
146
217
380
50
42
390
204
215
253
137
33
183
358
309
265
333
116
358
181
333
100
133
174
26
261
173
200
90
4
168
151
284
214
185
46
335
82
347
110
217
229
263
362
24
14
374
366
397
101
15
128
245
371
132
202
337
149
362
70
192
29
169
20
209
339
183
309
77
219
372
335
310
147
316
255
59
372
307
230
369
54
314
15
22
199
150
236
369
172
299
50
269
328
85
96
359
59
130
174
239
28
341
157
297
336
326
220
126
309
207
277
93
364
8
40
333
183
300
133
266
196
79
334
244
238
273
331
320
287
183
390
294
156
254
256
115
121
82
343
298
273
23
319
46
333
244
185
374
37
115
215
278
272
373
337
245
206
168
70
73
352
155
399
204
24
176
19
202
305
211
10
52
393
377
238
300
150
356
121
110
371
181
44
145
174
350
147
192
70
228
34
350
223
371
96
177
43
194
308
110
230
233
151
257
202
225
89
394
6
188
67
237
35
247
285
105
180
198
301
375
271
210
135
231
255
12
194
368
259
241
201
180
246
352
359
162
25
44
321
300
295
161
274
186
320
63
64
269
207
137
69
259
87
301
228
278
227
190
259
180
392
287
310
214
82
83
165
134
345
75
266
317
386
281
61
268
248
142
221
180
174
102
198
174
252
11
237
380
40
271
38
378
98
308
398
10
270
209
326
144
94
26
244
369
165
32
112
114
232
359
5
68
301
318
362
143
152
394
246
318
75
307
3
81
141
26
300
24
201
108
18
6
390
260
225
87
101
104
93
224
183
264
274
359
3
179
218
51
91
382
312
262
314
126
190
295
36
358
319
311
17
368
1
237
173
272
262
215
205
219
361
146
184
338
388
347
289
28
359
141
57
280
297
56
196
199
312
84
68
187
118
79
149
356
225
101
104
297
390
2
267
103
25
117
272
221
313
78
378
311
116
57
231
151
254
339
218
128
114
62
251
132
377
86
9
304
277
96
11
58
117
336
183
246
132
234
43
221
287
183
114
195
228
354
56
143
72
329
114
11
287
292
393
337
312
248
131
351
199
25
293
145
54
369
109
396
363
349
246
80
315
336
90
33
354
384
62
311
215
71
208
372
282
371
377
237
367
85
154
24
128
55
72
149
369
283
254
303
117
67
230
84
286
92
267
202
245
207
368
296
12
86
197
361
360
371
226
232
305
375
385
149
263
328
339
373
242
353
30
262
209
155
306
269
311
315
89
44
268
382
38
277
387
186
54
374
86
115
301
59
71
204
12
330
64
88
52
312
356
197
7
65
234
79
149
161
314
301
370
168
304
185
10
148
175
365
90
86
200
95
112
207
308
232
169
284
59
253
205
314
87
376
335
382
196
365
243
39
203
98
219
340
253
245
90
338
246
352
128
3
111
168
292
71
30
295
310
266
94
399
185
330
121
146
246
154
87
182
196
173
331
118
383
59
95
146
15
214
106
93
324
22
203
263
376
185
228
307
105
194
183
140
162
329
71
299
183
11
103
335
162
328
274
302
85
264
101
375
143
127
68
40
59
42
234
346
368
262
284
399
83
222
156
98
338
67
222
398
180
276
169
266
319
270
129
201
103
258
198
105
220
111
95
391
20
234
32
287
91
99
53
220
33
269
113
168
75
264
39
86
140
190
45
48
262
290
104
179
298
233
101
343
64
139
205
44
280
37
242
252
285
52
196
212
268
399
94
380
222
137
190
392
331
41
160
86
240
309
229
216
186
115
270
171
356
127
44
62
280
72
284
315
370
24
221
280
156
382
30
204
296
19
392
348
271
40
180
88
209
276
39
9
147
120
215
103
268
371
372
152
388
302
318
384
386
94
142
269
239
121
184
363
47
391
16
213
261
98
239
154
226
235
68
211
177
244
157
332
252
206
354
179
235
254
137
329
315
285
245
307
308
20
237
65
229
319
154
296
224
118
10
205
242
1
192
5
331
224
113
392
160
106
393
195
309
30
199
155
390
359
240
162
48
306
153
86
138
226
397
230
350
81
171
11
329
393
141
4
48
272
309
193
189
381
182
295
212
174
254
326
112
87
230
54
256
155
102
62
232
71
15
311
167
379
66
59
76
319
380
70
37
172
71
63
390
28
270
87
116
121
398
234
165
24
325
175
63
330
173
78
230
297
138
244
32
153
10
319
140
204
384
320
47
184
8
198
216
247
252
132
346
101
338
247
144
258
7
71
280
98
26
161
285
219
87
224
345
390
156
223
124
115
314
248
361
350
109
161
225
154
238
220
114
112
397
294
186
316
328
300
314
155
174
7
201
383
267
258
74
168
167
269
267
314
15
274
397
223
162
297
31
313
46
223
197
303
280
69
58
213
74
388
51
247
115
316
25
365
272
286
251
321
205
10
366
1
380
142
158
128
23
358
126
42
221
13
269
13
229
43
308
392
55
304
90
169
1
53
394
250
239
2
43
42
281
10
98
157
280
7
208
244
91
130
110
102
271
372
137
88
139
301
16
147
293
59
68
1
129
281
90
214
311
92
385
325
320
172
141
194
170
82
359
70
45
204
272
109
206
49
376
87
332
4
57
328
130
109
342
192
338
202
175
16
286
18
294
100
383
176
234
237
381
201
266
389
194
216
169
221
252
111
122
277
273
158
287
326
145
313
313
104
241
22
27
124
219
264
243
296
61
302
158
138
133
172
123
20
24
49
236
332
143
351
128
346
395
380
227
65
92
130
190
94
231
176
193
119
199
189
98
91
161
333
85
246
92
196
308
36
103
255
161
102
13
2
84
146
50
227
229
20
173
257
108
173
328
277
39
382
388
5
44
162
123
312
11
259
48
270
328
316
199
14
123
281
169
217
187
379
48
120
154
363
212
362
180
42
32
202
382
295
392
231
141
306
44
124
16
54
57
372
169
93
99
179
347
225
217
198
53
40
63
88
58
59
234
247
68
245
302
381
170
166
156
50
197
200
308
230
99
301
345
92
127
72
342
336
285
200
396
268
305
134
392
182
236
279
134
198
31
324
30
112
227
366
124
215
142
106
180
152
397
139
49
294
147
252
254
243
203
88
26
172
35
112
335
247
247
236
262
392
281
277
38
384
149
196
81
332
213
62
36
302
385
341
231
93
283
241
63
307
19
379
196
382
3
40
166
70
77
135
335
201
391
60
211
111
217
235
332
396
352
149
364
378
72
3
250
71
36
119
373
203
351
389
43
338
256
103
26
306
191
207
46
301
231
307
69
133
395
335
112
71
283
45
367
213
125
281
139
154
34
212
41
151
321
382
359
339
182
11
64
196
181
229
301
258
370
349
318
296
268
97
348
286
17
381
241
182
106
125
183
310
108
288
108
354
128
205
263
23
325
387
6
132
154
154
85
305
39
261
97
310
248
280
269
144
278
225
151
108
138
138
251
239
229
387
103
160
399
256
313
88
330
48
126
183
327
390
120
277
309
96
399
66
22
17
92
125
79
97
4
343
229
156
280
179
44
347
217
62
248
205
332
116
264
126
381
81
341
246
196
87
120
34
221
375
320
177
398
192
287
187
115
64
62
302
140
360
30
242
302
298
262
313
294
51
35
0
215
301
191
31
124
148
375
325
43
104
240
299
75
182
313
301
25
202
223
67
220
309
17
387
137
392
29
57
343
185
252
399
306
62
269
344
133
174
381
267
297
227
391
18
303
156
113
325
99
41
280
141
355
89
213
284
6
212
302
146
35
123
261
227
185
77
95
45
333
319
100
285
200
367
0
250
204
34
339
106
185
228
358
235
65
242
324
347
157
356
174
240
275
114
258
292
25
211
381
69
61
224
304
57
314
330
359
349
3
70
296
80
170
117
281
226
3
167
136
260
32
124
326
231
243
49
335
152
12
184
205
67
200
80
296
335
269
266
257
277
366
352
235
23
330
321
191
186
206
311
121
245
247
259
56
277
38
261
234
215
86
138
372
87
223
171
291
167
64
258
73
250
206
316
28
388
238
187
83
210
359
281
151
177
223
88
195
237
130
275
16
394
175
306
392
305
297
228
118
60
168
163
380
77
282
336
141
145
4
224
273
4
350
7
358
187
105
164
31
274
37
251
68
7
338
151
328
356
358
339
225
290
56
47
214
145
16
355
275
143
82
75
288
140
219
327
152
197
224
0
252
239
337
56
134
274
253
204
329
28
291
312
14
92
69
240
9
130
4
45
107
235
304
186
312
158
372
302
370
324
226
292
394
17
273
37
186
7
282
219
185
140
371
279
232
156
78
342
300
397
1
278
327
68
208
139
216
361
79
8
274
170
338
354
156
242
234
197
247
89
54
23
288
190
211
28
45
325
314
0
283
263
67
201
226
2
399
131
231
22
166
134
182
103
180
127
399
7
220
72
134
373
10
340
299
80
316
342
356
279
245
218
369
202
305
395
151
268
93
252
193
294
189
46
385
129
51
336
126
222
9
73
160
20
272
280
358
378
377
282
313
333
335
259
380
342
311
398
329
145
140
363
104
193
242
63
379
132
141
55
55
388
358
76
257
377
35
94
87
285
255
131
131
317
357
102
46
397
360
155
261
179
207
267
204
395
299
17
254
172
129
281
106
241
339
261
260
284
358
359
298
202
283
175
290
268
364
136
23
262
23
171
0
311
329
17
7
60
38
322
16
363
357
285
257
54
282
301
382
154
185
99
3
170
295
77
324
106
215
375
234
13
157
327
32
21
365
2
346
151
38
241
265
365
299
196
102
62
319
184
47
283
119
342
340
179
5
52
357
65
104
270
105
92
74
372
214
283
390
292
195
336
341
322
309
215
288
201
146
258
370
81
240
339
160
262
212
221
121
336
202
351
292
144
74
188
34
318
291
308
167
204
237
75
358
57
315
339
57
181
268
305
268
335
241
365
152
393
177
277
112
141
221
275
280
358
56
169
94
257
352
103
327
246
237
207
288
132
295
343
242
127
163
111
335
366
128
370
85
75
72
8
43
32
297
20
201
10
165
321
95
300
186
371
158
27
3
85
278
240
0
112
194
377
138
239
269
85
225
223
104
334
251
309
101
74
373
292
175
103
368
102
195
177
145
176
181
42
263
3
182
224
187
383
156
234
377
304
82
259
283
161
191
333
267
121
6
364
158
54
325
237
75
32
306
65
198
358
195
368
1
52
235
375
190
275
42
225
348
136
251
230
311
29
42
154
80
279
355
212
195
71
12
145
200
194
172
214
83
89
380
228
61
348
89
399
233
76
159
322
17
196
274
38
7
120
38
352
78
144
34
361
265
114
245
184
181
74
350
237
6
342
302
94
179
152
280
46
0
221
197
334
148
277
118
357
253
385
324
80
312
265
398
231
116
208
286
387
266
158
199
113
242
153
278
314
265
305
49
101
196
122
395
380
243
337
372
152
98
137
101
157
59
132
359
199
307
262
235
36
274
247
76
200
25
369
278
319
260
80
18
382
368
121
248
92
324
120
4
391
251
262
221
188
360
261
312
101
111
166
66
48
200
336
64
391
114
391
32
304
68
300
311
339
339
125
235
283
320
160
213
133
238
333
166
248
161
384
112
219
212
64
163
123
114
74
291
290
109
277
45
167
261
14
253
365
172
188
207
126
32
280
20
262
216
239
14
299
386
35
279
180
252
82
37
210
121
385
293
235
177
233
380
56
160
354
331
329
316
254
203
54
328
122
286
76
398
186
94
330
142
167
131
177
350
352
287
43
13
221
274
60
343
210
173
388
137
300
397
296
335
226
91
198
239
248
345
265
220
352
143
339
306
397
174
272
136
170
93
167
46
216
389
147
397
300
45
82
286
225
372
194
166
24
20
51
371
208
60
92
9
376
309
12
6
73
366
281
36
36
305
309
235
300
18
274
98
239
329
135
367
265
369
82
188
108
127
279
372
43
214
172
387
128
179
236
214
255
254
341
162
291
339
109
75
98
162
372
357
166
312
87
381
256
376
45
22
399
153
326
375
369
177
241
124
321
214
285
158
126
265
302
231
84
103
104
80
346
173
213
261
146
96
37
271
254
181
261
117
2
302
250
46
68
93
50
394
9
360
256
252
361
35
331
389
296
285
170
329
225
331
146
294
115
368
156
257
281
62
130
226
395
393
26
368
10
133
273
3
196
68
60
37
187
382
285
2
292
327
207
88
107
394
37
83
166
25
94
352
312
305
152
373
194
265
223
40
6
192
264
135
316
189
21
290
90
175
46
80
65
68
97
380
371
105
153
275
142
324
228
349
302
36
205
44
155
78
251
237
52
96
43
355
205
135
329
390
157
243
322
307
209
261
18
10
60
162
66
208
211
247
158
54
77
301
236
262
155
103
346
367
24
377
262
345
133
333
128
397
52
374
320
337
364
145
322
77
325
36
336
223
43
112
86
141
238
137
102
109
114
61
170
87
373
284
363
18
380
358
119
79
384
65
307
365
289
274
74
276
188
227
365
46
384
263
307
219
289
45
9
249
15
358
303
279
206
58
304
15
352
376
156
183
187
175
144
324
337
45
84
52
13
125
177
179
210
292
188
107
91
240
134
231
92
33
294
380
376
108
117
312
232
48
88
67
262
256
70
30
11
312
87
203
350
42
127
78
99
257
187
212
0
116
101
215
55
233
31
331
170
257
216
390
369
77
164
232
56
144
272
13
315
246
138
223
303
209
215
3
71
363
118
158
46
112
216
20
315
117
217
212
309
378
58
219
65
131
163
346
288
378
5
214
172
219
192
94
287
24
119
108
23
292
143
111
32
26
260
60
192
190
8
76
6
22
110
157
367
123
92
356
257
321
112
188
241
195
277
346
15
352
114
307
287
331
331
107
51
388
38
201
321
113
78
253
148
376
241
233
102
177
230
239
163
369
96
209
140
23
339
43
283
354
112
180
104
65
225
155
168
11
190
208
18
102
288
121
139
226
364
168
18
276
320
317
375
45
340
140
25
290
50
38
84
388
77
239
61
319
156
306
18
316
165
388
19
363
40
322
256
88
152
249
198
160
31
355
359
365
135
398
194
215
382
155
339
220
213
377
81
50
61
158
2
204
233
310
22
303
6
0
196
345
296
347
82
28
264
375
281
294
0
382
126
68
391
95
353
149
277
21
133
78
315
136
72
277
345
331
214
127
198
193
249
124
355
355
320
293
247
118
37
310
25
59
151
265
54
106
183
159
193
244
372
212
344
135
73
368
176
124
350
206
248
162
267
213
318
199
219
207
68
278
179
304
196
79
202
52
319
360
85
30
293
290
58
284
264
279
341
87
379
13
75
205
261
374
289
133
394
228
246
46
286
228
182
105
217
288
166
125
230
179
192
172
245
123
169
55
250
151
249
111
147
177
398
345
249
220
101
95
289
84
382
71
289
289
396
231
236
284
387
283
188
344
153
129
229
260
10
279
132
50
20
98
180
162
249
310
326
172
186
245
334
33
269
393
167
270
132
336
249
62
334
384
97
237
176
55
22
326
217
226
298
98
270
45
165
115
338
323
74
72
21
325
108
358
376
174
357
101
205
344
354
254
203
337
355
249
211
185
268
279
236
287
318
10
393
72
383
302
193
16
382
291
376
354
331
383
167
321
236
89
221
204
85
106
53
123
64
173
373
187
63
353
267
333
79
372
189
99
205
399
182
51
340
222
27
125
319
167
147
395
298
353
117
274
210
219
301
17
190
174
5
83
213
28
54
361
79
116
340
252
129
386
307
15
325
69
30
86
316
49
142
145
396
328
140
11
361
44
300
14
274
374
46
351
114
399
142
100
322
315
218
99
292
29
293
64
282
33
105
299
52
62
105
394
275
254
94
136
379
114
347
248
352
312
192
155
313
12
324
94
283
353
224
241
391
58
14
321
198
354
212
189
253
182
370
119
68
212
81
137
276
388
346
270
71
91
277
140
339
45
23
111
8
52
155
335
206
131
19
216
52
312
329
345
242
312
27
90
134
248
365
157
369
218
393
222
84
342
324
43
229
308
50
225
41
149
358
134
36
363
363
72
259
258
232
169
144
279
44
329
318
83
1
169
83
147
11
22
222
223
21
391
49
31
119
88
61
224
100
135
191
336
61
240
272
389
149
1
170
27
241
327
308
119
57
365
99
375
219
56
290
338
123
187
287
218
143
228
354
16
155
225
378
398
322
138
32
75
392
267
115
123
323
331
236
285
226
35
94
320
335
28
276
108
93
295
57
196
282
106
157
362
166
66
278
209
119
373
269
317
104
202
131
331
280
280
208
396
230
193
23
187
190
250
221
296
76
11
360
336
91
353
215
213
158
44
257
338
169
50
79
236
138
298
146
16
342
227
355
167
140
38
54
299
229
222
227
224
255
286
10
67
249
84
84
306
248
184
357
215
69
287
186
79
102
207
78
73
319
206
399
310
156
110
249
173
92
363
161
96
325
265
163
130
27
137
250
355
78
352
103
386
210
262
375
216
245
351
21
372
77
270
273
15
0
182
267
153
329
292
133
338
20
223
161
1
147
332
381
65
17
377
114
379
361
322
134
152
98
16
163
333
107
18
59
246
273
371
206
323
42
369
183
52
95
359
45
228
45
283
265
217
332
38
79
58
28
148
47
157
106
1
56
152
308
256
72
135
188
307
19
113
358
188
115
92
293
172
178
30
96
88
300
174
361
318
149
370
309
222
312
194
136
308
225
214
76
137
71
278
135
368
331
194
32
385
116
313
58
340
288
261
148
340
199
164
111
229
328
56
278
185
47
148
122
293
320
91
318
343
56
284
346
108
301
115
188
33
250
357
8
184
242
287
22
297
34
295
321
328
70
368
299
378
162
344
260
99
107
225
207
68
108
255
143
67
336
53
296
328
298
247
189
365
369
84
217
324
34
278
364
88
42
385
104
251
226
376
341
372
19
394
57
194
253
216
64
126
95
182
266
201
275
34
205
334
160
77
88
248
190
206
95
207
213
290
260
57
360
171
377
314
256
35
89
179
232
41
337
28
335
162
25
85
163
325
150
247
89
317
237
393
333
50
156
285
110
379
300
177
220
211
110
153
195
220
99
81
252
61
341
132
251
262
341
21
18
255
19
136
194
52
41
14
317
381
383
218
200
4
269
327
26
146
48
275
325
13
25
88
196
274
280
223
334
227
286
366
278
105
19
21
309
125
356
282
95
257
158
334
155
394
279
35
238
381
328
391
67
255
64
342
364
241
322
260
245
309
284
176
129
223
26
295
77
229
132
380
310
273
318
66
253
209
367
278
8
287
113
275
308
184
24
289
330
360
251
267
62
140
351
105
271
226
360
278
84
247
315
104
148
395
113
13
363
40
202
174
115
2
98
278
198
54
129
6
16
142
170
208
83
16
162
106
28
304
339
383
12
193
259
141
345
346
314
51
229
216
393
390
99
83
198
342
25
336
173
56
74
130
288
120
304
17
175
271
386
13
126
262
310
110
146
319
165
25
30
167
385
33
320
201
305
62
316
53
308
333
267
189
303
182
378
106
104
348
25
262
349
208
112
141
258
118
208
52
279
315
3
140
327
262
253
213
42
57
252
146
42
75
64
147
377
231
291
390
288
317
361
233
216
53
346
110
146
259
339
45
235
176
307
313
321
186
395
132
30
131
292
349
200
328
254
208
205
86
357
90
70
39
273
36
91
326
364
83
190
320
77
312
318
271
16
315
130
164
197
6
86
102
370
114
49
31
390
244
363
9
304
19
152
230
284
68
311
145
132
105
169
77
155
211
31
221
99
347
220
305
345
166
148
202
330
296
301
374
385
306
51
353
394
47
255
150
5
77
181
243
242
337
389
120
214
147
346
261
290
4
180
26
226
145
149
86
298
225
363
246
81
379
292
276
264
352
333
4
373
253
143
145
99
104
199
48
83
199
102
145
100
72
178
382
