180
26
220
378
376
68
338
108
225
378
246
243
205
122
388
144
352
333
76
385
15
253
250
19
99
104
199
69
146
225
367
304
145
102
14
369
16
41
47
128
192
82
9
296
373
339
256
171
323
258
260
286
126
309
48
169
143
233
144
132
257
371
29
317
217
128
31
146
344
60
334
388
223
234
18
225
121
100
134
70
86
49
250
208
1
254
393
38
41
164
69
23
388
112
68
244
89
263
65
296
55
353
109
240
17
329
0
234
209
153
301
156
186
139
125
147
173
230
162
230
143
195
381
10
93
307
183
246
346
313
112
89
56
133
51
90
84
79
117
83
244
290
184
154
311
159
323
80
322
378
20
339
109
321
58
334
296
177
306
36
86
117
75
214
254
218
145
9
180
213
319
223
22
84
262
115
176
45
79
61
27
0
179
178
108
188
352
44
256
148
355
178
207
130
123
291
247
47
338
101
174
328
176
316
391
294
291
114
378
224
18
321
211
172
228
254
179
104
89
359
225
131
369
51
115
108
67
386
231
145
267
335
125
300
323
107
91
304
334
381
312
108
2
176
338
315
362
251
68
7
389
226
13
398
190
91
15
226
251
169
361
49
115
390
256
242
398
37
37
242
99
2
304
78
152
163
44
90
228
222
97
289
333
386
170
222
17
187
346
26
364
130
259
333
381
36
55
336
193
97
326
59
177
197
84
182
87
316
307
260
317
5
161
201
231
216
159
301
301
31
325
248
26
14
90
25
202
117
0
370
214
162
212
364
281
197
226
183
204
366
139
286
46
294
306
90
78
66
78
186
70
249
283
110
184
237
160
244
45
390
59
70
31
374
284
209
346
367
53
247
245
192
391
166
136
37
266
13
86
391
371
368
240
187
169
154
259
98
44
10
70
54
108
390
12
202
103
315
380
192
236
352
76
24
150
293
264
63
224
315
89
341
59
269
327
291
264
176
379
168
172
356
170
77
172
32
255
233
65
372
99
43
316
342
383
116
12
273
256
294
390
2
348
188
207
289
263
332
317
12
248
212
107
384
290
97
235
281
302
289
22
219
387
103
247
34
341
22
221
149
75
336
11
136
149
348
394
208
341
360
167
354
175
189
346
299
353
135
159
112
213
340
25
139
270
54
95
399
195
4
347
353
88
204
238
365
212
29
159
352
353
346
109
354
100
369
112
230
6
118
288
178
181
167
298
50
275
170
97
189
6
11
293
24
263
88
164
192
28
303
195
374
127
65
182
83
215
384
247
297
351
194
222
250
119
372
390
377
180
27
339
234
47
351
9
179
144
243
322
84
15
214
362
211
166
151
144
130
372
179
278
101
252
84
170
219
97
19
371
67
30
205
78
177
251
311
73
44
99
190
167
130
59
61
127
318
60
33
77
220
47
299
82
68
221
95
187
243
397
37
300
258
222
379
71
121
234
77
50
109
364
292
327
118
87
141
279
108
269
369
97
337
151
229
262
304
327
299
392
76
190
80
77
113
360
284
346
204
9
189
38
145
361
215
304
117
318
358
316
41
105
397
393
30
352
89
311
40
39
65
394
189
44
231
157
80
127
325
42
97
58
171
258
121
172
2
242
108
183
388
396
45
280
261
125
198
351
370
282
218
139
201
75
151
298
72
364
256
305
93
158
292
55
7
96
103
179
148
46
142
22
234
259
16
179
239
294
333
213
383
62
217
202
55
33
121
174
156
303
351
96
31
99
93
354
173
245
69
379
137
216
230
183
387
271
29
274
132
117
84
91
227
174
136
178
271
172
2
184
378
100
101
55
77
70
156
184
125
43
270
343
224
3
340
55
81
284
252
174
323
377
394
360
52
153
18
389
225
5
11
105
383
23
132
82
367
41
52
108
360
57
149
53
382
166
122
116
209
208
14
204
220
360
38
325
98
73
240
305
127
167
136
19
355
68
305
67
384
362
384
84
34
330
364
16
159
171
170
215
188
120
46
71
371
281
333
217
215
240
207
221
76
306
363
55
145
164
336
358
300
144
27
313
258
40
393
103
261
252
136
198
243
84
135
306
223
151
265
370
98
398
388
290
156
109
52
223
19
235
354
41
153
282
275
101
203
229
271
234
238
55
52
87
85
93
174
354
91
234
367
249
157
40
163
163
247
29
363
60
258
281
366
145
140
14
161
352
296
11
43
390
213
237
236
51
337
355
383
40
218
58
186
57
202
358
175
346
41
354
147
345
84
130
51
33
21
260
377
381
141
333
222
199
298
149
87
215
180
327
60
364
139
76
310
14
356
351
165
301
252
354
172
159
224
148
87
317
236
109
138
137
169
207
78
154
288
346
53
227
39
164
164
325
144
154
310
86
274
123
305
387
26
11
63
273
377
223
234
276
30
370
283
248
215
59
350
3
79
206
90
56
103
243
149
126
58
83
152
258
44
209
322
153
162
31
322
80
239
65
304
257
126
288
83
357
196
78
300
5
349
392
228
77
79
238
121
88
125
54
103
350
17
365
2
262
117
8
7
1
228
149
346
74
8
83
326
164
203
85
143
230
130
12
235
295
382
42
50
373
399
345
54
393
203
264
241
327
156
96
345
91
85
279
348
44
290
75
58
278
325
48
336
298
274
291
111
20
221
39
302
69
104
213
111
393
393
67
144
19
39
119
383
250
283
269
164
291
227
262
144
231
303
155
263
243
252
27
36
24
1
293
123
250
107
106
176
120
176
79
83
220
97
368
329
318
308
8
276
46
89
207
69
380
395
80
305
399
101
353
267
240
178
6
213
333
377
208
351
209
50
99
271
203
310
11
42
347
61
47
60
399
211
360
103
39
15
342
105
148
385
2
119
251
0
130
316
95
387
348
269
210
113
82
116
92
213
237
60
166
43
164
159
176
362
212
195
129
97
0
316
116
333
256
36
26
388
85
303
369
208
396
356
317
239
147
393
280
189
213
62
279
206
256
126
314
13
149
105
321
305
364
17
273
271
191
323
226
94
126
382
201
376
46
286
295
121
149
164
290
203
242
6
358
111
291
75
370
137
332
95
57
263
103
3
123
334
201
24
133
226
264
325
367
322
386
317
11
251
307
104
62
45
325
28
371
178
65
245
398
357
235
383
32
324
288
223
224
103
27
379
248
257
259
268
318
139
2
70
143
71
138
64
61
222
387
50
358
110
69
178
69
277
275
7
200
129
283
210
130
335
86
331
301
230
227
43
55
363
139
214
123
72
188
239
211
196
289
97
388
16
29
169
370
280
313
209
304
129
199
295
267
189
371
327
129
233
247
284
252
105
189
219
39
250
77
59
395
158
140
360
187
175
255
193
322
394
189
79
149
374
268
175
311
9
276
164
7
123
208
202
302
150
2
277
171
174
1
340
89
32
243
211
326
389
298
188
108
337
202
212
359
193
69
19
41
94
37
213
293
179
202
242
74
99
297
68
42
316
329
22
398
164
23
180
294
37
64
269
315
218
301
243
389
57
92
61
65
2
195
107
92
160
124
127
330
389
351
59
244
19
139
392
41
162
373
161
139
140
170
242
339
74
341
109
191
161
345
233
360
242
203
230
19
33
147
369
326
202
302
373
347
328
176
55
126
38
306
85
341
213
83
71
192
269
356
140
84
304
371
226
301
123
245
125
98
357
125
125
137
391
76
334
87
294
326
151
382
111
370
341
153
278
273
370
229
241
75
117
349
203
187
249
293
346
125
222
201
306
336
108
160
123
363
369
353
379
39
254
202
196
383
27
114
85
6
157
240
183
27
302
253
187
225
217
350
67
247
304
42
235
117
324
309
207
386
308
329
306
53
240
370
370
203
296
387
279
128
17
133
292
56
370
349
95
398
317
180
160
286
250
66
18
29
327
383
180
261
284
133
216
398
103
112
27
74
49
379
180
398
232
336
323
4
117
136
209
395
105
240
308
210
302
45
169
40
37
141
210
253
35
8
197
88
191
138
295
350
132
66
97
212
322
329
120
172
26
274
177
250
53
52
93
225
147
86
222
94
281
193
190
94
130
201
358
23
186
238
387
387
195
193
287
382
99
19
192
238
355
68
26
249
255
345
164
44
277
22
269
20
391
125
216
310
367
166
270
323
19
105
127
68
377
318
242
135
157
12
30
262
238
5
267
382
23
204
128
62
263
154
280
355
275
235
342
81
105
284
162
268
133
41
238
103
30
367
241
374
218
120
315
49
131
60
159
10
231
23
181
140
187
225
365
202
269
210
187
202
91
221
126
352
18
171
183
335
265
316
373
321
162
329
108
39
47
224
96
345
154
378
300
183
198
305
103
56
224
387
328
393
225
92
383
323
89
92
162
331
243
392
283
106
260
14
70
306
177
145
251
393
53
38
202
96
56
255
43
253
379
17
148
123
47
84
350
255
60
391
228
41
317
56
194
8
182
5
372
282
343
241
80
163
209
241
170
307
147
263
219
164
267
358
394
129
33
368
169
290
273
170
134
249
378
61
316
182
44
156
186
16
330
1
391
341
82
180
220
150
243
167
222
204
389
233
80
354
227
159
253
150
172
7
124
356
261
166
180
157
385
291
24
11
85
292
173
258
189
338
331
52
207
311
37
346
111
334
27
60
311
370
381
366
164
186
359
375
66
232
14
47
8
367
279
172
159
302
224
196
46
299
380
318
71
354
364
242
364
138
240
206
196
197
399
304
258
315
98
258
246
399
78
23
283
370
264
106
81
291
220
258
168
69
275
273
264
27
103
359
246
9
273
67
284
151
371
5
69
197
67
289
363
37
232
383
160
220
157
170
96
389
316
116
23
6
187
251
289
396
108
189
192
74
30
24
247
121
242
221
378
209
330
262
201
389
63
151
254
329
205
202
278
249
158
330
329
207
202
246
10
216
50
254
1
242
211
5
286
10
237
370
139
226
295
41
25
210
108
25
262
52
247
99
78
125
14
359
12
60
244
245
285
118
343
50
343
317
166
371
360
370
32
143
151
29
353
312
218
362
63
258
42
176
396
278
262
338
373
228
159
11
69
242
4
58
260
193
225
141
264
393
334
304
361
292
332
315
247
93
349
35
240
41
165
4
365
51
272
111
289
162
132
323
349
77
189
49
343
313
242
306
211
27
172
341
10
228
239
156
112
390
303
106
169
104
160
214
231
126
2
163
108
15
304
367
59
388
382
224
322
284
229
42
303
47
65
319
337
132
370
256
291
399
158
42
0
120
17
186
361
325
395
104
174
285
246
147
265
384
133
319
146
216
356
282
98
96
373
288
156
161
23
334
11
177
31
150
197
359
323
290
149
84
264
290
107
350
153
324
109
340
375
287
194
264
200
70
29
93
32
393
190
78
335
56
44
0
255
236
17
224
87
87
133
376
234
187
348
153
70
371
84
116
42
81
365
391
83
339
246
186
378
375
164
148
326
302
162
183
346
65
151
58
152
241
336
192
178
383
42
311
5
247
344
357
121
133
341
49
336
378
3
188
288
210
168
292
135
142
176
55
64
227
291
143
69
192
37
70
273
150
178
46
191
375
3
387
42
178
217
44
393
323
270
394
157
196
209
355
142
138
116
226
47
22
1
385
89
205
11
2
2
197
59
119
268
252
394
4
208
41
38
31
196
270
334
47
54
68
323
379
206
283
387
42
134
51
393
131
309
278
110
104
2
134
240
43
92
86
389
177
235
250
154
199
1
17
174
22
339
160
0
288
158
0
68
160
379
161
147
240
164
34
93
290
199
180
116
126
240
235
278
76
346
75
311
133
230
46
307
372
75
87
283
49
191
308
240
171
346
385
121
12
224
37
35
258
156
0
315
245
157
158
228
145
371
191
185
303
261
116
391
304
58
148
247
123
67
188
350
82
281
120
47
16
1
122
103
359
262
388
115
65
204
263
329
64
37
243
318
304
11
59
101
259
16
368
248
309
121
292
17
25
293
358
347
298
163
283
246
306
369
256
354
11
16
322
92
89
181
354
255
269
80
399
356
31
315
376
270
305
44
55
280
377
284
350
115
323
213
210
182
106
381
265
82
307
262
87
78
243
282
187
330
361
92
133
125
269
132
2
187
176
96
251
393
271
256
9
77
122
4
252
295
183
376
261
92
41
131
116
342
334
270
340
318
88
296
161
217
219
373
217
275
70
177
346
73
155
90
385
261
193
234
8
15
92
348
302
213
112
353
149
201
248
324
213
278
334
85
135
275
61
208
284
116
40
364
398
332
64
255
203
43
233
166
186
88
176
8
121
267
99
330
386
159
326
239
322
114
360
299
119
353
213
379
377
254
8
171
41
38
75
263
335
295
160
371
321
260
259
349
15
211
203
209
269
308
51
325
386
95
130
189
125
37
206
344
261
395
91
64
3
174
112
313
259
379
103
150
347
159
108
116
305
5
68
129
116
274
364
269
344
110
361
217
204
389
305
308
50
1
269
67
353
165
228
51
308
194
2
91
21
120
316
209
218
331
389
2
5
39
171
53
13
307
188
84
5
244
56
23
11
204
78
304
208
155
353
303
245
258
376
63
142
308
13
73
58
243
324
114
393
301
352
237
246
385
220
68
97
40
259
88
341
220
256
95
134
269
49
292
251
96
172
5
324
286
48
366
202
77
161
256
143
263
119
243
69
107
327
337
294
393
198
108
323
140
118
378
324
99
73
323
73
277
84
321
164
196
124
398
99
273
27
286
124
249
336
101
208
108
11
384
4
41
256
334
339
386
324
197
111
47
203
273
207
131
321
104
362
164
199
335
72
272
197
258
121
62
346
330
145
97
200
193
160
204
11
12
195
277
42
49
371
68
130
22
135
308
355
315
1
356
120
346
188
342
287
283
206
49
379
22
369
160
309
40
393
151
5
1
245
262
25
289
353
27
157
51
35
80
354
299
74
297
133
272
375
196
33
177
187
49
33
109
87
130
347
14
388
379
6
29
25
69
167
111
360
66
49
28
65
84
264
30
209
371
256
174
171
352
73
115
110
313
14
283
90
65
185
247
349
342
290
134
12
56
136
303
277
155
48
221
264
292
2
265
332
340
331
293
243
326
333
30
26
264
385
282
326
394
330
71
332
397
246
225
223
240
137
268
140
373
64
378
199
70
301
273
27
182
55
317
319
18
36
116
51
241
251
2
309
364
92
127
78
225
120
116
283
301
76
131
300
146
350
13
2
318
134
56
393
48
118
61
303
193
195
274
125
379
298
192
196
324
333
165
351
283
225
191
118
368
244
55
232
378
5
372
130
334
203
311
131
53
169
42
258
303
270
279
11
82
351
389
180
176
132
66
373
187
170
237
214
113
155
78
86
289
398
152
53
343
285
106
348
225
368
274
171
250
304
2
300
126
28
65
208
337
340
301
291
160
84
173
382
329
148
251
117
390
225
304
49
52
120
243
289
235
134
280
69
176
244
192
256
46
41
307
359
112
304
372
201
219
257
92
115
83
289
96
313
172
74
92
24
248
210
276
170
110
286
313
398
327
16
356
115
44
186
250
33
364
218
306
73
101
217
37
80
181
376
389
12
10
389
373
167
133
77
144
210
245
209
382
229
396
285
153
75
276
258
399
313
268
235
317
66
153
58
304
15
399
189
84
163
216
223
109
212
370
287
181
13
84
387
357
95
330
300
127
346
15
158
257
85
145
55
353
365
241
214
383
372
3
278
274
240
286
192
180
164
335
389
356
200
32
229
153
46
187
87
338
165
171
193
274
382
395
260
203
187
318
161
219
199
97
252
256
148
33
261
26
139
278
31
258
189
147
253
148
271
253
181
352
14
98
70
14
92
293
217
66
145
66
255
147
48
177
137
54
69
65
161
127
236
157
8
251
271
313
399
388
18
81
195
56
337
301
82
260
274
49
177
268
273
317
292
55
23
190
251
57
32
26
212
294
164
398
333
40
256
28
264
183
372
236
102
195
86
246
373
241
351
297
30
121
33
389
159
35
268
146
97
62
211
100
244
131
252
355
365
86
254
164
325
111
157
393
357
60
389
326
283
329
370
47
395
80
31
42
209
254
360
19
89
219
339
151
51
33
172
182
124
378
249
8
47
274
73
68
391
124
221
173
121
113
164
77
149
273
134
142
345
53
182
133
229
177
291
333
329
102
154
132
138
6
277
19
214
295
233
306
181
37
249
240
79
29
376
3
177
60
55
84
32
309
317
205
70
113
169
57
181
0
44
392
108
187
115
349
251
81
18
101
175
84
246
105
201
92
396
152
7
101
285
61
250
40
104
237
284
85
352
110
41
234
65
22
153
178
170
304
130
12
398
5
242
68
159
156
287
131
317
367
28
385
232
343
218
390
167
268
40
223
274
196
93
330
172
79
226
73
23
97
126
180
365
350
77
101
360
291
139
188
93
39
205
387
146
290
324
325
321
104
218
229
373
215
40
371
36
297
273
273
389
166
185
115
102
116
65
383
249
294
173
172
130
209
80
56
181
304
11
56
255
63
25
369
206
110
60
194
149
308
8
126
196
106
18
136
127
317
156
225
16
341
31
241
61
344
273
398
208
128
285
324
67
221
304
209
168
62
241
338
135
133
337
196
207
144
141
161
9
97
43
216
152
58
221
358
323
372
82
120
138
388
214
204
90
146
124
82
99
334
43
151
63
134
9
348
72
277
226
190
282
61
25
133
240
281
102
394
239
389
201
128
69
93
265
377
112
233
379
387
79
29
156
214
175
235
66
345
296
373
68
50
387
296
160
63
6
376
31
372
359
110
386
276
385
267
338
236
2
34
89
226
49
125
41
286
348
1
29
308
50
105
55
313
203
48
54
321
163
113
162
91
28
201
340
186
14
37
147
245
176
331
40
34
61
165
312
24
163
238
171
180
384
280
3
298
233
399
300
280
352
128
361
62
35
87
357
357
344
208
177
4
277
285
311
82
36
58
276
42
163
293
175
243
19
301
148
277
69
271
193
270
280
120
71
222
339
67
333
378
310
96
247
216
124
397
396
27
292
220
302
207
28
226
292
150
180
169
318
141
337
394
38
336
315
64
77
345
51
379
318
305
379
262
323
60
236
41
162
205
146
44
227
368
180
286
62
228
60
232
254
84
78
14
163
225
61
226
245
72
73
175
398
69
303
364
91
19
204
367
171
106
30
32
337
197
2
346
351
389
162
351
123
164
221
157
203
218
204
295
38
94
290
19
232
356
248
287
307
273
169
254
8
177
65
221
60
353
141
37
339
57
323
93
371
132
34
255
86
179
192
141
45
246
206
214
41
240
373
256
198
324
311
69
89
375
294
220
58
144
36
231
112
396
149
140
75
24
129
395
299
332
0
227
29
7
269
188
210
189
142
237
260
75
273
202
333
193
302
110
218
322
359
101
24
130
33
287
375
134
270
300
389
375
130
355
125
388
145
52
326
306
325
78
153
104
286
101
223
100
364
355
275
8
233
282
179
217
333
14
17
226
246
61
139
253
61
288
49
280
273
264
30
37
24
63
351
76
274
193
318
23
313
354
145
132
173
176
162
315
393
337
110
336
71
66
327
94
239
247
218
1
323
233
2
14
334
216
269
193
255
351
193
71
302
0
23
323
185
368
126
339
277
73
53
263
164
24
80
108
13
0
74
103
363
269
4
396
367
276
310
186
273
362
133
13
84
212
169
222
375
243
82
70
273
129
398
327
105
186
350
174
187
35
193
256
83
304
348
298
181
39
68
202
86
134
142
174
186
34
258
286
282
104
48
206
156
78
358
144
342
188
1
77
301
142
131
329
369
339
69
210
166
134
167
81
233
329
265
229
295
298
233
31
19
373
193
214
84
108
259
383
244
34
65
363
19
244
14
104
97
28
183
106
378
184
304
308
297
326
179
159
362
252
131
46
176
12
189
197
373
134
194
37
194
264
271
54
389
10
84
209
135
24
324
124
242
306
201
199
255
199
315
89
24
57
385
72
239
91
297
213
291
350
59
322
245
111
317
322
300
59
187
147
81
189
287
66
327
243
265
27
87
105
149
332
227
270
197
162
208
63
169
123
308
135
342
96
233
336
326
367
203
198
326
134
321
57
70
389
382
17
161
231
83
201
90
75
240
34
252
6
221
282
307
215
208
118
34
160
245
224
224
61
140
129
134
132
186
391
310
249
346
97
252
336
129
394
186
133
120
207
172
74
294
227
351
157
255
84
90
360
342
12
109
301
99
69
388
305
258
288
246
48
128
125
57
55
222
9
315
353
79
42
66
74
73
166
9
7
166
41
51
353
50
123
391
70
33
125
327
15
9
225
241
233
55
215
312
391
380
312
24
370
73
319
69
118
36
43
33
125
178
275
162
299
207
70
339
329
54
211
388
325
44
202
107
282
212
142
295
208
84
369
206
370
193
107
76
289
140
55
116
174
285
173
295
107
84
152
254
373
208
96
197
339
33
107
364
227
217
338
325
240
72
184
261
60
376
0
38
369
396
88
340
366
123
253
372
230
311
187
253
312
112
210
88
379
308
332
148
63
84
305
271
302
120
8
109
207
217
121
355
204
30
228
192
229
55
144
63
113
173
65
163
370
180
147
50
226
126
393
364
294
308
117
322
111
317
99
155
52
329
5
385
320
305
270
282
269
275
16
283
217
60
363
94
199
132
6
357
383
147
245
154
329
105
32
111
371
299
130
34
210
135
396
255
390
387
269
98
160
343
159
137
86
140
125
27
163
78
334
210
221
309
72
365
357
135
159
69
336
365
29
172
322
22
24
341
127
212
18
294
133
32
18
29
269
350
149
356
91
398
364
226
204
33
56
267
201
46
289
167
4
115
356
254
255
201
292
309
137
324
224
52
362
288
129
356
180
165
193
201
249
387
105
61
109
93
139
96
180
104
66
210
287
101
54
365
66
180
171
288
43
394
61
125
366
247
80
175
212
49
292
92
271
190
387
304
14
61
12
43
116
115
332
366
248
59
117
328
55
175
330
31
183
51
386
185
100
242
75
51
260
34
382
45
250
322
348
279
59
52
31
269
153
13
369
140
356
0
44
188
197
209
91
235
229
202
163
348
272
122
79
256
292
52
238
375
240
351
162
303
40
210
153
214
86
120
103
149
37
132
20
156
226
252
180
168
132
24
242
381
310
179
330
286
356
346
100
74
6
356
203
132
230
63
225
327
130
34
265
89
264
10
203
178
151
298
278
292
16
332
5
18
348
159
343
285
112
143
267
151
241
343
164
147
79
264
127
132
369
193
88
117
100
371
170
241
190
169
369
2
239
109
64
297
79
371
43
319
39
369
87
249
318
149
80
350
198
379
110
15
219
263
312
258
145
172
98
89
395
273
41
176
199
149
368
389
127
236
253
219
151
79
317
171
206
13
302
53
6
381
153
232
114
2
249
129
292
32
164
87
336
301
124
394
1
256
204
349
92
362
258
54
157
295
59
225
143
123
125
12
78
176
273
344
172
182
177
58
13
161
38
197
92
156
119
346
252
144
382
245
380
74
328
285
200
230
261
148
165
365
311
157
239
110
324
282
155
232
39
267
304
261
389
121
11
379
376
165
21
242
59
135
220
181
201
308
100
75
149
47
209
256
91
0
315
89
167
145
359
283
97
98
294
152
172
113
211
346
336
269
20
233
75
16
188
306
393
225
360
223
33
103
144
20
277
269
245
238
127
299
209
175
280
365
239
11
173
201
132
239
82
133
75
359
127
271
100
157
143
23
304
191
173
359
373
197
295
337
157
64
382
385
150
166
103
310
237
178
67
270
290
205
227
180
364
51
378
174
379
390
2
301
294
174
63
207
361
218
31
75
289
181
82
150
2
176
57
159
81
66
152
105
75
259
346
396
159
183
270
64
199
168
137
356
92
389
144
139
333
398
364
323
325
394
91
357
70
92
41
26
258
294
96
116
169
2
153
132
56
242
115
81
377
157
293
23
177
70
388
237
308
274
336
150
40
360
42
324
102
276
378
257
371
267
55
281
288
275
300
236
126
187
223
264
365
110
208
304
57
190
179
162
237
296
255
77
127
189
280
350
381
192
82
97
316
249
348
204
216
198
78
32
221
88
161
108
11
396
223
35
105
136
120
307
10
38
75
144
139
107
69
140
52
29
340
249
27
237
225
49
187
257
133
356
368
354
30
193
247
394
2
42
399
390
0
167
87
30
154
278
14
191
165
307
182
398
68
88
334
316
351
97
86
24
275
193
384
290
283
36
84
334
107
56
291
52
281
106
30
249
126
54
27
41
394
170
365
37
223
122
175
139
276
240
153
16
5
294
82
231
329
250
351
100
3
179
51
62
197
253
299
59
265
305
243
261
204
79
277
185
348
51
202
126
89
268
69
323
7
9
8
370
127
20
77
59
135
68
199
94
220
392
92
48
349
293
178
334
77
238
207
134
15
204
0
3
346
353
223
150
228
32
283
371
286
61
211
327
330
140
326
41
258
137
396
293
294
281
373
380
279
37
139
49
332
326
30
11
346
288
195
166
141
306
255
250
357
354
242
53
105
19
298
346
313
211
290
369
11
274
315
230
258
103
285
71
235
255
184
340
140
170
259
280
265
2
269
161
67
176
378
164
341
11
375
159
366
12
53
396
372
158
23
159
152
159
66
50
209
395
238
265
11
157
386
239
225
235
61
40
49
340
334
100
255
364
140
367
98
58
329
15
180
391
199
0
378
70
207
384
288
175
275
298
302
369
310
348
146
141
79
225
30
151
299
194
394
365
262
396
327
144
346
106
74
104
245
153
87
219
332
143
221
124
12
5
65
8
341
145
331
329
390
178
321
205
188
51
71
340
204
394
349
39
254
351
35
361
126
90
202
9
395
273
199
27
262
131
91
231
140
6
119
219
104
103
349
271
357
398
316
41
361
259
123
37
94
170
192
87
136
108
226
153
304
209
30
296
158
0
2
93
225
143
181
279
225
106
91
336
242
286
83
205
299
287
129
93
97
234
134
162
298
190
210
93
78
367
180
192
250
177
370
398
255
68
374
40
264
218
77
201
159
219
318
84
28
103
294
255
5
216
240
276
69
148
12
108
303
59
227
298
115
78
5
304
170
167
288
371
93
5
353
57
14
363
228
164
221
252
238
10
173
139
248
341
166
61
42
133
289
337
26
348
200
174
291
369
70
143
99
147
230
42
39
234
221
258
132
106
112
306
221
392
140
380
102
396
18
100
302
176
367
213
230
304
276
291
52
387
44
191
332
143
279
203
5
0
362
204
294
207
322
146
114
94
206
77
7
80
304
373
252
119
369
37
276
244
49
341
197
292
313
114
215
353
137
337
248
358
244
156
323
374
243
395
373
166
269
4
0
230
264
36
225
351
100
389
118
242
295
151
49
105
142
211
109
163
374
172
252
9
1
382
298
50
312
254
305
397
338
387
233
153
246
338
201
354
190
391
232
378
49
293
5
30
330
130
195
248
281
257
292
162
84
294
286
270
29
241
69
112
311
46
133
253
105
44
42
210
247
250
175
51
116
272
112
326
197
370
195
350
368
124
210
152
384
243
231
97
320
162
379
206
9
223
94
220
23
322
105
162
102
14
188
261
363
21
219
250
213
228
100
172
46
383
312
6
108
378
43
0
307
309
198
137
160
324
40
304
248
338
217
255
153
311
99
308
364
284
351
249
46
374
280
139
52
243
130
174
6
36
247
36
63
260
202
130
94
190
199
318
180
399
133
73
125
283
271
244
170
225
59
220
220
59
257
302
4
57
168
209
16
341
229
20
281
249
321
263
39
264
379
192
210
248
381
295
77
260
214
20
285
84
124
375
14
169
109
155
375
284
242
54
97
220
34
55
42
41
84
231
60
311
60
339
228
234
197
273
203
251
300
287
252
204
60
209
293
224
139
346
1
362
285
164
49
285
213
233
247
76
347
169
53
229
99
91
379
115
260
108
68
381
34
356
351
186
221
266
354
226
353
220
183
118
290
329
111
243
178
381
14
215
11
349
213
192
287
352
88
307
262
103
362
273
331
351
190
70
133
297
6
342
226
37
84
118
112
40
154
216
282
310
273
70
344
175
10
276
303
243
30
76
134
179
21
353
253
258
40
332
369
254
120
16
174
364
213
349
213
204
255
107
376
104
320
378
189
340
70
16
138
293
268
43
75
387
196
5
384
178
18
372
5
86
319
182
147
66
387
47
69
126
206
229
24
215
304
170
282
67
187
343
324
67
3
336
143
399
202
83
349
308
242
315
10
77
83
369
316
291
352
396
70
253
383
253
255
19
32
249
160
160
168
53
46
365
55
288
108
272
255
20
165
289
352
135
359
179
107
227
167
287
195
276
143
232
331
355
41
180
262
85
199
276
92
360
275
133
7
263
295
265
373
47
97
341
334
10
190
29
368
135
193
393
391
302
127
195
173
31
72
280
4
80
107
276
25
102
188
316
80
48
169
344
313
315
153
352
293
271
116
183
11
228
22
182
243
103
188
126
329
86
274
170
200
393
158
176
274
26
104
376
217
174
283
340
60
7
8
244
398
240
185
126
162
241
394
374
259
280
318
56
211
32
87
0
93
81
215
28
62
270
233
214
305
251
351
362
371
340
103
263
259
314
300
151
14
287
30
145
33
198
212
220
206
11
333
306
36
246
61
388
216
263
208
371
349
175
70
101
91
79
228
261
139
162
160
266
10
213
107
158
130
17
49
15
38
224
337
80
186
298
287
84
172
264
287
362
210
337
264
154
236
126
143
98
16
87
39
223
317
292
239
259
290
233
92
295
37
301
130
124
230
181
248
115
183
1
151
41
232
331
192
389
381
23
339
382
190
242
203
245
299
351
108
9
173
199
100
322
49
65
347
238
223
69
109
58
5
171
143
223
34
371
399
331
339
345
87
288
389
325
277
23
155
258
232
140
371
102
4
75
79
126
345
109
177
222
127
123
129
319
254
358
324
11
172
98
132
34
86
0
82
277
27
199
8
258
95
176
233
228
330
216
88
49
218
98
11
10
102
131
309
285
60
261
72
238
284
208
362
49
14
47
373
223
294
6
313
273
7
109
215
258
219
331
340
284
257
378
253
284
108
179
147
90
202
56
19
152
45
258
108
380
271
199
364
327
65
136
349
115
278
226
241
261
173
34
101
51
27
180
371
285
317
187
300
112
152
140
194
74
77
134
349
262
340
143
398
87
103
78
362
83
318
373
280
327
53
296
163
16
293
193
142
108
246
77
175
254
249
378
303
209
389
61
135
290
373
96
373
263
275
141
212
240
8
48
214
41
315
399
212
140
30
22
189
52
285
65
65
258
183
243
14
13
22
4
367
146
96
308
372
298
22
32
133
224
204
148
24
96
269
256
358
274
134
318
28
215
219
94
365
268
256
1
350
120
2
225
135
179
8
295
186
22
202
149
124
155
64
313
169
347
182
324
382
299
219
340
193
254
50
234
19
337
167
61
258
337
389
175
262
124
303
48
183
148
389
171
306
114
182
149
285
29
390
37
104
305
1
233
117
379
152
282
55
23
134
234
140
290
274
13
92
0
307
341
134
193
87
294
211
119
337
0
96
324
11
273
240
372
101
11
67
389
360
270
128
75
118
176
197
317
151
258
142
319
158
364
129
33
302
138
149
159
154
44
356
55
144
5
354
381
226
373
19
84
241
156
46
150
37
306
223
189
294
65
254
29
392
226
218
285
323
363
209
322
233
81
393
370
133
226
173
36
204
292
203
242
69
335
45
30
218
251
348
141
85
218
111
147
399
55
9
333
87
387
325
1
270
63
166
276
238
270
21
198
16
135
18
250
202
115
229
369
399
81
0
77
373
108
11
275
94
24
352
281
76
233
12
160
9
188
360
393
131
282
49
66
52
230
151
264
62
146
50
283
399
167
387
217
271
4
135
40
313
334
270
299
378
202
322
272
310
295
7
332
316
352
178
312
105
53
51
197
89
308
328
280
307
179
289
20
307
347
286
82
190
260
381
377
330
236
12
287
143
311
252
53
208
85
6
41
212
53
347
145
323
244
32
177
289
389
302
392
213
36
236
86
264
381
227
1
83
112
91
396
340
80
288
42
169
224
10
375
52
222
249
41
332
182
162
312
185
34
74
60
213
237
228
161
134
139
219
342
389
210
249
289
6
309
277
322
313
279
164
273
200
305
77
18
160
281
226
106
58
44
108
292
202
209
25
366
290
67
247
396
104
275
99
245
316
272
213
334
161
246
294
68
35
383
220
49
352
148
8
258
1
208
266
245
282
163
239
361
123
163
28
145
109
204
159
180
68
156
177
84
365
268
338
60
302
222
101
249
111
336
1
318
253
209
298
357
356
254
36
336
334
114
71
280
65
40
99
140
199
204
6
82
103
225
33
327
107
60
279
0
342
206
313
258
197
238
361
240
132
247
260
222
309
351
204
10
37
338
229
373
89
79
87
76
220
77
371
169
210
118
75
322
86
178
140
231
127
95
27
180
177
88
142
92
200
341
349
398
177
75
358
10
254
108
109
133
262
137
107
278
352
251
306
44
249
316
22
399
295
105
324
350
173
81
294
222
218
49
392
289
117
219
78
246
89
63
82
222
272
2
104
139
312
27
110
17
339
386
168
330
347
277
53
242
69
17
166
86
267
133
307
212
41
137
130
255
212
64
220
241
108
175
14
47
18
93
133
161
302
274
272
182
375
38
34
228
232
180
76
162
120
358
93
68
198
47
89
69
281
71
202
264
364
156
307
47
356
106
340
51
316
52
61
58
385
201
385
149
264
52
79
303
236
147
70
127
113
32
83
225
61
165
301
382
193
260
198
160
91
199
138
55
289
101
210
21
294
107
39
298
220
201
136
27
194
206
218
242
354
365
335
174
352
20
77
174
143
152
176
21
49
39
20
97
319
108
65
164
236
346
347
253
40
66
258
377
325
283
19
58
22
59
42
171
75
45
20
346
234
350
382
152
81
311
236
262
335
204
289
391
23
242
234
290
20
300
166
146
84
96
384
110
50
277
284
81
376
398
18
88
287
252
286
7
120
357
261
321
147
235
242
274
381
366
271
393
8
96
395
399
230
40
28
280
260
310
35
204
263
306
331
89
329
97
197
379
70
147
105
68
107
5
52
378
210
233
347
110
53
138
230
153
152
91
223
103
143
295
42
147
178
310
244
57
259
332
349
11
197
323
376
3
61
369
170
15
314
79
56
68
238
259
379
165
330
394
324
389
16
302
333
372
207
243
275
367
65
322
159
2
281
394
111
37
76
94
30
391
188
140
267
341
308
82
160
86
281
168
123
363
209
225
96
270
224
398
277
253
172
378
366
34
204
265
78
345
125
323
367
351
389
78
68
269
378
29
268
173
353
41
77
379
179
304
94
42
193
124
158
362
324
186
247
355
225
358
139
141
152
97
232
299
34
202
135
391
196
58
305
127
287
104
273
256
78
360
313
28
289
120
61
314
372
208
102
398
108
12
360
324
90
7
132
199
273
244
139
275
362
140
330
103
34
125
48
8
206
333
285
163
6
71
262
308
109
396
172
387
371
184
389
326
109
54
232
180
286
277
117
8
386
15
9
204
11
13
318
99
64
2
34
295
9
271
379
297
325
61
127
152
175
182
49
228
86
387
327
190
245
104
281
183
59
96
99
73
129
146
168
134
362
0
70
180
60
155
243
119
264
326
2
303
370
376
88
38
223
380
261
277
322
353
98
294
123
323
349
121
308
159
48
264
257
147
126
255
170
77
50
218
334
397
399
281
365
245
136
127
68
9
138
271
69
203
372
353
376
214
396
142
28
31
138
234
183
165
9
39
194
5
335
78
273
138
330
399
188
228
367
395
376
346
282
163
148
80
70
299
109
293
321
42
232
396
86
269
136
286
244
183
344
291
205
87
332
379
111
187
179
387
0
164
389
317
322
73
123
220
180
311
178
199
387
295
344
77
263
364
346
18
273
29
42
32
104
50
329
5
169
9
306
130
101
194
238
278
392
153
91
160
24
185
306
234
369
338
358
52
217
294
240
174
325
43
300
84
159
195
178
40
158
111
311
236
243
243
147
107
29
294
244
181
266
109
67
232
394
213
303
334
12
126
189
204
291
367
61
299
74
42
235
107
276
342
352
101
91
233
239
198
27
41
140
257
163
338
356
27
64
359
317
143
25
40
19
135
137
33
118
305
352
231
366
171
124
236
166
240
176
147
304
85
11
256
250
113
314
141
193
283
225
157
268
171
25
22
219
341
204
307
88
387
220
25
7
95
32
173
313
84
126
336
379
12
215
273
337
287
192
257
120
52
35
244
380
278
379
294
291
95
180
352
232
42
101
347
317
332
232
139
273
282
212
29
225
225
56
22
104
240
273
55
130
182
159
216
204
241
238
222
197
140
143
255
244
356
233
139
334
54
161
221
67
172
22
152
3
175
207
202
32
326
183
209
371
338
232
261
141
249
305
83
189
172
46
83
52
200
152
385
319
165
232
115
20
329
359
86
378
208
47
94
62
120
126
79
119
274
140
289
358
41
70
214
353
209
52
369
275
286
41
123
46
359
121
337
323
196
377
98
158
99
180
248
87
274
38
16
217
343
67
139
252
171
208
34
174
142
133
249
397
22
214
87
80
370
367
55
68
394
49
19
64
252
260
154
301
386
385
235
28
46
42
57
238
355
176
105
322
137
354
345
0
161
52
230
41
176
263
294
15
283
94
243
389
204
370
173
63
259
162
214
322
116
389
59
13
300
388
351
275
270
393
62
208
84
197
140
307
57
345
128
348
23
25
62
173
166
397
178
142
143
181
363
277
255
308
24
220
205
262
119
26
258
133
220
223
129
187
216
159
9
190
201
363
247
54
18
371
56
394
149
355
182
166
4
239
352
353
177
321
143
117
290
181
277
390
294
344
159
382
137
259
326
273
294
68
37
297
125
334
329
300
393
71
302
66
59
228
243
315
251
57
181
167
337
23
257
19
328
149
206
307
318
15
354
276
277
191
316
90
358
106
33
54
103
357
50
315
342
164
61
322
378
299
260
214
109
217
159
267
151
380
19
97
166
180
2
306
237
324
385
159
312
356
379
363
236
156
92
348
188
74
189
186
252
275
268
123
336
220
395
343
369
138
376
192
387
130
31
81
203
86
70
343
389
236
201
222
146
172
116
96
348
300
83
357
180
103
389
30
15
372
5
103
385
289
318
22
40
177
291
320
140
147
40
120
195
353
181
88
167
346
177
70
351
119
171
79
55
366
253
384
387
161
187
341
60
206
359
169
100
290
265
174
54
1
223
347
2
204
43
246
230
140
280
8
325
178
37
358
51
10
378
170
378
243
370
135
89
49
214
35
112
129
237
182
7
100
240
161
123
92
365
271
377
65
129
76
229
230
33
76
108
373
0
67
150
7
304
291
58
349
250
40
398
231
23
218
192
83
242
260
184
88
79
38
234
214
209
287
213
288
162
288
233
125
4
392
28
141
305
380
30
60
142
72
179
56
141
383
42
128
250
316
117
49
93
101
323
247
108
37
277
157
394
85
132
108
132
250
219
172
140
244
112
394
350
148
295
151
347
394
186
236
356
142
352
162
287
208
123
306
302
249
252
348
26
153
211
231
36
197
383
289
247
102
0
369
7
317
10
384
236
16
198
192
354
352
41
369
272
109
9
264
65
134
163
257
56
35
322
134
130
151
210
210
321
389
313
331
399
389
5
390
111
121
203
391
386
97
201
223
147
333
149
263
72
185
381
27
61
398
193
298
54
169
70
318
241
29
299
233
15
7
94
302
227
347
387
179
123
80
33
193
270
39
368
384
328
112
353
191
4
240
3
269
153
46
22
129
198
124
207
189
86
325
352
358
187
76
387
387
389
96
16
160
261
276
287
62
152
389
216
249
181
8
153
39
117
19
189
222
64
68
101
315
241
163
189
396
14
167
248
275
183
386
182
299
38
37
107
159
89
125
249
16
380
175
245
45
272
115
2
266
355
236
252
301
283
71
156
369
130
69
193
208
239
303
62
303
302
113
398
267
19
308
331
257
35
117
386
139
66
277
399
189
278
306
59
29
344
57
13
103
397
191
261
322
77
363
34
11
247
232
83
182
179
177
355
390
351
365
125
64
381
28
295
205
222
208
36
275
44
176
346
353
85
103
50
277
289
316
118
130
355
241
39
206
174
270
350
395
247
157
226
213
238
41
273
306
167
257
353
344
101
234
64
347
291
70
96
309
337
331
222
365
359
8
164
100
118
14
56
9
262
378
1
101
273
4
36
322
284
212
356
134
47
190
12
85
339
377
140
149
393
278
365
311
70
385
274
6
163
95
43
313
187
363
371
55
373
378
111
176
369
270
135
327
64
214
153
384
338
264
219
30
61
135
270
147
96
332
109
124
201
383
374
227
234
47
258
164
82
60
368
87
25
142
33
2
58
34
174
396
278
244
153
176
363
72
229
378
138
373
199
36
148
256
126
256
116
351
290
93
281
99
180
399
243
389
234
58
396
1
134
13
75
177
397
124
176
383
72
171
116
338
10
178
149
40
122
315
117
341
44
240
61
6
69
63
232
78
14
213
132
303
155
224
386
14
94
140
396
267
93
235
6
282
238
95
14
132
362
177
228
123
353
341
287
356
79
394
105
213
133
23
371
254
271
9
80
255
208
128
84
173
327
109
34
332
65
166
132
251
229
95
330
289
244
96
71
14
42
134
7
167
313
352
142
302
56
301
200
189
290
62
131
245
296
257
222
378
382
242
341
367
70
68
17
108
345
399
204
244
252
132
364
28
34
268
240
386
145
132
379
43
396
166
149
374
110
197
45
120
242
61
270
75
225
93
248
250
289
233
361
101
61
227
153
212
373
183
261
305
167
265
197
389
130
328
104
152
379
97
149
10
250
348
47
74
88
143
213
336
159
302
91
229
112
198
371
189
393
11
306
58
13
249
307
340
75
181
187
226
321
93
16
396
77
392
366
302
267
235
262
204
353
80
114
388
29
15
236
352
28
40
316
275
345
88
237
153
238
256
147
251
300
262
58
78
155
299
230
55
204
209
346
23
208
1
159
147
225
157
165
4
29
351
378
69
43
132
197
185
332
302
35
383
293
222
94
281
292
220
310
290
60
262
71
216
34
296
200
201
70
240
338
142
190
188
120
19
323
203
17
89
197
148
261
120
186
215
215
91
68
103
224
1
83
15
25
177
189
31
129
365
309
364
172
330
37
150
315
91
70
261
205
378
220
259
135
213
283
308
300
34
287
183
199
136
346
38
38
350
283
239
87
130
78
17
235
116
389
172
73
289
276
188
41
190
102
327
207
338
17
121
385
155
336
58
229
152
192
134
110
44
386
183
48
193
138
277
318
259
150
277
10
352
142
344
15
383
274
389
318
118
112
386
337
149
382
282
55
275
364
356
63
178
232
71
141
366
197
321
195
358
108
122
341
35
398
130
371
98
42
356
139
125
287
197
222
294
175
10
101
64
226
39
87
173
14
334
309
2
156
335
198
362
260
5
228
188
66
332
146
351
207
6
121
6
195
5
278
318
253
175
351
87
125
114
303
281
107
25
128
129
341
211
249
171
35
54
89
37
272
184
368
369
253
133
103
301
308
36
205
244
116
6
162
164
380
174
358
17
254
292
249
248
250
63
17
84
348
50
317
97
114
89
105
378
150
233
157
235
245
298
78
267
15
31
21
172
251
109
270
167
203
211
260
301
290
308
90
373
304
237
16
242
293
103
309
326
171
122
316
114
156
141
51
213
369
331
160
242
353
174
97
69
348
101
376
199
52
138
118
20
283
165
94
101
353
39
381
162
133
386
125
136
346
93
5
37
5
228
121
385
257
398
51
125
175
242
209
219
153
223
128
122
11
23
360
40
251
143
280
287
346
23
166
117
123
30
243
241
356
201
317
294
241
12
331
138
327
56
54
51
254
168
169
129
78
366
74
302
11
342
27
334
9
136
79
206
146
323
261
41
27
103
32
396
363
136
225
256
110
114
240
174
48
215
103
317
283
19
176
219
63
225
172
106
256
388
123
235
77
387
188
14
76
49
77
94
140
233
312
27
16
157
134
196
334
56
83
197
13
69
63
24
5
259
34
103
189
150
41
19
246
60
348
86
36
32
1
69
273
42
388
236
65
39
393
130
175
174
12
289
216
214
160
128
350
246
133
226
25
297
364
140
58
357
249
323
140
327
348
225
348
19
156
139
54
307
59
198
183
326
144
86
323
364
262
29
379
189
50
388
166
243
233
62
199
147
18
86
103
362
360
221
309
159
182
359
350
209
209
194
146
110
167
326
159
89
331
247
131
72
15
182
100
322
243
191
73
199
84
317
195
263
235
353
52
247
285
136
210
50
388
338
121
121
46
304
371
369
251
247
366
351
61
112
63
166
398
267
309
2
355
172
188
128
278
142
71
231
139
255
212
113
90
202
206
147
209
65
344
6
0
304
203
297
258
127
15
253
172
143
175
57
383
135
330
227
316
372
7
38
70
286
207
179
224
382
384
330
321
260
299
171
83
321
168
298
128
302
43
43
116
102
110
263
166
3
26
87
232
46
42
165
91
164
215
353
182
197
188
138
381
355
324
390
205
116
117
110
232
201
370
41
172
69
338
238
200
382
68
298
109
351
194
291
333
133
331
184
31
346
375
180
24
164
398
46
325
31
53
386
186
162
45
56
72
388
83
164
89
277
21
208
8
278
165
393
363
395
241
124
276
283
343
25
243
281
49
268
28
77
61
107
170
268
134
352
248
210
293
360
244
304
131
96
219
346
274
120
182
273
59
68
282
281
331
74
15
82
84
310
306
364
383
123
46
351
11
271
183
252
246
225
312
105
348
125
28
132
110
138
135
293
262
236
229
250
308
379
177
299
142
160
211
68
229
226
317
52
74
53
371
368
134
89
37
359
287
145
83
112
49
229
7
98
99
157
189
354
36
379
69
142
84
313
61
233
98
394
86
257
72
128
364
186
394
385
51
33
359
250
271
171
326
15
136
367
264
133
242
257
177
82
196
28
141
151
195
250
270
118
54
96
268
176
214
27
171
247
2
91
170
202
369
41
128
118
256
390
78
223
108
387
358
145
162
82
11
210
361
24
231
333
83
154
13
316
119
237
153
330
125
22
307
391
28
145
250
188
254
51
222
331
283
146
229
310
8
320
18
327
44
292
212
42
77
80
258
82
213
205
125
193
131
87
117
246
380
356
209
187
321
152
183
9
103
131
396
30
368
6
215
380
59
59
359
194
367
156
61
267
248
286
24
245
201
380
161
304
7
253
116
6
255
109
20
7
21
284
31
380
157
339
241
45
138
7
182
394
276
39
318
49
185
365
65
298
362
160
326
312
189
386
79
333
193
331
43
229
12
180
57
138
139
106
385
192
216
62
218
178
163
79
273
112
142
251
133
28
399
161
352
132
12
294
221
70
108
109
261
46
392
146
343
345
339
158
276
200
18
167
202
100
48
123
233
43
108
49
134
14
5
186
260
7
217
190
193
370
120
37
257
28
196
281
373
90
40
132
156
144
372
58
317
205
282
172
257
243
65
218
56
95
266
50
93
302
38
137
241
229
77
179
16
220
207
385
62
264
196
75
296
23
323
153
369
219
211
251
356
353
69
99
149
342
336
195
54
92
166
34
277
298
267
200
381
220
214
123
43
183
367
251
184
235
233
138
27
20
108
142
37
186
328
140
270
280
212
135
303
240
248
395
242
316
186
326
3
182
161
24
243
141
224
349
316
251
124
303
106
7
383
376
164
119
157
286
291
331
166
200
39
189
152
32
216
260
37
86
39
257
179
347
28
260
70
132
97
205
258
24
396
248
22
202
225
272
109
67
378
174
350
114
328
74
55
302
192
37
205
74
161
310
270
137
277
169
346
41
76
96
371
139
355
106
123
313
334
167
276
94
233
116
382
178
321
399
300
218
51
327
176
130
164
293
163
36
15
263
58
83
219
370
230
192
203
399
0
84
214
25
145
56
142
323
9
220
53
38
216
301
164
202
222
259
67
390
135
348
73
81
222
298
205
243
118
0
207
94
358
58
166
165
136
2
130
170
67
378
354
267
395
38
359
234
125
129
110
221
92
220
389
308
218
273
212
116
356
283
367
273
40
239
397
151
143
48
37
331
8
81
324
29
251
242
34
195
188
378
211
295
108
217
325
132
115
387
249
102
86
192
339
156
143
68
234
14
293
360
384
115
316
349
123
180
102
367
316
197
67
53
320
330
21
49
48
177
86
163
312
157
40
203
365
178
13
122
303
167
90
315
111
63
189
283
65
375
53
286
277
137
253
72
283
300
182
150
78
259
169
153
125
124
291
118
165
239
254
166
179
338
378
126
302
70
389
363
264
383
209
330
175
164
77
337
19
204
147
383
199
141
303
290
301
86
209
121
192
381
249
330
92
127
189
326
108
132
181
30
174
171
208
227
159
68
106
307
180
230
109
306
83
211
322
67
166
105
206
107
141
67
375
205
227
360
29
153
103
184
330
72
118
291
2
284
234
382
5
82
195
171
302
150
341
368
79
339
343
177
231
153
257
258
46
108
91
3
115
5
146
290
177
299
21
93
100
233
272
106
46
13
228
217
185
215
88
385
84
229
204
114
72
39
3
310
171
247
7
177
212
132
264
47
183
2
127
239
394
203
139
45
18
230
145
388
254
124
152
394
387
301
366
159
390
111
158
217
387
269
108
357
14
49
155
34
179
302
255
280
367
35
116
276
379
213
77
181
48
148
141
11
242
112
49
95
159
116
57
387
153
59
248
77
291
137
228
130
162
156
346
332
250
75
91
293
275
322
121
375
219
116
255
39
312
67
318
261
17
215
188
166
163
41
387
9
295
114
310
223
13
50
108
299
351
8
42
18
15
207
337
348
48
286
210
64
247
84
280
124
33
334
340
385
146
337
371
227
41
181
201
62
234
198
317
355
109
160
95
303
330
251
175
191
33
2
36
75
169
312
8
251
394
95
93
235
305
11
83
252
56
318
83
101
384
39
270
336
379
22
220
303
16
106
171
130
156
186
13
372
275
67
123
171
220
339
298
0
87
0
22
398
13
82
307
220
113
61
221
63
380
250
201
99
213
16
84
399
148
80
188
306
358
342
315
389
47
379
153
323
119
52
376
278
188
291
197
231
49
199
70
183
114
36
49
246
127
180
47
92
360
353
238
270
245
125
227
67
124
284
246
293
74
186
286
225
302
112
387
132
240
53
43
389
15
164
87
295
90
89
350
243
307
97
52
92
41
245
209
142
263
204
53
14
327
22
40
334
324
332
393
103
322
289
146
304
130
20
84
16
194
350
98
30
223
107
15
181
117
136
117
294
366
284
149
39
224
121
216
7
29
244
96
218
126
320
292
369
13
298
29
45
119
89
370
87
298
334
37
153
89
10
137
204
230
394
189
375
108
228
258
283
72
382
24
90
324
255
42
172
398
8
376
312
246
167
189
378
77
350
141
83
28
399
306
225
26
339
365
205
339
89
245
383
62
386
163
382
313
107
115
348
32
273
36
263
78
328
42
42
325
212
375
135
56
280
33
116
354
133
165
34
198
46
265
279
367
162
328
77
189
163
132
311
316
161
45
365
238
363
303
354
326
2
314
281
390
375
148
321
121
327
43
155
276
187
6
293
382
316
99
248
263
120
6
85
75
222
136
163
238
294
247
158
46
390
36
280
229
185
100
134
368
386
145
327
2
216
359
80
370
34
98
115
51
103
283
282
219
126
17
154
353
178
164
192
239
324
317
146
147
197
232
289
83
362
89
395
167
264
70
11
180
325
312
214
64
252
73
36
0
72
112
278
371
338
117
283
232
77
346
323
360
204
150
347
356
283
102
334
195
303
306
310
319
215
147
311
271
109
353
377
350
57
117
207
295
197
44
200
98
278
38
76
218
29
346
27
27
16
223
209
206
71
205
190
17
23
164
378
287
229
264
9
348
72
345
17
17
371
333
254
63
33
227
327
23
298
217
175
370
51
108
316
166
107
237
208
325
259
129
366
164
129
285
188
273
290
348
254
250
34
85
375
140
351
56
150
65
32
18
286
143
1
365
197
15
210
366
71
246
166
127
367
204
171
149
58
348
40
381
172
52
233
149
289
256
144
188
138
30
221
288
201
167
70
390
318
238
57
71
169
250
374
224
23
217
215
53
29
51
179
301
94
105
83
150
158
7
97
219
165
72
321
252
370
107
131
387
75
65
229
127
149
193
350
393
384
88
304
315
384
220
121
36
10
379
330
395
128
92
113
292
14
77
65
364
68
362
223
321
74
145
163
10
227
284
7
98
178
277
196
20
183
172
327
220
336
272
1
75
221
180
390
25
23
374
371
228
54
97
102
282
215
87
89
307
137
61
241
27
88
280
291
4
365
124
172
178
291
156
15
398
202
270
10
234
233
2
170
143
282
237
42
85
6
284
342
326
165
344
202
235
93
388
243
391
36
157
80
202
14
166
26
260
158
150
38
179
271
98
232
329
182
90
296
183
224
173
175
387
267
285
363
41
262
48
89
113
239
316
373
353
224
50
121
160
141
389
349
197
118
81
29
279
87
64
177
176
29
322
37
31
178
138
186
185
167
6
164
124
359
239
78
382
24
31
89
121
68
16
49
108
369
288
256
51
340
209
246
168
302
79
71
118
396
308
298
124
330
15
184
114
195
241
16
389
109
246
43
185
26
14
380
234
225
174
58
367
8
293
322
398
94
179
340
287
233
382
345
52
373
222
239
333
361
372
82
104
50
371
34
144
27
168
182
11
77
235
174
205
174
59
271
386
71
276
284
369
205
4
50
22
379
29
294
54
275
66
44
231
244
106
172
173
124
269
359
99
334
7
107
371
327
48
361
228
56
217
69
204
187
183
265
93
238
221
346
352
297
27
40
359
124
301
10
192
371
372
171
42
94
271
289
336
59
154
278
379
161
343
37
239
7
15
61
260
306
55
59
246
258
140
236
148
386
181
112
30
210
159
291
57
230
144
129
191
348
387
380
232
106
292
30
88
363
263
338
6
175
208
291
70
224
268
64
8
64
399
314
64
211
352
164
27
244
208
73
261
85
284
389
50
303
15
105
208
69
118
38
133
33
397
199
316
115
307
316
309
336
378
207
106
144
354
310
342
129
119
73
192
316
203
348
56
5
40
338
230
54
327
340
303
41
126
144
137
366
51
384
366
208
131
39
177
308
328
47
362
122
193
215
256
371
69
214
58
369
109
82
17
83
172
356
82
178
164
170
291
144
18
239
173
356
341
285
183
54
359
160
111
225
387
143
202
218
186
248
251
18
58
69
377
232
153
277
83
29
394
116
81
380
299
275
314
215
147
46
40
338
322
33
3
252
378
123
291
224
107
179
212
214
322
390
35
67
326
398
226
130
371
355
17
242
257
234
258
372
203
380
57
174
354
315
62
388
198
32
139
66
341
271
65
101
355
152
220
12
324
209
149
203
213
286
114
236
242
335
85
358
2
0
322
396
144
386
161
143
230
232
385
52
325
153
24
150
18
220
147
130
128
287
383
294
305
29
137
259
333
87
370
144
393
143
241
268
35
163
8
31
275
24
144
388
259
183
275
40
376
192
176
107
169
5
183
82
207
89
27
140
379
311
353
224
383
138
347
321
264
78
108
57
20
99
273
33
119
40
129
263
241
285
356
346
77
44
247
299
88
187
365
268
177
13
277
395
40
370
24
164
203
141
176
188
60
272
181
238
111
239
399
264
399
346
172
373
22
355
104
65
261
228
226
56
258
376
292
79
219
121
305
273
274
353
11
61
209
149
225
192
27
80
88
21
228
360
340
31
152
234
130
132
378
32
363
95
313
118
133
274
228
359
168
231
162
131
354
36
45
288
104
158
212
225
60
74
375
71
15
274
187
290
283
35
380
243
330
210
296
145
46
299
243
146
360
196
94
42
147
52
81
114
372
353
302
231
98
107
3
33
51
298
174
257
352
163
161
185
224
349
180
5
109
281
262
103
385
397
109
116
359
97
29
212
171
210
29
117
201
153
188
50
289
233
353
53
44
189
217
179
55
40
174
381
261
138
265
380
22
147
84
282
288
136
17
3
30
372
0
384
366
334
302
61
354
244
1
47
57
385
134
365
238
41
323
143
180
359
390
316
101
236
222
11
299
389
174
249
223
302
126
121
166
183
220
124
249
201
382
257
76
109
305
283
16
179
18
373
276
170
267
239
33
163
193
274
301
118
345
82
215
201
1
347
227
230
308
140
353
277
315
339
112
233
307
313
227
305
371
171
22
40
30
295
397
251
325
217
319
239
188
194
121
243
259
192
71
210
243
140
248
234
312
68
377
248
289
103
122
397
293
116
10
326
207
61
319
229
254
229
241
170
199
54
285
111
209
175
368
235
324
116
255
188
108
206
105
387
334
206
68
133
258
105
256
165
292
384
387
68
396
153
151
2
199
262
262
168
70
275
175
93
245
328
78
338
393
2
121
324
207
46
153
87
343
111
308
43
330
94
280
171
293
99
44
315
278
217
176
165
176
18
388
203
380
176
4
300
340
21
282
153
71
249
58
334
94
347
38
275
82
166
7
140
53
234
317
178
224
210
359
92
229
77
389
41
219
349
10
145
323
371
167
306
41
36
151
99
369
363
210
148
352
289
376
194
117
113
90
257
302
212
201
34
182
275
86
245
102
301
212
356
273
267
388
125
129
35
220
301
79
326
212
334
31
44
136
52
354
137
2
5
244
82
388
78
45
77
35
370
318
220
78
241
330
97
88
243
99
153
143
58
196
31
11
181
130
362
198
371
306
88
94
331
381
229
109
391
40
38
160
310
269
375
10
205
339
134
282
237
350
176
303
270
27
6
131
295
112
310
218
235
251
242
197
274
263
321
23
126
156
371
18
140
80
261
364
75
175
25
28
54
112
305
209
195
371
82
384
399
379
142
172
367
370
336
237
70
220
378
201
347
210
113
140
391
391
62
37
382
54
213
55
79
8
301
54
147
162
112
371
132
255
334
242
283
6
134
240
130
340
271
251
382
1
332
354
51
365
399
105
311
25
143
161
2
188
180
142
99
319
231
246
366
278
286
204
381
201
49
116
382
42
72
14
369
153
208
142
228
278
367
221
19
29
240
365
32
379
235
172
170
234
63
240
36
145
287
27
23
255
137
266
129
164
191
240
237
387
320
128
52
176
150
275
6
154
94
278
149
15
38
363
373
311
127
74
255
385
217
11
321
34
78
109
111
61
298
252
246
243
383
258
216
26
335
119
82
210
191
248
130
255
78
240
54
104
202
24
197
50
40
367
380
82
310
91
8
267
327
29
295
3
167
145
158
142
360
102
126
166
283
146
335
298
212
83
86
143
47
44
292
245
67
112
385
139
193
372
209
53
295
244
105
142
74
391
306
284
117
23
313
263
60
48
75
224
346
348
312
95
131
215
147
118
180
165
396
354
310
219
282
87
44
309
355
56
67
362
209
28
358
256
224
219
393
194
141
259
289
394
178
52
284
109
385
291
42
278
356
265
172
201
23
350
39
128
144
211
71
78
89
118
186
284
362
21
245
26
129
50
54
301
156
383
98
224
274
244
329
87
214
81
148
140
127
371
233
387
95
248
157
269
194
158
203
173
103
124
308
286
286
94
254
270
125
143
48
226
126
334
256
175
134
262
306
53
24
262
88
335
190
132
40
53
126
240
159
354
279
331
250
316
42
304
144
369
291
150
373
363
391
55
233
178
64
171
321
282
24
227
85
321
16
183
41
77
164
174
311
330
149
345
162
126
38
195
19
382
377
201
254
280
62
146
170
139
234
175
343
249
291
292
359
47
260
360
133
97
216
264
74
279
191
145
238
340
238
353
322
376
254
105
150
273
356
266
124
227
134
310
172
27
356
267
334
337
251
370
373
329
299
27
53
391
305
333
363
353
126
98
61
322
153
388
135
327
380
298
109
77
121
125
184
256
237
199
173
167
322
360
369
343
160
235
140
282
254
346
291
226
391
189
216
19
253
75
382
21
338
137
280
322
69
161
147
152
348
225
22
227
276
4
275
195
255
389
124
16
219
173
170
58
348
19
138
336
264
20
308
380
45
354
322
145
234
313
381
130
289
306
193
203
165
287
115
137
112
242
265
225
283
43
38
179
135
27
273
93
176
182
262
304
308
255
123
233
42
24
352
41
318
235
105
183
166
337
5
354
122
70
0
283
213
243
183
10
11
301
327
15
292
351
259
161
161
368
343
18
133
236
336
102
375
248
54
16
2
174
294
336
118
298
69
261
34
58
154
118
221
339
190
134
1
122
37
289
306
338
358
66
266
190
59
21
125
302
27
181
286
53
2
244
327
186
232
39
80
349
248
340
389
325
212
296
97
289
349
247
284
259
191
12
157
255
286
201
339
29
190
286
296
218
206
316
332
23
267
149
204
255
91
93
379
121
23
28
276
288
27
17
357
144
49
51
272
196
282
352
262
23
228
276
130
41
338
158
26
129
195
342
312
256
84
203
155
253
43
82
16
46
197
281
42
304
250
286
172
376
6
385
371
88
198
104
192
218
34
77
169
306
149
87
179
137
12
203
390
172
5
53
134
132
224
233
38
106
146
331
11
90
54
146
125
22
305
47
243
64
78
383
80
326
16
108
4
84
264
80
301
278
342
366
261
267
117
268
170
331
125
179
101
126
268
41
188
186
60
278
107
2
45
224
293
353
129
56
350
292
159
44
286
277
252
19
61
334
73
142
214
154
286
293
181
217
127
190
269
399
138
240
230
266
14
302
95
208
100
218
111
335
326
149
295
86
177
282
258
166
329
364
265
66
213
77
83
27
348
378
244
398
236
187
11
332
258
37
261
86
170
297
75
53
114
397
53
330
257
46
256
36
198
386
305
115
78
66
398
144
389
277
332
17
161
209
5
161
200
7
260
59
272
84
205
103
59
195
395
209
383
147
342
182
380
336
127
178
301
156
225
331
58
149
151
244
244
8
247
278
117
85
192
326
253
384
187
182
346
109
92
399
65
212
360
341
385
396
334
160
335
100
345
148
55
382
205
40
87
328
21
398
87
350
306
2
58
271
387
389
392
57
167
214
297
199
276
41
335
309
103
147
65
201
133
313
327
50
148
4
198
261
393
315
84
192
274
277
110
186
379
16
333
249
144
23
246
345
325
271
140
307
334
67
222
399
125
247
11
388
242
264
60
305
238
395
391
232
272
392
341
356
284
93
241
121
124
215
12
370
277
261
164
132
204
350
385
249
346
39
23
306
306
273
16
307
206
233
9
59
267
365
26
139
364
157
77
111
85
263
369
203
391
366
378
359
234
351
192
108
61
237
165
257
78
50
143
51
169
273
340
12
193
143
193
8
240
292
311
150
335
325
172
21
151
143
156
327
351
332
212
277
82
14
117
222
345
300
48
211
70
253
37
352
102
76
150
124
98
139
375
108
176
277
381
46
22
392
334
41
355
46
247
148
285
48
6
181
345
70
286
295
91
37
308
231
212
390
26
387
358
163
85
185
342
331
75
6
286
108
169
334
124
143
205
220
219
181
264
70
269
300
193
271
101
202
358
274
6
382
237
5
206
50
49
269
6
181
192
293
24
70
164
160
7
353
76
253
313
104
252
17
264
246
29
220
6
75
379
106
99
325
380
64
154
164
1
244
142
255
23
300
99
237
263
14
140
29
347
271
87
398
208
188
315
16
390
353
378
63
14
351
52
211
63
396
109
210
286
234
1
38
18
69
270
296
353
229
227
64
243
337
299
346
338
269
139
353
308
276
124
6
253
129
219
362
396
151
220
113
278
77
240
155
78
110
373
41
144
174
72
191
348
19
184
103
37
313
205
124
143
278
305
259
247
310
202
183
196
360
304
15
172
12
71
112
141
255
219
45
57
383
188
326
67
57
308
220
213
378
308
161
34
105
7
138
252
151
65
74
17
307
143
120
258
229
75
50
19
215
58
225
18
163
14
37
362
40
353
398
238
393
130
300
147
289
324
286
280
373
384
26
146
212
51
7
360
392
45
45
19
11
183
363
27
31
28
264
388
380
358
123
352
329
71
340
292
299
157
365
14
94
276
263
153
284
268
10
27
391
378
330
103
212
330
119
257
270
170
388
148
8
125
326
316
79
99
346
114
16
325
133
222
291
150
240
372
14
385
268
11
76
102
367
378
274
212
243
295
244
241
346
161
91
41
129
290
32
118
345
169
159
58
197
90
255
254
103
380
365
96
265
374
75
199
130
249
236
49
294
134
160
78
44
391
93
287
151
74
398
244
177
49
99
251
260
372
15
170
128
202
134
23
350
352
124
31
368
170
44
217
269
40
310
302
4
175
12
366
105
358
119
81
178
202
250
11
51
364
30
237
390
57
143
307
69
21
318
284
290
368
304
133
257
17
211
391
311
92
69
116
102
350
60
21
365
285
180
171
138
20
374
119
259
69
321
94
349
87
14
399
361
163
388
243
145
72
342
265
369
139
153
232
12
302
315
168
112
333
147
359
243
15
326
353
336
248
378
234
238
334
70
138
40
125
172
357
362
218
236
72
240
208
109
381
120
196
40
11
154
270
379
331
55
39
309
114
240
127
119
34
66
377
378
235
151
391
206
53
160
330
186
365
20
295
394
66
195
175
363
152
300
44
199
97
109
312
62
139
13
4
14
198
214
31
186
141
303
0
297
254
313
241
326
370
230
393
278
286
332
193
285
135
305
88
289
104
338
323
284
260
39
340
26
319
245
237
274
256
210
373
106
396
143
99
260
160
209
8
343
139
370
59
27
103
26
315
41
223
324
149
7
393
212
174
186
66
109
306
354
289
353
109
215
310
121
54
281
51
105
320
397
171
336
132
121
227
390
221
32
327
64
298
85
378
362
0
206
12
88
220
191
74
19
64
262
332
255
258
75
119
296
116
303
12
277
270
83
379
82
118
218
328
302
290
225
219
145
120
159
299
275
120
229
146
396
255
220
148
95
12
35
145
204
136
389
288
345
394
43
261
66
336
107
110
54
300
182
353
126
28
151
140
147
9
307
49
229
15
379
229
125
217
268
30
218
228
81
323
144
35
376
261
51
385
223
130
190
76
306
224
250
313
21
109
212
85
249
161
389
5
333
235
153
264
45
158
259
187
222
327
379
194
0
303
269
175
395
166
175
19
136
297
109
35
5
109
342
30
180
60
276
10
396
302
139
242
52
174
350
191
238
387
25
336
93
280
197
311
169
49
46
114
200
143
140
236
240
217
179
153
391
60
69
387
36
245
157
38
358
87
143
316
27
270
77
189
364
157
156
147
173
353
36
192
51
235
127
316
167
37
211
286
365
267
91
353
39
209
283
278
230
162
97
268
390
19
93
65
156
60
342
62
344
340
115
377
115
220
273
67
365
219
164
170
294
15
388
18
98
268
389
360
16
137
192
354
91
129
53
394
238
245
79
76
298
378
188
135
41
218
14
306
303
247
301
252
134
52
10
262
237
68
382
74
273
209
358
153
182
105
171
47
368
153
214
106
387
106
71
197
14
71
32
62
246
68
351
78
203
92
215
49
315
340
6
386
284
364
341
365
193
248
24
81
2
5
291
317
145
14
264
280
116
51
388
184
381
371
299
252
309
235
113
43
192
8
68
167
375
192
317
104
87
18
337
26
38
308
41
5
159
193
212
224
334
285
140
173
11
305
300
301
68
292
202
122
203
352
352
127
164
174
142
376
101
369
104
90
292
152
35
293
267
394
385
288
238
139
199
119
31
237
228
329
172
382
335
1
31
164
187
114
28
319
303
326
269
391
385
153
81
323
103
118
43
282
274
126
378
133
214
254
292
20
218
365
52
49
27
182
303
178
1
75
230
356
246
332
204
38
194
8
32
105
0
280
113
343
149
287
281
331
170
227
319
15
1
252
202
346
140
222
172
316
94
205
23
399
92
262
27
173
174
172
117
198
58
191
376
29
14
205
222
106
255
11
315
310
50
244
107
164
290
289
45
245
344
23
293
103
373
254
37
115
100
341
90
285
326
41
382
265
298
88
104
358
185
380
2
149
350
238
393
37
88
218
230
391
159
206
52
311
47
174
65
92
184
193
33
155
178
360
281
336
398
199
0
312
352
123
34
285
182
288
309
101
329
234
262
176
45
208
201
109
262
109
235
321
239
87
146
312
98
16
83
24
296
262
302
158
399
221
316
45
180
249
160
295
126
164
247
42
136
165
293
63
252
387
359
104
303
190
282
92
109
160
19
322
307
226
201
158
253
149
88
184
357
292
257
37
249
172
38
383
8
117
117
247
149
350
338
208
75
346
340
115
165
175
299
232
358
286
338
396
274
227
203
149
25
97
25
158
342
101
36
272
275
186
200
394
233
28
251
264
70
224
192
299
327
46
209
67
380
319
367
228
228
198
148
55
388
190
245
316
363
205
353
399
313
178
148
44
154
355
356
250
370
73
304
344
88
278
229
137
271
323
166
253
104
193
316
333
258
110
140
92
166
260
196
248
250
252
160
65
107
259
311
241
8
361
376
327
31
178
147
212
80
260
384
376
91
181
207
374
313
94
271
272
324
376
255
21
251
13
91
291
199
249
4
174
213
227
130
332
130
207
29
339
106
213
171
206
239
146
253
127
27
126
282
245
59
374
193
373
358
215
89
169
47
99
259
385
283
26
390
173
395
378
95
174
92
142
262
187
355
296
391
36
282
303
361
290
243
240
43
212
149
31
6
395
384
310
231
32
178
54
330
164
283
288
144
274
97
276
111
89
278
291
98
397
358
232
342
82
46
181
43
2
123
143
110
70
390
135
116
104
165
368
174
221
201
383
301
176
231
254
123
33
201
249
141
236
200
264
217
261
109
351
333
143
191
1
71
267
139
393
80
372
323
245
182
65
360
141
4
87
132
324
125
134
161
8
183
310
318
45
303
235
219
282
33
27
53
136
126
334
348
306
366
139
39
159
262
329
235
186
275
92
51
3
74
96
246
391
323
376
216
299
59
218
290
74
125
21
144
115
48
110
225
179
65
387
67
331
17
393
197
29
80
35
215
316
365
396
329
180
63
314
343
52
232
83
387
118
256
382
42
91
206
73
135
303
37
176
349
108
356
40
148
223
54
340
217
281
103
226
239
76
103
56
88
251
188
97
94
190
93
134
72
37
161
396
281
132
349
195
398
213
299
221
306
265
58
257
74
213
113
94
155
181
215
365
233
50
356
2
383
193
334
222
219
21
154
77
200
372
108
128
57
317
104
48
122
43
97
174
395
146
98
14
49
268
209
269
225
380
50
42
390
389
90
253
137
33
84
358
309
2
333
116
49
181
18
203
133
174
355
212
173
150
40
303
340
151
264
214
185
46
335
82
37
353
233
229
306
362
24
14
374
68
397
248
242
36
245
29
132
202
337
289
362
285
192
29
169
120
63
339
183
309
77
78
104
335
308
147
316
255
59
245
307
140
271
54
101
140
315
269
129
236
369
172
299
50
269
23
85
64
359
59
130
174
139
28
172
157
2
336
170
220
126
309
325
43
93
84
8
40
120
183
29
133
204
196
79
334
244
238
273
319
6
287
333
390
294
156
254
157
115
121
82
245
298
273
23
112
46
176
248
185
374
37
112
124
278
2
373
337
245
206
209
135
188
353
140
95
242
24
398
19
143
305
210
76
52
393
375
238
300
180
356
121
115
371
215
44
145
174
249
147
192
70
379
34
350
223
371
96
177
43
389
308
113
230
56
151
23
16
225
89
394
6
188
6
237
24
247
70
240
6
198
264
375
92
210
135
231
333
109
380
368
259
169
201
180
246
352
305
67
25
165
321
300
295
161
274
186
79
63
64
269
207
137
69
259
87
264
228
278
298
190
259
79
12
131
310
68
82
83
236
302
345
75
230
316
386
281
61
268
248
142
221
180
174
34
60
367
373
11
237
380
240
360
38
378
133
322
334
77
270
92
326
144
346
289
244
369
165
32
113
109
232
359
5
68
301
59
362
143
85
394
246
318
399
307
102
81
141
26
233
24
201
128
18
334
390
260
225
256
232
104
93
224
183
264
199
359
336
179
43
336
14
382
312
262
105
126
262
295
137
358
10
311
17
370
134
237
173
272
262
90
205
219
361
146
132
60
180
63
2
360
194
141
289
280
148
56
80
105
312
84
215
187
118
79
86
356
225
101
104
201
390
304
267
261
61
117
273
221
105
383
123
311
116
57
231
151
254
339
147
196
114
23
251
133
140
86
9
241
6
262
184
58
117
336
183
246
377
234
34
221
287
330
15
193
228
354
56
143
72
329
114
11
27
292
393
337
205
248
131
351
54
92
295
145
53
369
109
396
363
349
246
370
315
336
17
70
354
384
0
311
215
71
208
240
307
371
377
153
166
342
154
24
333
55
72
149
187
283
202
303
117
39
230
84
286
49
267
2
245
321
54
171
91
168
197
361
360
371
226
232
305
375
385
289
263
136
339
202
373
353
30
377
325
11
41
273
55
308
89
10
268
290
38
304
139
186
53
374
87
37
301
59
71
204
12
330
63
88
52
312
56
197
7
65
234
176
289
161
347
301
370
168
304
33
10
148
175
365
104
55
200
183
353
207
308
232
169
38
59
55
205
164
87
367
232
304
196
365
243
39
203
98
181
340
253
245
90
338
246
352
128
3
112
168
292
190
30
60
310
38
94
87
184
330
121
146
246
164
87
182
36
121
37
118
383
59
399
146
15
375
106
93
324
360
1
263
253
185
230
307
150
194
183
140
162
329
71
299
183
11
103
335
162
328
372
302
398
264
101
375
143
127
68
40
59
42
234
346
6
201
284
399
83
222
399
396
262
41
301
398
150
276
169
266
111
270
285
201
103
258
198
34
99
116
87
391
398
234
32
287
116
99
53
220
70
269
113
319
75
264
39
87
2
190
20
153
262
290
136
398
298
213
126
152
64
139
205
44
280
37
242
252
285
52
125
212
268
399
251
204
222
27
190
16
331
176
160
75
240
309
229
216
186
116
270
171
356
1
44
62
280
14
284
315
370
24
221
280
156
97
30
204
296
19
398
348
271
65
288
88
296
276
39
395
147
120
215
1
268
265
39
152
386
302
318
384
387
94
143
269
239
78
188
363
124
391
127
213
261
396
239
307
371
235
68
211
177
244
157
332
252
206
354
179
235
254
101
329
315
285
245
307
307
283
237
0
229
79
235
220
224
118
180
205
242
27
192
5
392
224
112
317
160
230
308
193
309
30
199
155
390
346
240
162
153
306
153
325
79
226
79
230
350
125
297
11
172
172
142
4
48
272
309
193
189
292
147
295
212
174
254
326
12
281
230
226
256
155
101
157
232
290
15
34
167
347
66
59
248
10
380
285
37
172
135
63
390
28
270
87
116
51
49
234
165
24
325
130
295
330
349
78
230
297
138
244
316
153
10
257
140
276
384
26
47
362
8
198
11
225
41
370
346
40
198
247
144
258
7
71
283
97
36
161
15
219
87
224
345
227
156
250
124
115
36
248
361
102
109
161
225
154
238
99
380
203
397
207
186
137
328
124
16
155
174
7
201
383
168
258
74
164
167
295
267
155
211
274
304
223
162
297
28
313
46
236
197
3
280
69
58
213
74
137
140
247
12
316
104
139
273
286
251
321
205
319
68
1
380
142
140
4
23
358
126
42
335
13
269
13
229
43
307
392
55
304
366
169
331
53
204
369
239
279
151
42
281
10
396
101
280
385
208
244
229
130
110
181
271
372
264
88
139
301
16
147
293
88
68
1
248
281
90
214
311
163
385
30
365
172
141
194
275
82
357
70
179
204
363
316
84
49
376
87
332
233
303
328
130
109
342
192
338
202
175
16
286
18
380
214
167
79
234
237
36
201
242
229
194
216
169
221
252
111
220
193
273
193
15
148
145
313
313
215
241
22
27
124
219
264
0
220
385
302
158
292
133
172
123
20
38
49
236
332
143
351
80
346
395
380
94
213
92
192
190
208
243
158
193
119
199
163
317
9
161
87
283
246
92
196
322
200
103
67
161
102
13
2
84
146
49
237
229
334
173
257
108
173
40
186
39
382
126
356
44
162
123
312
11
277
50
270
39
316
267
73
123
304
169
217
187
379
51
120
154
363
125
135
79
42
32
254
27
41
392
231
141
306
44
124
16
54
57
372
69
93
99
34
331
247
217
338
53
40
63
88
58
59
234
342
68
245
302
108
170
169
156
50
197
200
308
230
296
301
345
92
277
72
75
336
11
200
396
268
196
134
79
367
236
279
333
198
31
372
30
374
227
366
163
215
142
373
306
302
397
139
49
294
147
252
254
243
203
88
379
172
187
115
232
74
248
236
262
392
281
270
38
384
149
128
81
332
212
172
36
302
352
341
231
93
348
241
1
307
19
379
196
16
2
40
166
14
331
135
232
201
391
284
113
111
217
235
51
100
352
149
364
378
72
51
250
285
128
119
373
188
351
389
43
338
256
103
26
306
191
207
46
301
291
307
69
29
395
335
353
285
283
45
367
288
125
281
139
154
34
212
55
151
321
382
332
339
182
70
64
196
129
229
301
258
370
209
318
258
268
97
348
42
17
381
236
182
106
125
183
310
304
288
108
84
108
49
378
23
325
386
6
132
154
164
85
305
5
261
97
310
248
280
273
144
204
244
151
108
288
138
251
277
229
387
103
160
399
75
313
88
330
240
126
183
202
390
120
396
324
96
399
255
22
17
92
125
4
353
165
79
101
156
280
34
308
347
217
62
248
205
332
116
10
126
381
81
339
218
4
18
120
311
374
375
115
130
398
192
287
187
115
291
62
302
352
360
30
226
152
298
262
0
294
51
35
0
215
301
129
31
257
148
375
329
43
104
240
299
75
182
313
301
25
202
223
67
31
309
17
387
137
392
394
57
303
188
252
399
306
62
212
344
188
174
381
267
297
227
391
280
303
156
113
147
99
41
280
227
355
89
213
60
386
212
302
146
35
123
384
227
185
77
95
69
84
331
16
82
200
367
0
140
204
34
339
106
188
228
358
235
65
242
324
186
157
356
174
240
275
114
219
292
25
11
381
69
61
224
304
9
327
330
359
349
3
70
94
80
15
115
389
226
1
167
200
260
80
385
342
231
243
49
335
302
12
27
205
67
200
80
218
335
269
266
257
1
366
15
235
233
316
321
294
186
206
311
72
245
248
150
215
24
23
261
234
215
20
138
136
87
223
171
35
167
64
150
70
225
206
392
28
126
238
369
83
210
359
281
151
177
223
88
195
237
130
275
16
229
175
306
392
305
161
228
68
60
168
163
389
77
282
336
141
145
4
224
273
4
232
7
358
187
105
360
31
378
37
251
68
7
338
253
216
356
358
340
225
35
56
215
141
36
16
355
103
143
82
75
363
140
361
327
169
197
224
254
252
239
337
56
134
274
166
204
325
28
291
205
14
92
399
240
129
130
32
45
356
235
304
186
312
158
372
302
370
22
226
365
394
363
197
363
186
7
282
219
139
140
131
279
149
156
78
342
276
319
1
278
306
68
208
139
64
361
180
8
117
170
60
354
345
242
234
197
247
93
54
23
52
70
211
28
45
313
359
0
283
263
67
104
226
140
399
131
231
22
166
134
182
355
347
127
399
7
220
72
134
373
79
329
299
32
103
283
356
396
245
218
369
202
395
395
151
378
84
252
256
294
189
46
385
71
75
336
126
301
9
135
160
20
272
280
358
378
377
282
390
334
221
259
380
69
311
84
329
363
316
363
104
193
242
353
54
132
141
55
34
388
148
128
257
224
219
94
256
285
255
390
131
317
333
204
46
79
360
294
262
179
257
267
133
395
299
17
254
172
285
281
106
239
339
261
260
284
358
359
356
202
87
49
290
268
364
282
327
262
23
256
0
345
329
17
7
53
38
322
2
197
77
285
257
54
282
301
382
154
33
99
3
170
295
77
383
106
215
375
234
301
157
327
32
70
365
266
346
151
38
241
265
365
299
10
101
62
319
285
47
283
334
283
340
34
5
52
220
65
104
270
255
92
74
65
214
283
390
292
195
336
341
322
360
78
138
201
68
346
370
238
240
339
209
262
212
221
121
149
284
351
138
144
74
188
149
318
291
308
167
204
50
75
148
57
315
339
57
181
268
305
268
335
250
365
152
393
177
179
242
143
221
275
280
358
240
107
84
257
352
274
327
246
237
207
11
132
295
343
242
1
323
111
392
68
76
370
349
75
72
352
43
32
297
20
366
10
165
278
95
264
327
222
158
27
2
85
278
240
0
180
398
189
138
23
269
349
225
223
104
334
251
309
102
264
373
292
175
103
132
352
119
177
145
176
181
42
263
25
182
202
187
383
156
234
377
304
82
259
85
161
290
334
275
121
6
364
377
53
325
237
75
32
306
0
60
333
389
368
16
52
235
375
190
275
78
84
84
53
251
230
311
29
42
235
80
279
355
212
195
285
12
145
204
194
172
68
83
89
380
228
61
348
89
399
233
76
159
205
14
316
261
38
7
357
38
203
78
144
34
361
264
109
245
11
181
322
350
237
6
342
302
94
179
152
283
35
0
221
17
334
94
277
118
107
253
385
324
80
312
276
398
231
116
208
286
387
229
176
199
130
242
153
278
180
265
305
49
69
196
398
395
380
248
337
67
325
98
101
101
157
59
132
359
199
40
262
235
158
274
247
76
198
25
369
215
289
260
80
18
382
187
240
248
50
324
120
334
391
251
262
41
188
307
223
312
2
111
166
66
50
200
336
64
391
27
391
32
1
68
300
311
339
339
125
235
283
101
367
213
379
109
134
166
248
161
384
115
219
213
64
163
123
112
295
211
58
113
87
105
167
261
14
367
292
156
188
5
126
32
280
325
199
216
241
65
104
386
35
57
46
252
82
37
210
170
385
293
235
177
233
380
56
160
354
319
329
316
254
203
54
327
122
286
76
398
186
94
318
142
167
233
393
350
112
132
43
13
221
338
64
107
290
173
388
137
202
10
325
335
48
91
338
239
248
159
265
107
352
143
339
306
180
174
272
103
170
93
167
35
11
127
147
331
201
45
82
286
244
372
127
209
24
364
256
371
208
60
92
9
147
309
243
6
71
366
281
292
150
259
308
235
204
18
267
98
239
341
135
182
337
369
390
188
108
143
279
218
43
214
172
387
128
179
239
214
255
254
341
162
291
339
109
75
98
323
372
357
166
312
87
388
256
147
207
22
346
153
326
375
369
177
241
124
321
214
135
36
126
265
99
103
84
103
104
80
346
173
213
103
146
131
37
271
254
181
103
117
202
302
250
46
68
93
50
394
354
360
256
252
111
35
331
389
296
285
170
329
217
139
146
294
115
368
156
242
281
62
393
226
395
393
26
394
10
133
273
354
196
89
26
37
187
382
285
264
128
327
173
88
107
394
37
83
253
25
140
352
312
305
152
373
194
265
223
40
6
192
60
285
316
189
29
290
90
175
74
80
0
378
187
389
301
302
153
22
142
324
228
349
302
36
205
44
155
78
251
118
52
96
43
355
205
135
62
390
157
243
322
307
209
261
18
319
60
240
66
208
211
247
380
259
77
301
236
262
333
52
219
367
24
262
262
345
133
134
80
319
52
240
392
177
364
145
322
77
65
36
149
223
283
125
277
141
238
4
102
116
264
61
170
87
373
284
363
326
380
358
334
242
172
23
322
365
77
199
242
12
11
227
365
46
384
263
307
219
331
207
233
304
15
358
1
176
205
58
288
15
2
376
49
183
187
358
144
324
337
172
84
52
368
125
177
179
210
292
188
150
91
240
134
231
92
33
294
380
147
108
249
312
232
48
88
104
262
256
70
30
11
312
399
203
350
42
283
78
99
257
369
213
0
116
352
366
55
233
31
113
203
103
369
390
369
77
164
232
26
144
273
333
315
246
138
223
346
209
30
2
382
363
118
68
46
112
216
86
315
117
217
155
309
274
58
219
79
112
163
346
288
378
5
378
172
219
192
94
287
24
119
108
248
138
143
111
32
26
260
284
192
190
8
76
6
22
115
157
182
124
92
356
265
286
115
188
241
193
34
346
15
52
109
307
210
331
331
107
51
388
371
201
321
353
78
253
148
376
241
303
352
177
230
239
33
369
96
209
140
23
339
43
283
354
112
36
104
23
225
155
168
353
190
209
18
303
288
14
139
226
364
41
18
180
387
316
375
45
329
140
25
35
130
38
84
388
77
239
61
289
156
306
18
316
67
388
19
140
40
308
87
88
249
249
200
160
31
355
346
365
135
398
194
215
382
41
339
246
213
377
81
50
65
303
254
276
233
310
162
303
6
0
193
345
296
347
82
28
74
375
281
294
0
382
126
68
391
95
353
149
277
21
132
78
315
372
72
349
345
112
385
127
338
193
249
27
209
355
336
293
243
118
37
310
378
59
151
265
21
106
183
159
193
244
372
212
344
135
70
368
224
286
350
206
248
0
275
213
318
199
219
325
68
278
179
304
196
139
202
52
79
360
349
357
389
394
187
284
264
1
340
51
379
234
75
205
77
374
16
133
394
228
246
46
321
228
182
105
217
242
166
125
230
179
192
172
245
124
169
55
250
151
249
117
147
167
398
345
249
220
101
95
289
84
382
82
289
252
396
243
236
229
387
283
71
0
153
129
229
260
10
279
327
50
20
98
79
162
249
310
218
172
186
245
302
70
202
393
167
270
133
336
249
60
334
172
97
174
314
55
360
326
217
226
298
98
270
20
165
365
198
322
74
72
21
45
32
358
242
174
12
101
312
344
354
254
203
232
355
249
13
185
268
279
236
165
318
193
393
104
383
302
193
16
382
231
376
354
353
167
167
124
137
89
221
116
283
106
53
123
64
5
373
390
63
353
267
380
79
181
189
99
163
399
182
51
340
301
27
125
252
167
147
105
298
20
346
274
211
41
301
17
190
174
235
191
213
330
54
361
79
116
340
252
129
386
308
228
171
69
30
86
138
361
142
145
396
328
140
11
208
44
300
14
274
374
27
242
192
86
142
203
322
315
51
99
293
29
293
64
282
285
356
299
52
172
150
394
275
254
94
136
379
112
121
248
352
205
192
155
313
128
324
30
283
353
224
236
203
11
14
321
163
354
213
163
253
367
333
65
68
212
81
100
276
388
346
270
35
140
105
140
339
45
23
111
8
52
30
335
177
186
19
216
53
312
329
345
242
312
27
90
134
248
365
157
29
218
393
222
84
283
22
43
229
308
153
225
41
149
358
59
36
363
45
72
259
258
232
169
144
279
44
329
318
83
1
169
83
147
11
360
301
223
21
391
49
31
343
88
306
224
149
135
191
336
61
256
272
389
149
3
170
27
41
327
308
119
288
365
99
375
219
56
290
338
123
187
382
218
143
228
354
16
352
225
378
398
322
138
32
75
392
203
203
47
323
242
236
71
226
35
94
320
335
28
276
108
93
295
127
32
282
106
60
12
333
66
278
209
399
373
269
317
118
202
131
289
31
280
208
396
230
193
23
187
188
250
221
296
314
11
360
336
91
115
215
125
183
44
257
200
169
346
79
241
180
298
382
16
348
227
97
167
140
38
54
299
229
222
227
224
255
286
10
67
124
84
87
181
248
190
357
215
69
287
186
389
320
325
78
73
79
206
280
310
156
110
249
173
114
363
161
131
325
265
163
130
27
137
250
139
78
352
103
386
210
200
2
216
245
351
39
250
77
270
273
15
377
182
267
153
329
236
133
156
20
223
161
67
147
380
381
65
17
5
51
215
361
322
134
152
98
16
163
127
220
84
59
246
168
371
206
323
42
140
183
103
95
359
45
228
45
283
276
217
332
56
346
295
28
48
47
157
106
256
56
152
93
256
72
285
91
307
19
113
358
188
115
90
293
172
178
30
8
330
300
174
379
318
149
368
309
222
312
254
136
322
225
214
76
304
143
278
362
368
180
193
32
118
116
313
58
341
3
261
148
340
199
164
115
41
385
56
253
353
47
148
307
145
6
91
330
343
56
284
277
128
74
115
188
33
250
262
8
188
256
287
22
297
34
295
42
201
70
16
299
262
123
325
398
99
330
225
207
68
379
255
143
67
336
53
296
216
298
247
189
19
155
84
217
324
173
278
2
88
42
385
199
251
226
376
341
372
19
394
69
291
253
23
64
126
333
367
266
49
16
149
205
334
160
77
88
244
287
206
399
306
213
56
334
57
360
107
41
188
316
35
89
220
232
335
337
28
373
162
103
399
163
45
208
247
89
101
237
393
334
50
220
226
110
105
300
177
220
211
12
153
389
220
99
213
252
366
341
132
251
200
341
81
18
255
398
207
334
52
41
14
317
190
310
218
200
79
269
327
26
146
48
275
147
133
25
88
193
274
280
223
334
227
286
366
0
150
19
371
309
125
356
282
95
257
180
334
155
394
279
35
27
128
328
391
67
303
64
342
364
241
322
260
245
309
284
79
129
223
76
70
77
229
132
380
310
273
318
66
253
220
367
278
8
303
116
275
307
14
24
149
183
360
376
267
62
140
351
30
271
226
360
68
84
247
164
199
148
395
114
13
363
40
2
166
112
2
396
278
338
53
129
6
16
142
170
208
83
16
162
355
28
248
172
383
46
193
152
141
1
346
365
219
229
216
282
390
99
83
60
342
257
336
92
56
204
130
176
120
304
17
175
271
387
13
126
262
310
27
146
103
165
25
30
167
385
11
353
201
305
60
347
53
308
333
267
189
303
182
378
106
372
348
25
262
348
208
16
141
258
118
208
52
279
315
354
140
327
248
65
317
83
180
252
146
42
95
64
147
377
231
53
390
288
317
127
1
290
69
346
110
146
244
339
45
235
375
307
313
321
186
395
133
30
96
101
349
200
201
254
208
205
87
69
215
70
39
273
79
14
326
364
357
190
389
77
312
318
267
108
315
49
164
197
279
86
102
370
112
49
31
390
244
363
9
304
19
152
230
284
68
311
398
132
105
169
77
276
211
31
232
99
347
220
158
227
166
148
202
330
296
301
374
385
306
51
353
89
332
255
288
29
36
391
243
242
337
389
120
214
147
31
261
290
292
180
26
226
145
149
179
148
225
378
246
81
203
150
180
264
352
333
76
282
253
143
288
99
104
199
69
210
199
277
145
102
14
369
16
